Date Time,PM2.5,O3,AMB_TEMP,CH4,CO,NMHC,NO,NO2,NOx,PM10,RAINFALL,RH,SO2,THC,WD_HR,WIND_DIREC,WIND_SPEED,WS_HR,DAY_OF_YEAR,HOUR,WEEKDAY,MONTH
01.01.2019 01:00:00,7.0,44.0,16.9,0,0.16,0,0.9,0.9,1.9,33.0,1.0,94.0,2.2,0,46.0,46.0,7.3,6.9,0,1,1,1
01.01.2019 02:00:00,6.0,44.0,16.9,0,0.17,0,0.9,0.6,1.5,22.0,0.8,93.0,1.8,0,49.0,45.0,6.7,9.1,0,2,1,1
01.01.2019 03:00:00,10.0,45.0,16.9,0,0.18,0,0.9,0.7,1.6,30.0,0.6,93.0,1.8,0,48.0,47.0,8.7,7.6,0,3,1,1
01.01.2019 04:00:00,9.0,44.0,16.9,0,0.18,0,0.9,0.6,1.5,32.0,0.8,92.0,1.8,0,46.0,48.0,9.0,7.6,0,4,1,1
01.01.2019 05:00:00,7.0,44.0,17.1,0,0.18,0,0.9,0.7,1.6,29.0,1.2,92.0,2.0,0,41.0,38.0,6.2,6.9,0,5,1,1
01.01.2019 06:00:00,7.0,44.0,16.7,0,0.19,0,0.7,0.8,1.5,26.0,0.6,93.0,1.7,0,44.0,44.0,6.7,7.0,0,6,1,1
01.01.2019 07:00:00,10.0,43.0,16.9,0,0.19,0,0.8,1.1,1.9,30.0,0.6,91.0,2.0,0,47.0,47.0,9.4,7.8,0,7,1,1
01.01.2019 08:00:00,9.0,43.0,17.1,0,0.2,0,1.0,1.0,2.0,27.0,1.2,91.0,1.8,0,47.0,49.0,9.4,8.2,0,8,1,1
01.01.2019 09:00:00,7.0,44.0,16.9,0,0.21,0,0.8,0.9,1.7,24.0,0.4,90.0,1.8,0,48.0,47.0,9.4,9.6,0,9,1,1
01.01.2019 10:00:00,10.0,44.0,17.0,0,0.21,0,0.9,1.3,2.2,32.0,0.4,91.0,1.9,0,48.0,48.0,9.0,8.7,0,10,1,1
01.01.2019 11:00:00,11.0,44.0,16.9,0,0.22,0,0.7,1.3,1.9,29.0,0.2,90.0,1.7,0,47.0,45.0,6.6,8.3,0,11,1,1
01.01.2019 12:00:00,8.0,44.0,16.9,0,0.21,0,1.1,1.2,2.3,29.0,0.4,89.0,1.7,0,48.0,45.0,7.5,8.3,0,12,1,1
01.01.2019 13:00:00,8.0,44.0,16.7,0,0.23,0,1.0,1.7,2.7,35.0,0.8,92.0,1.7,0,46.0,46.0,7.8,7.2,0,13,1,1
01.01.2019 14:00:00,11.0,44.0,16.6,0,0.23,0,0.9,1.7,2.7,30.0,1.0,93.0,1.8,0,47.0,47.0,8.1,7.6,0,14,1,1
01.01.2019 15:00:00,10.0,45.0,16.5,0,0.22,0,0.9,1.2,2.0,27.0,0.4,93.0,1.7,0,49.0,47.0,7.6,8.7,0,15,1,1
01.01.2019 16:00:00,9.0,44.0,16.7,0,0.22,0,1.2,2.3,3.5,32.0,0.8,94.0,1.8,0,43.0,38.0,5.9,6.5,0,16,1,1
01.01.2019 17:00:00,10.0,45.0,16.7,0,0.21,0,1.4,1.9,3.3,36.0,0.2,92.0,1.8,0,45.0,44.0,7.4,7.1,0,17,1,1
01.01.2019 18:00:00,7.0,46.0,16.9,0,0.2,0,1.0,0.9,1.9,28.0,0.6,91.0,1.7,0,51.0,56.0,8.2,8.9,0,18,1,1
01.01.2019 19:00:00,8.0,46.0,17.0,0,0.2,0,0.7,1.0,1.7,26.0,0.8,90.0,1.9,0,51.0,51.0,10.0,9.8,0,19,1,1
01.01.2019 20:00:00,10.0,47.0,17.0,0,0.2,0,0.5,1.0,1.5,28.0,0.4,90.0,1.7,0,49.0,49.0,9.6,9.3,0,20,1,1
01.01.2019 21:00:00,9.0,46.0,16.7,0,0.19,0,0.7,1.0,1.7,28.0,1.0,91.0,1.9,0,49.0,49.0,8.3,8.2,0,21,1,1
01.01.2019 22:00:00,7.0,47.0,16.8,0,0.19,0,0.7,0.7,1.4,23.0,1.4,93.0,1.7,0,49.0,44.0,8.7,9.6,0,22,1,1
01.01.2019 23:00:00,4.0,48.0,16.6,0,0.19,0,0.8,0.6,1.4,17.0,1.0,92.0,1.7,0,49.0,49.0,11.0,10.0,0,23,1,1
01.01.2019 24:00:00,5.0,47.0,16.8,0,0.18,0,0.8,0.8,1.6,23.0,1.0,92.0,1.8,0,49.0,48.0,9.8,9.4,0,24,1,1
02.01.2019 01:00:00,6.0,47.0,16.8,0,0.18,0,0.8,0.5,1.4,18.0,0.4,91.0,1.4,0,50.0,48.0,9.7,10.0,1,1,2,1
02.01.2019 02:00:00,5.0,47.0,16.8,0,0.16,0,0.4,0.4,0.8,28.0,0.2,92.0,1.2,0,47.0,45.0,7.3,7.9,1,2,2,1
02.01.2019 03:00:00,7.0,47.0,16.8,0,0.18,0,0.9,0.5,1.4,22.0,0.8,92.0,1.1,0,49.0,49.0,11.0,9.3,1,3,2,1
02.01.2019 04:00:00,7.0,46.0,17.0,0,0.18,0,0.7,0.6,1.2,28.0,0.6,90.0,1.1,0,48.0,48.0,9.3,8.6,1,4,2,1
02.01.2019 05:00:00,7.0,46.0,17.3,0,0.18,0,0.8,0.5,1.3,25.0,0.2,88.0,1.3,0,52.0,59.0,6.8,8.4,1,5,2,1
02.01.2019 06:00:00,8.0,46.0,17.4,0,0.19,0,0.7,0.6,1.3,19.0,0.8,90.0,1.2,0,51.0,51.0,8.6,8.7,1,6,2,1
02.01.2019 07:00:00,9.0,45.0,17.3,0,0.19,0,0.6,0.9,1.5,32.0,1.8,91.0,1.3,0,49.0,47.0,10.0,8.8,1,7,2,1
02.01.2019 08:00:00,9.0,43.0,17.3,0,0.2,0,0.9,1.5,2.4,21.0,1.4,92.0,1.3,0,47.0,51.0,8.1,7.4,1,8,2,1
02.01.2019 09:00:00,9.0,43.0,17.3,0,0.2,0,0.8,2.1,2.9,24.0,1.2,91.0,1.3,0,51.0,52.0,9.4,8.5,1,9,2,1
02.01.2019 10:00:00,7.0,45.0,17.3,0,0.2,0,0.6,1.3,1.9,20.0,0.8,90.0,1.2,0,52.0,52.0,8.3,8.8,1,10,2,1
02.01.2019 11:00:00,7.0,45.0,17.5,0,0.21,0,0.8,1.7,2.6,21.0,0.4,90.0,1.2,0,58.0,57.0,7.3,6.4,1,11,2,1
02.01.2019 12:00:00,8.0,44.0,17.5,0,0.22,0,1.0,2.0,3.0,26.686,0.4,89.0,1.3,0,60.0,74.0,5.1,6.2,1,12,2,1
02.01.2019 13:00:00,2.0,42.0,17.6,0,0.22,0,1.1,2.5,3.6,18.0,0.2,89.0,1.3,0,62.0,63.0,5.0,4.7,1,13,2,1
02.01.2019 14:00:00,5.0,42.0,17.7,0,0.23,0,1.0,3.2,4.1,38.0,0.4,90.0,1.3,0,61.0,53.0,6.1,4.7,1,14,2,1
02.01.2019 15:00:00,7.0,45.0,17.9,0,0.22,0,0.8,1.2,2.0,34.0,0.2,89.0,1.4,0,53.0,52.0,7.3,6.9,1,15,2,1
02.01.2019 16:00:00,9.0,44.0,18.4,0,0.22,0,0.7,1.4,2.0,35.0,0.8,87.0,1.4,0,51.0,51.0,8.5,7.6,1,16,2,1
02.01.2019 17:00:00,9.0,45.0,18.3,0,0.21,0,0.6,1.1,1.7,35.0,1.8,90.0,1.4,0,50.0,50.0,8.1,7.9,1,17,2,1
02.01.2019 18:00:00,7.0,44.0,18.4,0,0.21,0,0.7,1.5,2.2,36.0,0.8,90.0,1.3,0,51.0,52.0,7.5,7.6,1,18,2,1
02.01.2019 19:00:00,7.0,42.0,18.8,0,0.2,0,0.7,3.6,4.3,35.0,1.8,90.0,1.5,0,52.0,53.0,6.1,6.6,1,19,2,1
02.01.2019 20:00:00,7.0,44.0,18.9,0,0.19,0,0.6,0.9,1.5,37.0,1.4,91.0,1.3,0,51.0,50.0,8.5,7.5,1,20,2,1
02.01.2019 21:00:00,9.0,43.0,18.7,0,0.19,0,0.7,0.9,1.6,29.0,1.8,92.0,1.2,0,50.0,49.0,8.9,9.2,1,21,2,1
02.01.2019 22:00:00,7.0,43.0,18.4,0,0.19,0,0.7,1.4,2.1,27.981,1.2,92.0,1.5,0,49.0,47.0,6.6,8.4,1,22,2,1
02.01.2019 23:00:00,5.0,44.0,18.2,0,0.18,0,0.7,0.9,1.6,27.986,2.6,94.0,1.3,0,48.0,47.0,6.8,6.8,1,23,2,1
02.01.2019 24:00:00,7.0,44.0,18.1,0,0.19,0,0.7,0.9,1.6,27.989,2.0,95.0,1.2,0,46.0,40.0,4.6,5.9,1,24,2,1
03.01.2019 01:00:00,6.0,44.0,18.1,0,0.19,0,0.6,1.0,1.6,27.993,4.2,95.0,1.4,0,37.0,36.0,4.6,4.7,2,1,3,1
03.01.2019 02:00:00,7.0,45.0,18.1,0,0.21,0,0.6,1.3,1.9,27.993,2.8,95.0,1.8,0,43.0,45.0,5.4,5.0,2,2,3,1
03.01.2019 03:00:00,7.0,44.0,18.1,0,0.21,0,0.6,1.4,1.9,27.993,1.0,95.0,1.6,0,39.0,41.0,4.6,4.2,2,3,3,1
03.01.2019 04:00:00,2.0,44.0,17.9,0,0.22,0,0.5,1.4,1.8,27.993,2.4,95.0,1.8,0,33.0,39.0,5.5,4.4,2,4,3,1
03.01.2019 05:00:00,4.0,45.0,18.0,0,0.23,0,0.5,1.4,1.8,27.993,2.6,93.0,1.6,0,34.0,23.0,6.7,4.5,2,5,3,1
03.01.2019 06:00:00,4.0,45.0,18.1,0,0.24,0,0.5,1.5,2.0,27.993,3.4,94.0,1.6,0,38.0,42.0,5.5,5.0,2,6,3,1
03.01.2019 07:00:00,3.0,43.0,18.1,0,0.26,0,1.0,2.8,3.8,27.993,3.0,94.0,1.6,0,43.0,44.0,5.7,5.4,2,7,3,1
03.01.2019 08:00:00,3.0,43.0,18.2,0,0.27,0,1.0,1.9,2.9,27.993,3.2,93.0,1.5,0,49.0,50.0,5.4,6.3,2,8,3,1
03.01.2019 09:00:00,5.0,42.0,18.2,0,0.28,0,0.9,2.5,3.4,27.993,3.4,93.0,1.7,0,53.0,55.0,6.4,5.9,2,9,3,1
03.01.2019 10:00:00,5.0,40.0,18.5,0,0.28,0,1.2,3.5,4.7,27.993,0.8,91.0,1.7,0,52.0,51.0,7.1,6.2,2,10,3,1
03.01.2019 11:00:00,6.0,40.0,18.5,0,0.29,0,1.2,3.9,5.1,27.993,0.2,91.0,1.8,0,57.0,54.0,5.3,4.7,2,11,3,1
03.01.2019 12:00:00,7.0,40.0,18.5,0,0.32,0,1.2,3.5,4.6,27.993,2.8,95.0,1.6,0,47.0,47.0,4.2,4.4,2,12,3,1
03.01.2019 13:00:00,7.0,42.0,18.3,0,0.32,0,0.9,2.2,3.1,27.993,1.6,96.0,1.7,0,51.0,51.0,6.6,6.7,2,13,3,1
03.01.2019 14:00:00,6.0,42.0,18.5,0,0.33,0,1.0,3.2,4.3,27.993,1.0,96.0,1.6,0,51.0,50.0,6.3,5.8,2,14,3,1
03.01.2019 15:00:00,8.0,42.0,18.6,0,0.33,0,0.8,2.9,3.7,27.993,0.4,95.0,1.7,0,52.0,51.0,5.3,5.1,2,15,3,1
03.01.2019 16:00:00,7.0,42.0,18.5,0,0.34,0,0.7,2.4,3.2,32.0,1.0,95.0,1.7,0,49.0,36.0,4.0,5.2,2,16,3,1
03.01.2019 17:00:00,7.0,41.0,18.6,0,0.34,0,1.1,3.8,4.9,37.0,1.8,96.0,1.7,0,47.0,51.0,6.6,4.8,2,17,3,1
03.01.2019 18:00:00,9.0,41.0,18.6,0,0.32,0,0.9,3.5,4.5,27.0,0.4,96.0,1.8,0,58.0,63.0,4.2,5.0,2,18,3,1
03.01.2019 19:00:00,9.0,42.0,19.1,0,0.32,0,0.8,2.0,2.8,39.0,1.6,95.0,1.8,0,54.0,55.0,5.5,5.0,2,19,3,1
03.01.2019 20:00:00,4.0,41.0,19.4,0,0.31,0,0.8,2.6,3.4,38.0,1.0,93.0,1.7,0,54.0,53.0,6.1,5.0,2,20,3,1
03.01.2019 21:00:00,4.0,41.0,19.8,0,0.3,0,0.7,2.7,3.4,37.0,0.4,91.0,1.8,0,54.0,51.0,5.5,5.4,2,21,3,1
03.01.2019 22:00:00,8.0,41.0,20.0,0,0.29,0,0.9,2.3,3.2,37.0,0.2,91.0,1.7,0,64.0,66.0,4.1,4.1,2,22,3,1
03.01.2019 23:00:00,7.0,38.0,20.3,0,0.29,0,0.8,4.9,5.7,44.0,0,91.0,2.4,0,69.0,69.0,2.4,3.0,2,23,3,1
03.01.2019 24:00:00,7.0,41.0,20.7,0,0.27,0,0.7,2.1,2.8,20.0,0.6,92.0,1.6,0,72.0,78.0,2.1,2.3,2,24,3,1
04.01.2019 01:00:00,7.0,42.0,20.9,0,0.25,0,0.4,1.4,1.8,29.0,0.6,92.0,1.5,0,110.0,132.0,2.6,1.7,3,1,4,1
04.01.2019 02:00:00,5.0,43.0,21.1,0,0.23,0,0.5,0.9,1.4,23.0,0.4,91.0,1.7,0,116.0,104.0,1.8,1.9,3,2,4,1
04.01.2019 03:00:00,6.0,40.0,21.2,0,0.22,0,0.4,2.7,3.1,25.0,0.2,91.0,1.6,0,115.0,105.0,2.5,2.1,3,3,4,1
04.01.2019 04:00:00,5.0,42.0,21.0,0,0.21,0,0.2,1.1,1.3,21.0,0.4,93.0,1.7,0,113.0,125.0,2.5,2.6,3,4,4,1
04.01.2019 05:00:00,2.0,37.0,21.2,0,0.19,0,0.5,3.0,3.5,4.0,0,92.0,3.5,0,175.0,161.0,2.1,1.1,3,5,4,1
04.01.2019 06:00:00,3.0,33.0,21.0,0,0.21,0,0.5,4.5,4.9,10.0,0,92.0,3.0,0,146.0,217.0,0.8,0.8,3,6,4,1
04.01.2019 07:00:00,4.0,25.0,20.8,0,0.26,0,1.5,8.9,10.0,11.0,0.2,95.0,2.2,0,205.0,257.0,1.0,0.5,3,7,4,1
04.01.2019 08:00:00,2.0,23.0,21.1,0,0.32,0,2.1,12.0,14.0,8.0,0.4,95.0,2.5,0,183.0,175.0,1.1,0.9,3,8,4,1
04.01.2019 09:00:00,5.0,14.0,21.2,0,0.43,0,7.4,17.0,25.0,25.0,0,96.0,3.8,0,209.0,210.0,1.2,0.9,3,9,4,1
04.01.2019 10:00:00,9.0,30.0,22.6,0,0.27,0,2.3,8.7,11.0,25.0,0,93.0,3.1,0,68.0,65.0,2.6,0.9,3,10,4,1
04.01.2019 11:00:00,14.0,35.0,22.9,0,0.21,0,2.9,7.4,10.0,70.0,0,87.0,2.4,0,24.0,357.0,1.4,1.3,3,11,4,1
04.01.2019 12:00:00,13.0,36.0,25.4,0,0.22,0,1.9,4.5,6.4,22.0,0,74.0,2.1,0,94.0,91.0,3.8,2.0,3,12,4,1
04.01.2019 13:00:00,7.0,38.0,27.5,0,0.21,0,1.3,3.3,4.5,6.0,0,64.0,2.0,0,154.0,189.0,2.7,2.5,3,13,4,1
04.01.2019 14:00:00,11.0,41.917,25.1,0,0.34,0,1.7,11.0,13.0,45.0,0,75.0,3.7,0,322.0,335.0,3.1,3.5,3,14,4,1
04.01.2019 15:00:00,6.726,50.0,23.9,0,0.0,0,0.207,0.858,1.487,27.647,0.361,79.0,0.209,0,46.0,65.0,1.8,1.9,3,15,4,1
04.01.2019 16:00:00,28.0,45.0,22.5,0,0.44,0,2.1,23.0,25.0,99.0,0,84.0,4.0,0,10.0,359.0,1.2,1.2,3,16,4,1
04.01.2019 17:00:00,29.0,22.0,22.0,0,0.5,0,3.0,36.0,39.0,120.0,0,87.0,3.8,0,358.0,27.0,1.3,0.3,3,17,4,1
04.01.2019 18:00:00,26.0,23.0,21.5,0,0.47,0,1.6,34.0,36.0,108.0,0,88.0,4.2,0,37.0,34.0,0.9,0.6,3,18,4,1
04.01.2019 19:00:00,22.0,28.0,20.7,0,0.35,0,0.6,17.0,17.0,77.0,0,90.0,3.3,0,35.0,9.6,0.5,0.6,3,19,4,1
04.01.2019 20:00:00,23.0,25.0,20.2,0,0.32,0,0.9,13.0,14.0,76.0,0,92.0,2.7,0,49.0,164.0,0.5,0.7,3,20,4,1
04.01.2019 21:00:00,21.0,23.0,19.7,0,0.32,0,1.6,11.0,13.0,65.0,0,93.0,2.7,0,53.0,53.0,1.2,1.0,3,21,4,1
04.01.2019 22:00:00,19.0,19.0,19.5,0,0.32,0,1.4,12.0,14.0,63.0,0,94.0,2.4,0,45.0,32.0,1.2,0.6,3,22,4,1
04.01.2019 23:00:00,19.0,17.0,19.4,0,0.3,0,0.9,10.0,11.0,53.0,0,94.0,2.6,0,80.0,82.0,1.7,1.0,3,23,4,1
04.01.2019 24:00:00,19.0,18.0,19.2,0,0.3,0,1.2,11.0,12.0,59.0,0,95.0,2.7,0,69.0,65.0,1.2,1.3,3,24,4,1
05.01.2019 01:00:00,18.0,19.0,19.1,0,0.3,0,0.9,8.7,9.6,50.0,0,95.0,2.2,0,61.0,84.0,1.8,1.8,4,1,5,1
05.01.2019 02:00:00,15.0,17.0,19.2,0,0.33,0,1.0,12.0,12.0,49.0,0,94.0,2.3,0,69.0,44.0,0.9,1.1,4,2,5,1
05.01.2019 03:00:00,15.0,21.0,19.5,0,0.29,0,1.1,8.5,9.6,60.0,0,95.0,2.0,0,60.0,44.0,0.7,0.7,4,3,5,1
05.01.2019 04:00:00,18.0,26.0,19.4,0,0.26,0,1.0,5.7,6.8,54.0,0,96.0,2.0,0,61.0,239.0,0.5,0.1,4,4,5,1
05.01.2019 05:00:00,20.0,21.0,19.1,0,0.3,0,1.1,6.9,8.0,70.0,0,96.0,1.9,0,65.0,44.0,1.2,0.5,4,5,5,1
05.01.2019 06:00:00,22.0,28.0,18.8,0,0.24,0,1.1,5.4,6.4,58.0,0,97.0,1.7,0,358.0,357.0,2.1,1.9,4,6,5,1
05.01.2019 07:00:00,15.0,30.0,18.6,0,0.24,0,1.2,6.0,7.2,38.0,0,97.0,1.9,0,358.0,6.7,0.8,1.9,4,7,5,1
05.01.2019 08:00:00,11.0,26.0,18.7,0,0.29,0,2.2,9.8,12.0,45.0,0,97.0,2.2,0,356.0,356.0,2.0,1.2,4,8,5,1
05.01.2019 09:00:00,12.0,31.0,18.6,0,0.25,0,1.5,6.7,8.2,42.0,0,97.0,1.8,0,351.0,338.0,1.5,2.1,4,9,5,1
05.01.2019 10:00:00,12.0,26.0,19.4,0,0.26,0,2.6,5.6,8.2,14.0,0,93.0,1.8,0,223.0,215.0,1.3,1.0,4,10,5,1
05.01.2019 11:00:00,11.0,29.0,20.7,0,0.26,0,2.4,6.1,8.5,30.0,0,86.0,1.9,0,49.0,89.0,1.6,1.4,4,11,5,1
05.01.2019 12:00:00,11.0,35.0,20.9,0,0.24,0,1.8,5.5,7.3,29.0,0,87.0,1.9,0,57.0,78.0,1.7,1.7,4,12,5,1
05.01.2019 13:00:00,12.0,31.0,21.3,0,0.27,0,1.8,7.1,8.9,42.0,0,86.0,1.5,0,1.3,343.0,3.1,2.4,4,13,5,1
05.01.2019 14:00:00,8.0,22.0,20.1,0,0.37,0,2.5,13.0,15.0,18.0,1.2,93.0,1.5,0,1.3,9.8,2.9,3.1,4,14,5,1
05.01.2019 15:00:00,6.0,23.0,19.5,0,0.44,0,2.7,16.0,19.0,25.0,0.6,95.0,1.6,0,16.0,23.0,2.2,2.4,4,15,5,1
05.01.2019 16:00:00,9.0,23.0,19.3,0,0.44,0,2.4,18.0,20.0,39.0,0.2,96.0,1.6,0,9.1,338.0,1.2,1.5,4,16,5,1
05.01.2019 17:00:00,6.0,23.0,19.3,0,0.43,0,2.9,19.0,22.0,23.0,0.2,95.0,1.7,0,350.0,356.0,1.9,1.7,4,17,5,1
05.01.2019 18:00:00,4.0,19.0,19.4,0,0.48,0,3.9,23.0,27.0,29.0,0,93.0,1.8,0,354.0,0.3,1.6,1.7,4,18,5,1
05.01.2019 19:00:00,9.0,19.0,19.4,0,0.52,0,2.0,21.0,23.0,42.0,0.2,94.0,1.9,0,358.0,358.0,1.7,1.7,4,19,5,1
05.01.2019 20:00:00,11.0,18.0,19.3,0,0.56,0,2.5,19.0,22.0,39.0,0.2,95.0,1.7,0,342.0,335.0,1.5,1.0,4,20,5,1
05.01.2019 21:00:00,10.0,22.0,19.4,0,0.5,0,1.9,14.0,16.0,28.0,0.8,95.0,1.7,0,348.0,7.5,1.5,1.4,4,21,5,1
05.01.2019 22:00:00,7.0,23.0,19.3,0,0.44,0,1.8,12.0,14.0,24.0,1.4,96.0,1.6,0,351.0,9.1,1.2,1.0,4,22,5,1
05.01.2019 23:00:00,7.0,24.0,19.3,0,0.39,0,1.8,9.7,12.0,28.0,3.0,97.0,1.5,0,355.0,258.0,0.5,0.9,4,23,5,1
05.01.2019 24:00:00,5.0,23.0,19.1,0,0.37,0,1.4,9.4,11.0,32.0,3.8,97.0,1.6,0,356.0,338.0,1.0,1.2,4,24,5,1
06.01.2019 01:00:00,5.0,26.0,19.2,0,0.33,0,1.2,6.8,8.0,9.0,3.0,97.0,1.8,0,349.0,0.8,3.3,2.7,5,1,6,1
06.01.2019 02:00:00,7.0,22.0,19.0,0,0.33,0,0.7,5.3,5.9,10.0,4.0,97.0,1.7,0,0.3,353.0,6.2,4.7,5,2,6,1
06.01.2019 03:00:00,5.0,20.0,18.1,0,0.35,0,0.7,6.5,7.2,10.0,8.8,97.0,1.9,0,354.0,0.5,7.1,5.8,5,3,6,1
06.01.2019 04:00:00,7.0,17.0,17.2,0,0.37,0,1.0,9.1,10.0,6.0,7.6,96.0,1.7,0,348.0,340.0,4.1,4.2,5,4,6,1
06.01.2019 05:00:00,7.0,22.0,17.4,0,0.33,0,0.9,6.2,7.1,1.0,3.2,95.0,1.8,0,334.0,328.0,3.6,2.8,5,5,6,1
06.01.2019 06:00:00,3.0,32.0,18.1,0,0.28,0,0.8,3.8,4.5,7.0,3.2,95.0,1.7,0,341.0,358.0,2.9,2.7,5,6,6,1
06.01.2019 07:00:00,4.0,32.0,18.3,0,0.29,0,1.0,4.1,5.1,24.0,2.8,96.0,1.8,0,358.0,356.0,5.0,3.1,5,7,6,1
06.01.2019 08:00:00,6.0,33.0,18.3,0,0.3,0,1.5,4.9,6.3,2.0,5.8,96.0,2.0,0,350.0,6.9,4.9,3.0,5,8,6,1
06.01.2019 09:00:00,7.0,46.0,18.6,0,0.35,0,0.8,1.8,2.6,26.0,1.2,96.0,1.7,0,16.0,21.0,8.1,6.6,5,9,6,1
06.01.2019 10:00:00,5.0,46.0,18.4,0,0.42,0,1.0,2.6,3.6,31.0,1.6,95.0,1.9,0,21.0,23.0,11.0,8.6,5,10,6,1
06.01.2019 11:00:00,5.0,46.0,18.2,0,0.44,0,0.9,2.4,3.3,28.0,1.4,94.0,1.6,0,21.0,22.0,7.8,8.6,5,11,6,1
06.01.2019 12:00:00,6.0,46.0,18.1,0,0.43,0,1.0,3.3,4.3,36.0,1.8,92.0,1.6,0,19.0,22.0,6.9,6.1,5,12,6,1
06.01.2019 13:00:00,4.0,46.0,18.3,0,0.42,0,1.3,3.3,4.6,35.0,0.4,91.0,1.5,0,27.0,29.0,6.3,5.8,5,13,6,1
06.01.2019 14:00:00,5.0,47.0,18.3,0,0.4,0,1.2,3.1,4.3,53.0,1.4,91.0,1.5,0,35.0,29.0,3.9,4.8,5,14,6,1
06.01.2019 15:00:00,8.0,47.0,18.3,0,0.39,0,1.4,2.9,4.3,54.0,1.0,90.0,1.4,0,42.0,47.0,6.4,5.3,5,15,6,1
06.01.2019 16:00:00,14.0,47.0,18.4,0,0.37,0,1.2,2.2,3.5,66.0,0.2,88.0,1.4,0,48.0,51.0,5.3,5.4,5,16,6,1
06.01.2019 17:00:00,15.0,48.0,18.6,0,0.35,0,1.1,2.1,3.2,63.0,0,85.0,1.4,0,53.0,58.0,4.9,4.9,5,17,6,1
06.01.2019 18:00:00,14.0,47.0,18.7,0,0.31,0,0.9,2.8,3.6,63.0,0,84.0,1.4,0,58.0,53.0,5.2,4.4,5,18,6,1
06.01.2019 19:00:00,13.0,47.0,18.8,0,0.28,0,0.9,1.7,2.6,51.0,0,83.0,1.5,0,62.0,61.0,5.2,4.2,5,19,6,1
06.01.2019 20:00:00,10.0,46.0,18.4,0,0.26,0,0.8,1.6,2.4,32.0,0,85.0,1.5,0,74.0,82.0,3.2,3.3,5,20,6,1
06.01.2019 21:00:00,10.0,46.0,18.3,0,0.26,0,0.8,1.9,2.7,41.0,0,86.0,1.5,0,76.0,72.0,3.5,2.7,5,21,6,1
06.01.2019 22:00:00,12.0,47.0,18.4,0,0.24,0,1.0,1.9,2.9,41.0,0,86.0,1.5,0,61.0,55.0,5.1,3.1,5,22,6,1
06.01.2019 23:00:00,10.0,47.0,18.6,0,0.23,0,0.8,1.2,2.0,45.0,0.4,86.0,1.5,0,61.0,58.0,4.8,4.1,5,23,6,1
06.01.2019 24:00:00,8.0,46.0,18.3,0,0.23,0,0.7,1.2,1.9,41.0,1.4,91.0,1.3,0,55.0,52.0,7.3,5.1,5,24,6,1
07.01.2019 01:00:00,9.0,48.0,18.1,0,0.23,0,0.7,0.5,1.2,30.0,0.6,93.0,1.7,0,49.0,51.0,7.0,7.2,6,1,0,1
07.01.2019 02:00:00,8.0,48.0,18.1,0,0.24,0,0.6,1.1,1.7,32.0,0.4,91.0,1.9,0,51.0,55.0,5.7,6.8,6,2,0,1
07.01.2019 03:00:00,9.0,47.0,18.2,0,0.24,0,0.3,1.1,1.4,34.0,0.6,92.0,1.9,0,61.0,68.0,2.2,3.2,6,3,0,1
07.01.2019 04:00:00,10.0,46.0,18.6,0,0.24,0,0.3,1.2,1.5,27.0,0.6,90.0,1.8,0,80.0,64.0,4.4,1.6,6,4,0,1
07.01.2019 05:00:00,7.0,45.0,19.1,0,0.25,0,0.4,1.6,2.0,46.0,0.2,88.0,2.1,0,66.0,76.0,4.2,3.1,6,5,0,1
07.01.2019 06:00:00,7.0,47.0,19.1,0,0.25,0,0.3,1.7,2.1,42.0,0.2,88.0,1.8,0,69.0,72.0,3.6,2.4,6,6,0,1
07.01.2019 07:00:00,8.0,46.0,19.0,0,0.26,0,0.6,2.4,3.0,36.0,0,89.0,1.7,0,87.0,71.0,3.4,2.3,6,7,0,1
07.01.2019 08:00:00,7.0,44.0,19.1,0,0.28,0,0.9,3.8,4.6,28.0,0.2,88.0,1.9,0,117.0,137.0,1.2,1.7,6,8,0,1
07.01.2019 09:00:00,8.0,41.0,19.1,0,0.3,0,0.7,5.1,5.8,29.0,0,89.0,1.9,0,203.0,156.0,1.1,0.8,6,9,0,1
07.01.2019 10:00:00,11.0,38.0,19.5,0,0.34,0,1.0,7.1,8.1,36.0,0,88.0,1.9,0,190.0,207.0,1.0,0.8,6,10,0,1
07.01.2019 11:00:00,11.0,40.0,19.9,0,0.0,0,1.3,5.8,7.1,22.0,0.499,86.0,2.1,0,132.0,119.0,3.1,1.3,6,11,0,1
07.01.2019 12:00:00,9.0,38.0,20.5,0,0.33,0,0.402,7.658,9.266,44.0,0,86.0,0.427,0,105.0,7.4,0.9,0.5,6,12,0,1
07.01.2019 13:00:00,10.0,33.441,20.5,0,0.31,0,0.404,7.731,9.36,61.0,0,86.0,2.0,0,333.0,296.0,0.6,0.7,6,13,0,1
07.01.2019 14:00:00,11.0,33.389,20.8,0,0.3,0,0.406,7.805,9.453,49.0,0,86.0,1.8,0,29.0,47.0,0.9,0.4,6,14,0,1
07.01.2019 15:00:00,11.14,33.257,21.0,0,0.0,0,0.408,7.729,9.371,40.942,0,86.0,0.432,0,78.0,67.0,2.2,1.2,6,15,0,1
07.01.2019 16:00:00,11.0,33.039,21.2,0,0.0,0,0.41,7.803,9.465,56.0,0,87.0,0.435,0,55.0,38.0,1.3,1.3,6,16,0,1
07.01.2019 17:00:00,12.0,32.889,21.1,0,0.0,0,0.412,7.56,9.216,67.0,0,88.0,0.385,0,149.993,353.0,1.4,1.311,6,17,0,1
07.01.2019 18:00:00,12.0,33.06,20.9,0,0.0,0,0.375,7.137,8.773,44.0,0,91.0,0.387,0,230.0,218.0,1.6,0.6,6,18,0,1
07.01.2019 19:00:00,11.0,11.0,20.4,0,0.44,0,3.0,9.3,12.0,16.0,0,94.0,1.9,0,212.0,217.0,1.9,1.9,6,19,0,1
07.01.2019 20:00:00,6.0,11.0,20.1,0,0.33,0,1.5,6.4,8.0,15.0,0,94.0,1.9,0,214.0,216.0,2.4,2.4,6,20,0,1
07.01.2019 21:00:00,4.0,13.0,19.9,0,0.31,0,1.4,5.5,6.9,15.0,0,93.0,1.8,0,216.0,226.0,1.1,2.4,6,21,0,1
07.01.2019 22:00:00,4.0,13.0,19.9,0,0.3,0,1.0,3.8,4.9,11.0,0,93.0,1.9,0,215.0,218.0,2.0,2.5,6,22,0,1
07.01.2019 23:00:00,5.0,14.0,20.0,0,0.28,0,0.7,3.5,4.2,11.0,0,93.0,1.9,0,218.0,225.0,2.5,1.9,6,23,0,1
07.01.2019 24:00:00,7.0,12.0,20.0,0,0.3,0,1.2,4.0,5.3,9.0,0,93.0,1.8,0,214.0,199.0,2.2,2.3,6,24,0,1
08.01.2019 01:00:00,10.0,12.0,19.9,0,0.27,0,1.0,2.4,3.5,7.0,0,93.0,1.4,0,217.0,237.0,0.8,2.1,7,1,1,1
08.01.2019 02:00:00,7.0,13.0,19.9,0,0.25,0,0.0,1.9,1.9,9.0,0,93.0,1.2,0,213.0,213.0,2.3,1.6,7,2,1,1
08.01.2019 03:00:00,6.0,13.0,19.9,0,0.28,0,-0.2,2.6,2.4,6.0,0,93.0,1.2,0,213.0,223.0,2.7,2.5,7,3,1,1
08.01.2019 04:00:00,8.0,14.0,19.9,0,0.3,0,-0.1,4.0,3.9,41.0,0,93.0,1.2,0,217.0,192.0,1.3,0.9,7,4,1,1
08.01.2019 05:00:00,11.0,30.0,20.5,0,0.26,0,0.1,5.1,5.2,30.0,0,93.0,1.4,0,338.0,352.0,5.1,3.2,7,5,1,1
08.01.2019 06:00:00,8.0,45.0,20.4,0,0.21,0,0.1,1.4,1.5,17.0,0,91.0,1.0,0,308.0,314.0,1.8,1.3,7,6,1,1
08.01.2019 07:00:00,6.0,44.0,20.1,0,0.2,0,0.2,2.8,3.1,36.0,0,91.0,1.1,0,9.3,15.0,6.0,4.2,7,7,1,1
08.01.2019 08:00:00,8.0,45.0,19.5,0,0.21,0,0.4,2.6,3.0,40.0,0.2,94.0,1.0,0,12.0,10.0,4.8,4.8,7,8,1,1
08.01.2019 09:00:00,8.0,43.0,19.1,0,0.23,0,0.5,5.0,5.5,19.0,1.6,95.0,0.9,0,3.6,355.0,3.6,3.5,7,9,1,1
08.01.2019 10:00:00,5.0,42.0,19.0,0,0.23,0,1.1,6.4,7.5,32.0,5.8,95.0,0.9,0,12.0,20.0,5.1,3.6,7,10,1,1
08.01.2019 11:00:00,4.0,45.0,19.0,0,0.22,0,0.442,6.522,8.31,32.0,1.4,95.0,0.399,0,26.0,20.0,5.6,4.7,7,11,1,1
08.01.2019 12:00:00,6.0,33.438,18.9,0,0.24,0,0.444,6.584,8.389,27.0,0.2,96.0,1.0,0,40.0,39.0,3.1,3.6,7,12,1,1
08.01.2019 13:00:00,5.0,45.0,18.7,0,0.24,0,1.2,4.1,5.3,28.0,2.0,96.0,0.9,0,22.0,4.7,3.0,4.0,7,13,1,1
08.01.2019 14:00:00,6.0,45.0,18.7,0,0.24,0,0.8,3.8,4.5,22.0,0.6,96.0,1.0,0,21.0,4.2,3.7,3.6,7,14,1,1
08.01.2019 15:00:00,7.0,43.0,19.3,0,0.25,0,0.6,5.1,5.7,59.0,0.4,91.0,0.9,0,19.0,39.0,4.2,2.7,7,15,1,1
08.01.2019 16:00:00,6.0,47.0,19.2,0,0.23,0,0.4,2.3,2.6,42.0,1.6,93.0,0.8,0,24.0,22.0,7.3,6.6,7,16,1,1
08.01.2019 17:00:00,5.0,45.0,19.4,0,0.25,0,0.5,3.6,4.1,51.0,0,91.0,0.8,0,29.0,23.0,4.7,4.3,7,17,1,1
08.01.2019 18:00:00,6.0,46.0,19.7,0,0.25,0,0.5,3.2,3.6,47.0,0.2,88.0,0.7,0,40.0,48.0,6.4,5.0,7,18,1,1
08.01.2019 19:00:00,7.0,47.0,19.8,0,0.23,0,0.4,1.8,2.2,43.0,0,87.0,0.8,0,47.0,49.0,7.5,6.1,7,19,1,1
08.01.2019 20:00:00,7.0,44.0,19.6,0,0.23,0,0.6,2.8,3.4,42.0,0.6,91.0,0.9,0,45.0,46.0,7.1,5.8,7,20,1,1
08.01.2019 21:00:00,9.0,45.0,19.0,0,0.23,0,0.3,1.5,1.8,35.0,0.4,93.0,0.9,0,48.0,49.0,7.8,7.7,7,21,1,1
08.01.2019 22:00:00,9.0,46.0,18.8,0,0.23,0,0.2,1.5,1.7,33.0,0.6,92.0,0.8,0,48.0,48.0,8.7,7.8,7,22,1,1
08.01.2019 23:00:00,7.0,45.0,18.4,0,0.24,0,0.1,1.7,1.8,40.0,2.4,93.0,0.8,0,46.0,44.0,6.6,6.8,7,23,1,1
08.01.2019 24:00:00,7.0,46.0,18.0,0,0.26,0,0.1,1.3,1.4,31.0,1.6,94.0,0.7,0,45.0,46.0,7.0,6.2,7,24,1,1
09.01.2019 01:00:00,9.0,46.0,6.196,0,0.25,0,0.9,1.4,2.3,37.0,0.563,91.264,1.2,0,124.399,125.32,2.563,1.469,8,1,2,1
09.01.2019 02:00:00,7.0,45.0,6.219,0,0.0,0,0.7,1.4,2.1,27.0,0.529,91.195,1.3,0,121.585,125.773,2.566,1.47,8,2,2,1
09.01.2019 03:00:00,9.0,44.0,6.032,0,0.26,0,1.0,1.6,2.6,34.0,0.481,91.125,1.2,0,122.12,122.842,2.569,1.471,8,3,2,1
09.01.2019 04:00:00,10.0,44.0,6.056,0,0.27,0,0.9,1.5,2.5,33.0,0.483,91.056,1.1,0,119.237,123.294,2.573,1.471,8,4,2,1
09.01.2019 05:00:00,7.0,42.0,6.079,0,0.27,0,0.8,1.5,2.3,36.0,0.485,91.001,1.2,0,116.437,120.543,2.576,1.472,8,5,2,1
09.01.2019 06:00:00,10.0,41.0,6.103,0,0.27,0,0.8,1.6,2.4,31.0,0.487,90.959,1.2,0,113.832,117.959,2.58,1.473,8,6,2,1
09.01.2019 07:00:00,11.0,41.0,6.127,0,0.27,0,0.9,1.8,2.7,39.0,0.489,90.918,1.2,0,111.129,114.958,2.583,1.474,8,7,2,1
09.01.2019 08:00:00,9.0,40.0,6.15,0,0.27,0,1.1,2.6,3.7,38.0,0.491,90.862,1.1,0,108.19,111.985,2.548,1.475,8,8,2,1
09.01.2019 09:00:00,8.0,41.0,6.174,0,0.27,0,0.9,2.3,3.2,39.0,0.493,90.807,1.3,0,105.362,112.437,2.551,1.453,8,9,2,1
09.01.2019 10:00:00,8.0,42.0,6.198,0,0.29,0,1.1,3.2,4.3,41.0,0.495,90.751,1.3,0,107.173,114.117,2.554,1.453,8,10,2,1
09.01.2019 11:00:00,7.0,43.0,6.222,0,0.34,0,1.7,5.2,6.9,37.0,0.497,90.71,1.3,0,108.915,115.769,2.435,1.454,8,11,2,1
09.01.2019 12:00:00,7.0,38.968,6.245,0,0.0,0,0.452,5.805,7.353,32.0,0.499,90.682,0.445,0,110.657,117.434,2.439,1.455,8,12,2,1
09.01.2019 13:00:00,12.0,47.0,18.5,0,0.38,0,0.6,4.8,5.4,38.0,0.4,89.0,1.5,0,58.0,52.0,5.7,4.8,8,13,2,1
09.01.2019 14:00:00,15.0,50.0,18.4,0,0.36,0,0.4,3.4,3.7,47.0,0.4,92.0,1.6,0,55.0,57.0,6.2,6.4,8,14,2,1
09.01.2019 15:00:00,13.0,49.0,18.5,0,0.35,0,0.4,4.4,4.8,39.0,0,91.0,1.4,0,62.0,80.0,3.7,4.5,8,15,2,1
09.01.2019 16:00:00,14.0,48.0,18.7,0,0.35,0,1.1,6.3,7.4,34.0,0.4,90.0,1.2,0,81.0,81.0,2.8,2.2,8,16,2,1
09.01.2019 17:00:00,15.0,49.0,19.1,0,0.37,0,0.8,5.6,6.4,32.0,0,88.0,1.4,0,94.0,67.0,1.8,1.5,8,17,2,1
09.01.2019 18:00:00,15.0,48.0,19.6,0,0.42,0,0.8,6.5,7.3,46.0,0.2,87.0,1.4,0,91.0,117.0,1.6,1.0,8,18,2,1
09.01.2019 19:00:00,15.0,48.0,20.0,0,0.0,0,0.9,5.4,6.2,42.0,0,86.0,1.4,0,84.0,126.0,1.5,1.3,8,19,2,1
09.01.2019 20:00:00,12.0,47.0,20.2,0,0.4,0,0.7,4.9,5.6,50.0,0,85.0,1.2,0,84.0,79.0,2.5,1.1,8,20,2,1
09.01.2019 21:00:00,12.0,47.0,20.4,0,0.39,0,1.1,4.4,5.5,43.0,0.2,87.0,1.3,0,91.0,79.0,2.0,1.4,8,21,2,1
09.01.2019 22:00:00,15.0,47.0,20.4,0,0.37,0,0.7,3.1,3.8,38.0,0,88.0,1.4,0,112.0,119.0,1.6,0.6,8,22,2,1
09.01.2019 23:00:00,13.0,47.0,20.5,0,0.35,0,0.8,2.5,3.2,29.0,0,89.0,1.3,0,158.0,231.0,1.1,0.7,8,23,2,1
09.01.2019 24:00:00,10.0,41.0,20.4,0,0.36,0,0.6,5.0,5.6,32.0,0,90.0,1.4,0,222.0,197.0,1.1,0.7,8,24,2,1
10.01.2019 01:00:00,11.0,36.0,20.2,0,0.36,0,0.5,3.9,4.4,26.0,0,92.0,1.4,0,195.0,202.0,1.7,1.4,9,1,3,1
10.01.2019 02:00:00,11.0,31.0,20.0,0,0.32,0,0.7,3.2,3.9,14.0,0,93.0,2.4,0,202.0,199.0,2.2,2.0,9,2,3,1
10.01.2019 03:00:00,8.0,27.0,20.0,0,0.32,0,0.8,4.1,4.9,20.0,0,94.0,2.8,0,207.0,205.0,2.4,2.3,9,3,3,1
10.01.2019 04:00:00,7.0,27.0,20.2,0,0.31,0,0.9,4.2,5.1,15.0,0,94.0,2.4,0,206.0,213.0,2.6,1.9,9,4,3,1
10.01.2019 05:00:00,7.0,25.0,20.2,0,0.3,0,0.9,4.2,5.1,11.0,0,94.0,2.9,0,209.0,213.0,2.4,2.5,9,5,3,1
10.01.2019 06:00:00,7.0,21.0,20.2,0,0.3,0,1.0,5.7,6.7,9.0,0,94.0,3.3,0,212.0,213.0,2.8,2.8,9,6,3,1
10.01.2019 07:00:00,7.0,17.0,19.8,0,0.34,0,2.0,8.8,11.0,12.0,0,95.0,2.4,0,209.0,209.0,2.4,3.1,9,7,3,1
10.01.2019 08:00:00,6.0,17.0,19.8,0,0.4,0,4.5,9.6,14.0,7.0,0,94.0,2.0,0,211.0,208.0,2.9,2.9,9,8,3,1
10.01.2019 09:00:00,6.0,19.0,21.2,0,0.46,0,6.4,12.0,18.0,21.0,0,90.0,2.5,0,195.0,13.0,1.6,0.9,9,9,3,1
10.01.2019 10:00:00,12.0,33.0,22.2,0,0.36,0,4.0,9.8,14.0,104.0,0,87.0,3.6,0,19.0,23.0,0.9,1.3,9,10,3,1
10.01.2019 11:00:00,12.0,39.0,22.3,0,0.34,0,2.6,8.6,11.0,68.0,0,87.0,2.8,0,15.0,9.9,1.4,1.0,9,11,3,1
10.01.2019 12:00:00,9.0,40.0,22.7,0,0.32,0,3.9,9.3,13.0,66.0,0,85.0,2.5,0,20.0,24.0,1.6,1.5,9,12,3,1
10.01.2019 13:00:00,11.0,51.0,23.3,0,0.3,0,1.7,5.8,7.5,42.0,0,82.0,2.8,0,36.0,40.0,2.9,2.2,9,13,3,1
10.01.2019 14:00:00,10.0,51.0,23.4,0,0.29,0,1.7,5.3,6.9,31.0,0,82.0,2.4,0,21.0,355.0,1.2,1.3,9,14,3,1
10.01.2019 15:00:00,8.0,51.0,23.6,0,0.29,0,1.5,4.9,6.4,29.0,0,81.0,2.4,0,12.0,2.5,1.5,1.2,9,15,3,1
10.01.2019 16:00:00,8.0,47.0,23.6,0,0.3,0,1.7,7.8,9.5,54.0,0,82.0,2.2,0,1.2,7.0,2.8,1.6,9,16,3,1
10.01.2019 17:00:00,7.0,45.0,23.3,0,0.3,0,1.0,7.6,8.6,65.0,0,85.0,2.5,0,3.4,9.1,2.4,2.1,9,17,3,1
10.01.2019 18:00:00,9.0,33.0,23.2,0,0.41,0,1.7,15.0,17.0,82.0,0,87.0,2.5,0,355.0,207.0,1.0,0.7,9,18,3,1
10.01.2019 19:00:00,11.0,12.0,22.7,0,0.46,0,3.3,17.0,20.0,14.0,0,90.0,2.5,0,202.0,197.0,1.6,1.2,9,19,3,1
10.01.2019 20:00:00,8.0,8.0,22.1,0,0.43,0,6.5,12.0,19.0,14.0,0,93.0,2.8,0,203.0,198.0,2.0,1.7,9,20,3,1
10.01.2019 21:00:00,7.0,9.7,22.0,0,0.35,0,2.9,8.5,11.0,9.0,0,93.0,2.8,0,206.0,205.0,2.4,2.1,9,21,3,1
10.01.2019 22:00:00,6.0,9.1,22.0,0,0.33,0,3.0,6.9,9.9,8.0,0,93.0,2.7,0,208.0,202.0,1.4,1.7,9,22,3,1
10.01.2019 23:00:00,7.0,7.8,21.9,0,0.32,0,2.5,6.0,8.5,7.0,0,94.0,2.8,0,198.0,183.0,1.0,1.4,9,23,3,1
10.01.2019 24:00:00,5.0,11.0,21.9,0,0.29,0,1.2,4.9,6.2,7.0,0,94.0,2.8,0,202.0,196.0,1.2,1.1,9,24,3,1
11.01.2019 01:00:00,6.0,9.4,21.8,0,0.27,0,1.0,4.3,5.2,6.0,0,94.0,1.8,0,196.0,200.0,1.9,1.0,10,1,4,1
11.01.2019 02:00:00,4.0,16.0,21.7,0,0.24,0,1.8,1.8,3.6,17.0,0,94.0,2.1,0,212.0,210.0,2.1,2.3,10,2,4,1
11.01.2019 03:00:00,3.0,16.0,21.6,0,0.24,0,1.8,1.5,3.3,21.0,0,93.0,2.2,0,209.0,211.0,2.5,2.2,10,3,4,1
11.01.2019 04:00:00,7.0,12.0,21.5,0,0.24,0,1.8,1.6,3.4,14.0,0,94.0,2.1,0,208.0,207.0,1.7,2.2,10,4,4,1
11.01.2019 05:00:00,7.0,11.0,21.5,0,0.24,0,1.7,2.1,3.8,16.0,0,94.0,2.1,0,201.0,178.0,0.8,1.4,10,5,4,1
11.01.2019 06:00:00,5.0,12.0,21.7,0,0.25,0,2.3,3.0,5.3,15.0,0,94.0,2.1,0,199.0,221.0,0.5,0.5,10,6,4,1
11.01.2019 07:00:00,7.0,10.0,21.9,0,0.4,0,11.0,9.5,21.0,20.0,0,95.0,2.1,0,195.0,200.0,1.8,0.8,10,7,4,1
11.01.2019 08:00:00,11.0,14.0,22.1,0,0.45,0,9.0,15.0,24.0,74.0,0,95.0,2.4,0,259.0,211.0,0.5,0.2,10,8,4,1
11.01.2019 09:00:00,11.0,19.0,22.2,0,0.37,0,5.2,15.0,20.0,98.0,0,94.0,2.4,0,7.7,328.0,1.6,0.5,10,9,4,1
11.01.2019 10:00:00,10.0,28.0,22.5,0,0.26,0,4.2,9.4,14.0,40.0,0,93.0,2.6,0,340.0,348.0,1.7,2.0,10,10,4,1
11.01.2019 11:00:00,11.0,30.0,22.5,0,0.25,0,4.2,7.9,12.0,80.0,0,91.0,2.5,0,27.0,14.0,1.5,1.3,10,11,4,1
11.01.2019 12:00:00,14.0,34.0,23.1,0,0.24,0,4.7,6.7,11.0,55.0,0,87.0,2.4,0,5.1,19.0,3.5,2.6,10,12,4,1
11.01.2019 13:00:00,13.0,34.0,22.4,0,0.23,0,4.5,6.3,11.0,40.0,0,89.0,2.7,0,351.0,335.0,3.9,3.0,10,13,4,1
11.01.2019 14:00:00,11.0,29.0,21.6,0,0.22,0,4.3,8.4,13.0,37.0,0,91.0,2.2,0,349.0,3.6,4.0,3.8,10,14,4,1
11.01.2019 15:00:00,15.0,25.0,21.0,0,0.25,0,4.6,9.6,14.0,49.0,0,92.0,2.6,0,358.0,0.8,3.6,3.2,10,15,4,1
11.01.2019 16:00:00,17.0,23.0,20.4,0,0.26,0,4.6,11.0,15.0,55.0,0,93.0,2.6,0,1.2,4.4,2.9,2.9,10,16,4,1
11.01.2019 17:00:00,16.0,23.0,20.1,0,0.26,0,4.0,12.0,16.0,68.0,0,93.0,2.4,0,4.8,1.3,3.0,2.5,10,17,4,1
11.01.2019 18:00:00,17.0,21.0,19.5,0,0.28,0,4.1,14.0,18.0,69.0,0,94.0,2.4,0,360.0,16.0,1.5,1.8,10,18,4,1
11.01.2019 19:00:00,18.0,24.0,19.4,0,0.26,0,3.4,9.5,13.0,63.0,0,95.0,2.3,0,37.0,17.0,1.9,1.1,10,19,4,1
11.01.2019 20:00:00,19.0,23.0,19.2,0,0.27,0,3.8,9.3,13.0,49.0,0,96.0,2.0,0,51.0,93.0,0.5,0.5,10,20,4,1
11.01.2019 21:00:00,19.0,22.0,19.2,0,0.25,0,2.9,8.9,12.0,59.0,0,97.0,2.1,0,61.0,41.0,1.7,0.8,10,21,4,1
11.01.2019 22:00:00,19.0,21.0,19.2,0,0.26,0,3.2,9.0,12.0,58.0,0,97.0,2.3,0,30.0,181.0,0.8,0.3,10,22,4,1
11.01.2019 23:00:00,19.0,8.4,19.2,0,0.36,0,3.4,14.0,17.0,40.0,0,98.0,2.1,0,223.0,346.0,1.4,1.6,10,23,4,1
11.01.2019 24:00:00,19.0,15.0,19.1,0,0.29,0,3.4,10.0,13.0,33.0,0,98.0,2.0,0,356.0,354.0,4.1,2.4,10,24,4,1
12.01.2019 01:00:00,19.0,17.0,19.1,0,0.3,0,2.8,11.0,14.0,39.0,0,98.0,2.2,0,0.6,354.0,2.2,1.8,11,1,5,1
12.01.2019 02:00:00,19.0,24.0,19.2,0,0.3,0,0.8,7.6,8.4,37.0,0,97.0,1.4,0,1.9,191.0,0.6,1.0,11,2,5,1
12.01.2019 03:00:00,17.0,22.0,19.3,0,0.27,0,0.7,7.2,7.9,27.0,0,96.0,1.4,0,103.0,40.0,2.1,1.1,11,3,5,1
12.01.2019 04:00:00,16.0,24.0,19.1,0,0.25,0,0.6,6.7,7.2,32.0,0,95.0,1.5,0,6.8,5.2,2.6,2.9,11,4,5,1
12.01.2019 05:00:00,17.0,27.0,19.0,0,0.23,0,0.6,6.0,6.6,29.0,0,94.0,1.5,0,355.0,355.0,2.8,2.8,11,5,5,1
12.01.2019 06:00:00,14.0,31.0,18.8,0,0.22,0,0.7,4.3,4.9,32.0,0,94.0,1.1,0,0.5,5.2,4.1,3.5,11,6,5,1
12.01.2019 07:00:00,15.0,28.0,18.7,0,0.23,0,0.5,5.8,6.3,33.0,0,94.0,1.4,0,355.0,343.0,3.4,2.4,11,7,5,1
12.01.2019 08:00:00,14.0,36.0,18.8,0,0.23,0,0.9,4.6,5.5,21.0,0.6,95.0,1.3,0,1.4,2.3,2.5,2.7,11,8,5,1
12.01.2019 09:00:00,12.0,33.0,18.6,0,0.26,0,0.9,5.2,6.1,27.0,0.2,96.0,1.0,0,13.0,17.0,1.1,2.4,11,9,5,1
12.01.2019 10:00:00,14.0,28.0,18.7,0,0.3,0,2.9,7.8,11.0,32.0,0.4,97.0,1.2,0,346.0,307.0,1.9,1.7,11,10,5,1
12.01.2019 11:00:00,11.0,30.0,19.1,0,0.28,0,2.0,4.5,6.5,22.0,0,93.0,1.1,0,294.0,271.0,0.6,1.2,11,11,5,1
12.01.2019 12:00:00,11.0,22.0,19.5,0,0.34,0,4.0,11.0,15.0,21.0,0,93.0,1.2,0,309.0,311.0,2.6,0.8,11,12,5,1
12.01.2019 13:00:00,7.0,28.0,19.4,0,0.32,0,2.9,6.1,9.0,15.0,1.0,94.0,1.2,0,352.0,349.0,3.5,2.9,11,13,5,1
12.01.2019 14:00:00,7.0,26.0,19.3,0,0.33,0,3.2,10.0,13.0,25.0,0.6,95.0,1.3,0,5.0,17.0,5.5,3.3,11,14,5,1
12.01.2019 15:00:00,10.0,26.0,19.2,0,0.33,0,2.8,13.0,16.0,31.0,0.4,94.0,1.2,0,18.0,18.0,6.5,5.9,11,15,5,1
12.01.2019 16:00:00,10.0,24.0,19.2,0,0.39,0,2.6,13.0,15.0,39.0,0.6,92.0,1.2,0,14.0,20.0,8.5,6.1,11,16,5,1
12.01.2019 17:00:00,7.0,28.0,19.1,0,0.49,0,2.0,12.0,14.0,43.0,0,89.0,1.2,0,20.0,19.0,8.3,6.8,11,17,5,1
12.01.2019 18:00:00,12.0,27.0,19.0,0,0.56,0,2.4,13.0,15.0,60.0,0.2,88.0,1.2,0,28.0,41.0,5.4,5.3,11,18,5,1
12.01.2019 19:00:00,14.0,29.0,19.0,0,0.54,0,2.4,11.0,13.0,71.0,0,85.0,1.1,0,32.0,39.0,4.4,4.5,11,19,5,1
12.01.2019 20:00:00,11.0,29.0,19.0,0,0.52,0,2.4,10.0,12.0,74.0,0,87.0,1.4,0,25.0,21.0,4.4,3.8,11,20,5,1
12.01.2019 21:00:00,12.0,30.0,19.3,0,0.5,0,2.0,8.7,11.0,88.0,0,85.0,1.0,0,33.0,36.0,4.6,4.1,11,21,5,1
12.01.2019 22:00:00,12.0,30.0,19.4,0,0.51,0,1.9,7.8,9.7,86.0,0,84.0,1.0,0,39.0,38.0,5.1,4.4,11,22,5,1
12.01.2019 23:00:00,11.0,32.0,19.1,0,0.51,0,1.9,6.3,8.1,69.0,0,85.0,1.1,0,38.0,38.0,4.5,4.4,11,23,5,1
12.01.2019 24:00:00,12.0,34.0,19.1,0,0.56,0,1.9,5.1,7.0,61.0,0,88.0,1.0,0,37.0,32.0,3.7,3.9,11,24,5,1
13.01.2019 01:00:00,11.0,37.0,19.2,0,0.55,0,1.5,4.1,5.6,53.0,0,87.0,1.2,0,41.0,41.0,5.7,5.0,12,1,6,1
13.01.2019 02:00:00,10.0,41.0,19.4,0,0.44,0,1.7,2.5,4.2,44.0,0.2,88.0,1.4,0,37.0,26.0,4.5,5.0,12,2,6,1
13.01.2019 03:00:00,7.0,41.0,19.0,0,0.42,0,1.5,2.2,3.7,32.0,0.2,92.0,1.4,0,32.0,20.0,5.1,4.5,12,3,6,1
13.01.2019 04:00:00,8.0,40.0,18.9,0,0.41,0,1.5,2.3,3.8,33.0,0,91.0,1.6,0,18.0,19.0,5.6,5.2,12,4,6,1
13.01.2019 05:00:00,11.0,39.0,18.9,0,0.42,0,1.1,2.7,3.8,42.0,0,88.0,1.5,0,16.0,20.0,5.4,3.9,12,5,6,1
13.01.2019 06:00:00,10.0,39.0,19.2,0,0.45,0,1.2,2.5,3.8,46.0,0,84.0,1.4,0,17.0,21.0,5.3,4.9,12,6,6,1
13.01.2019 07:00:00,11.0,35.0,19.0,0,0.46,0,1.7,4.9,6.6,50.0,0,84.0,1.6,0,22.0,18.0,5.0,3.8,12,7,6,1
13.01.2019 08:00:00,11.0,36.0,18.9,0,0.47,0,1.6,4.2,5.8,59.0,0,83.0,1.3,0,21.0,25.0,3.6,3.5,12,8,6,1
13.01.2019 09:00:00,11.0,35.0,19.0,0,0.47,0,2.0,5.4,7.3,55.0,0.2,88.0,1.3,0,15.0,16.0,3.8,3.5,12,9,6,1
13.01.2019 10:00:00,11.0,35.0,19.2,0,0.45,0,2.3,5.8,8.1,59.0,0,87.0,1.4,0,20.0,30.0,3.9,3.0,12,10,6,1
13.01.2019 11:00:00,11.0,36.0,19.4,0,0.44,0,2.5,5.4,7.9,57.0,0,86.0,1.4,0,21.0,19.0,5.3,3.3,12,11,6,1
13.01.2019 12:00:00,10.0,38.0,19.2,0,0.42,0,2.2,3.9,6.1,43.0,0,87.0,1.4,0,17.0,20.0,4.6,5.1,12,12,6,1
13.01.2019 13:00:00,8.0,38.0,19.1,0,0.41,0,2.3,4.6,6.8,53.0,0,84.0,1.3,0,21.0,8.8,3.7,3.9,12,13,6,1
13.01.2019 14:00:00,8.0,35.0,18.9,0,0.43,0,2.3,7.5,9.9,44.0,0,86.0,1.5,0,354.0,360.0,4.0,2.4,12,14,6,1
13.01.2019 15:00:00,9.0,32.0,18.6,0,0.43,0,2.5,9.6,12.0,25.0,1.4,91.0,1.4,0,303.0,318.0,3.0,2.4,12,15,6,1
13.01.2019 16:00:00,13.0,34.0,18.5,0,0.41,0,2.1,8.5,11.0,32.0,2.0,93.0,1.5,0,333.0,330.0,3.1,2.8,12,16,6,1
13.01.2019 17:00:00,15.0,40.0,18.5,0,0.38,0,1.9,4.1,5.9,31.0,2.0,93.0,1.4,0,22.0,48.0,3.5,4.6,12,17,6,1
13.01.2019 18:00:00,11.0,40.0,18.5,0,0.39,0,1.8,4.7,6.6,33.0,0.6,92.0,1.5,0,37.0,50.0,5.1,3.6,12,18,6,1
13.01.2019 19:00:00,9.0,41.0,18.6,0,0.38,0,1.5,4.0,5.5,41.0,1.4,90.0,1.5,0,46.0,39.0,4.7,3.6,12,19,6,1
13.01.2019 20:00:00,10.0,44.0,18.8,0,0.38,0,1.6,3.2,4.8,55.0,0.2,86.0,1.5,0,47.0,50.0,5.8,5.0,12,20,6,1
13.01.2019 21:00:00,12.0,44.0,18.7,0,0.38,0,1.7,3.3,4.9,55.0,2.4,88.0,1.5,0,49.0,119.0,2.1,3.6,12,21,6,1
13.01.2019 22:00:00,11.0,44.0,18.2,0,0.37,0,1.8,3.4,5.2,20.0,1.8,92.0,1.4,0,130.0,102.0,2.3,1.2,12,22,6,1
13.01.2019 23:00:00,12.0,45.0,18.0,0,0.36,0,1.6,3.6,5.1,19.0,3.8,93.0,1.6,0,117.0,75.0,1.0,0.9,12,23,6,1
13.01.2019 24:00:00,12.0,46.0,17.9,0,0.36,0,1.5,3.6,5.1,29.0,2.8,92.0,1.5,0,58.0,55.0,3.0,1.6,12,24,6,1
14.01.2019 01:00:00,12.0,48.0,18.0,0,0.34,0,1.3,2.5,3.8,36.0,3.0,89.0,1.3,0,65.0,44.0,3.4,2.4,13,1,0,1
14.01.2019 02:00:00,12.0,49.0,17.8,0,0.32,0,1.5,2.1,3.7,35.0,0.6,90.0,1.5,0,61.0,49.0,2.5,2.3,13,2,0,1
14.01.2019 03:00:00,8.0,50.0,18.0,0,0.31,0,1.3,2.1,3.4,45.0,0.6,87.0,1.5,0,52.0,46.0,4.4,4.2,13,3,0,1
14.01.2019 04:00:00,11.0,51.0,18.4,0,0.3,0,1.2,1.8,3.0,46.0,0,80.0,1.4,0,47.0,47.0,6.5,5.1,13,4,0,1
14.01.2019 05:00:00,12.0,52.0,18.9,0,0.31,0,1.0,1.6,2.6,51.0,0,74.0,1.5,0,48.0,46.0,6.3,5.4,13,5,0,1
14.01.2019 06:00:00,11.0,52.0,19.1,0,0.32,0,1.2,1.5,2.7,55.0,0,74.0,1.4,0,47.0,48.0,7.2,6.7,13,6,0,1
14.01.2019 07:00:00,14.0,51.0,19.1,0,0.33,0,1.3,2.3,3.6,49.0,0,73.0,1.5,0,49.0,51.0,7.3,7.6,13,7,0,1
14.01.2019 08:00:00,14.0,49.0,19.0,0,0.33,0,1.3,3.6,4.9,41.0,0,72.0,1.4,0,52.0,51.0,6.3,6.5,13,8,0,1
14.01.2019 09:00:00,13.0,49.0,19.1,0,0.32,0,1.5,3.2,4.7,49.0,0,71.0,1.4,0,60.0,59.0,4.4,4.0,13,9,0,1
14.01.2019 10:00:00,14.0,46.0,19.4,0,0.33,0,1.9,5.3,7.2,42.0,0,72.0,1.5,0,70.0,71.0,3.2,3.0,13,10,0,1
14.01.2019 11:00:00,15.0,48.0,19.6,0,0.33,0,1.6,3.9,5.5,43.0,0,73.0,1.4,0,67.0,64.0,4.1,3.8,13,11,0,1
14.01.2019 12:00:00,16.0,48.0,19.7,0,0.33,0,1.8,4.8,6.5,35.0,0,74.0,1.6,0,68.0,83.0,3.0,3.8,13,12,0,1
14.01.2019 13:00:00,16.0,48.0,19.9,0,0.32,0,2.0,5.0,6.9,38.0,0,73.0,1.6,0,72.0,72.0,3.2,3.1,13,13,0,1
14.01.2019 14:00:00,15.0,50.0,20.0,0,0.32,0,1.6,4.0,5.6,32.0,0,74.0,1.7,0,70.0,66.0,4.2,3.5,13,14,0,1
14.01.2019 15:00:00,14.0,51.0,20.1,0,0.31,0,1.3,3.3,4.6,41.0,0,73.0,1.6,0,58.0,53.0,4.4,4.2,13,15,0,1
14.01.2019 16:00:00,13.0,49.0,20.2,0,0.31,0,1.5,4.5,6.0,43.0,0,74.0,1.5,0,57.0,58.0,3.7,3.4,13,16,0,1
14.01.2019 17:00:00,14.0,49.0,20.4,0,0.33,0,1.4,5.0,6.4,40.0,0,75.0,1.6,0,67.0,62.0,3.0,2.5,13,17,0,1
14.01.2019 18:00:00,13.0,48.0,20.6,0,0.32,0,1.1,5.7,6.7,37.0,0,76.0,1.7,0,72.0,73.0,2.1,2.1,13,18,0,1
14.01.2019 19:00:00,15.0,47.0,20.6,0,0.31,0,1.4,6.4,7.8,38.0,0,80.0,1.8,0,71.0,71.0,2.2,2.0,13,19,0,1
14.01.2019 20:00:00,18.0,46.0,20.5,0,0.31,0,1.6,5.6,7.2,39.0,0,82.0,1.9,0,85.0,66.0,2.7,1.1,13,20,0,1
14.01.2019 21:00:00,18.0,48.0,20.7,0,0.29,0,1.2,3.7,4.9,41.0,0,81.0,1.7,0,93.0,159.0,1.0,1.2,13,21,0,1
14.01.2019 22:00:00,17.0,30.0,19.9,0,0.33,0,1.3,7.3,8.6,32.0,0,85.0,1.9,0,187.0,169.0,1.5,1.3,13,22,0,1
14.01.2019 23:00:00,16.0,24.0,19.4,0,0.32,0,1.7,6.8,8.5,32.0,0,88.0,2.4,0,197.0,202.0,2.7,2.2,13,23,0,1
14.01.2019 24:00:00,13.0,22.0,19.1,0,0.3,0,1.8,5.5,7.3,27.0,0,91.0,2.1,0,206.0,199.0,2.6,2.7,13,24,0,1
15.01.2019 01:00:00,10.0,26.0,19.1,0,0.29,0,1.4,4.1,5.6,29.0,0,91.0,2.3,0,197.0,185.0,1.9,1.9,14,1,1,1
15.01.2019 02:00:00,11.0,24.0,19.1,0,0.27,0,0.7,2.8,3.5,22.0,0,92.0,2.3,0,207.0,204.0,1.9,2.3,14,2,1,1
15.01.2019 03:00:00,13.0,24.0,19.3,0,0.27,0,0.8,3.2,4.0,15.0,0,92.0,2.3,0,211.0,216.0,2.1,1.9,14,3,1,1
15.01.2019 04:00:00,10.0,22.0,19.2,0,0.26,0,1.0,2.4,3.4,19.0,0,93.0,2.1,0,209.0,210.0,3.4,2.8,14,4,1,1
15.01.2019 05:00:00,7.0,23.0,19.2,0,0.25,0,0.9,2.6,3.4,16.0,0,92.0,2.2,0,215.0,212.0,3.1,2.4,14,5,1,1
15.01.2019 06:00:00,7.0,19.0,19.0,0,0.26,0,1.0,2.6,3.6,18.0,0,93.0,2.1,0,213.0,211.0,3.6,2.9,14,6,1,1
15.01.2019 07:00:00,8.0,18.0,19.1,0,0.31,0,1.9,6.2,8.1,13.0,0,92.0,2.5,0,212.0,214.0,2.6,2.5,14,7,1,1
15.01.2019 08:00:00,12.0,15.0,19.2,0,0.34,0,3.2,9.0,12.0,17.0,0,92.0,3.0,0,215.0,217.0,3.5,3.0,14,8,1,1
15.01.2019 09:00:00,15.0,19.0,19.7,0,0.33,0,3.1,9.1,12.0,20.0,0,91.0,3.2,0,228.0,305.0,1.8,1.8,14,9,1,1
15.01.2019 10:00:00,13.0,22.0,20.6,0,0.35,0,4.3,13.0,17.0,32.0,0,88.0,4.1,0,1.1,15.0,1.6,0.9,14,10,1,1
15.01.2019 11:00:00,12.0,29.0,21.1,0,0.32,0,4.4,12.0,16.0,44.0,0,86.0,4.4,0,6.3,252.0,0.6,0.3,14,11,1,1
15.01.2019 12:00:00,13.0,38.0,21.7,0,0.31,0,1.3,8.5,9.9,28.0,0,83.0,3.2,0,205.0,21.0,1.1,0.1,14,12,1,1
15.01.2019 13:00:00,12.0,33.0,21.6,0,0.31,0,2.5,12.0,15.0,42.0,0,84.0,4.3,0,355.0,4.3,2.6,1.4,14,13,1,1
15.01.2019 14:00:00,14.0,38.0,21.4,0,0.32,0,1.9,11.0,13.0,55.0,0,88.0,2.8,0,357.0,341.0,1.8,1.9,14,14,1,1
15.01.2019 15:00:00,15.0,42.0,21.3,0,0.28,0,2.0,7.9,9.9,32.0,0,89.0,2.9,0,349.0,335.0,2.8,2.5,14,15,1,1
15.01.2019 16:00:00,14.0,48.0,20.9,0,0.25,0,1.1,4.0,5.1,29.0,0,91.0,2.1,0,357.0,8.4,3.9,3.3,14,16,1,1
15.01.2019 17:00:00,11.0,49.0,20.5,0,0.24,0,0.9,3.8,4.8,14.0,0,90.0,2.1,0,18.0,23.0,8.1,6.3,14,17,1,1
15.01.2019 18:00:00,11.0,51.0,20.1,0,0.26,0,0.9,3.0,3.9,31.0,0,93.0,1.9,0,22.0,24.0,6.5,7.0,14,18,1,1
15.01.2019 19:00:00,15.0,51.0,20.2,0,0.26,0,0.9,3.2,4.2,46.0,1.4,94.0,1.8,0,20.0,22.0,5.5,5.1,14,19,1,1
15.01.2019 20:00:00,13.0,51.0,19.9,0,0.27,0,1.0,3.0,4.0,57.0,6.6,92.0,1.9,0,26.0,21.0,4.1,4.6,14,20,1,1
15.01.2019 21:00:00,17.0,52.0,19.4,0,0.26,0,1.2,2.4,3.6,75.0,5.4,92.0,1.7,0,22.0,21.0,8.9,7.2,14,21,1,1
15.01.2019 22:00:00,21.0,53.0,19.0,0,0.26,0,1.0,1.8,2.8,74.0,5.6,92.0,1.8,0,21.0,21.0,9.2,8.7,14,22,1,1
15.01.2019 23:00:00,20.0,53.0,18.7,0,0.25,0,0.9,1.9,2.7,89.0,2.2,90.0,1.8,0,23.0,24.0,6.5,7.3,14,23,1,1
15.01.2019 24:00:00,18.0,54.0,18.4,0,0.24,0,0.8,1.8,2.7,84.0,0.8,90.0,1.7,0,26.0,28.0,5.0,5.7,14,24,1,1
16.01.2019 01:00:00,16.0,54.0,18.2,0,0.25,0,0.8,1.9,2.7,77.0,0.4,91.0,1.6,0,27.0,28.0,5.3,5.0,15,1,2,1
16.01.2019 02:00:00,16.0,55.0,18.0,0,0.3,0,0.5,0.9,1.3,65.0,0.2,92.0,1.2,0,24.0,22.0,7.2,5.8,15,2,2,1
16.01.2019 03:00:00,18.0,58.0,17.7,0,0.37,0,0.7,1.6,2.3,59.0,1.0,94.0,1.2,0,23.0,19.0,9.2,6.5,15,3,2,1
16.01.2019 04:00:00,19.0,59.0,17.4,0,0.43,0,0.6,1.7,2.3,57.0,1.2,94.0,1.1,0,23.0,22.0,7.6,7.7,15,4,2,1
16.01.2019 05:00:00,16.0,61.0,17.3,0,0.45,0,0.7,1.8,2.4,53.0,1.6,94.0,1.0,0,26.0,24.0,7.1,6.8,15,5,2,1
16.01.2019 06:00:00,11.0,59.0,17.3,0,0.45,0,0.7,1.9,2.6,45.0,2.4,93.0,1.1,0,27.0,23.0,7.2,6.8,15,6,2,1
16.01.2019 07:00:00,11.0,58.0,17.3,0,0.43,0,0.9,2.9,3.8,44.0,2.2,93.0,1.0,0,35.0,38.0,6.3,6.5,15,7,2,1
16.01.2019 08:00:00,13.0,56.0,17.4,0,0.41,0,1.1,3.6,4.7,52.0,3.6,91.0,1.1,0,36.0,36.0,6.4,5.8,15,8,2,1
16.01.2019 09:00:00,11.0,54.0,17.3,0,0.37,0,1.2,2.9,4.1,53.0,1.8,89.0,1.0,0,41.0,42.0,7.0,6.1,15,9,2,1
16.01.2019 10:00:00,11.0,53.0,17.3,0,0.34,0,1.3,3.5,4.8,59.0,1.6,90.0,1.0,0,39.0,41.0,7.3,6.0,15,10,2,1
16.01.2019 11:00:00,12.0,55.0,17.3,0,0.33,0,1.4,2.8,4.1,63.0,1.2,87.0,1.0,0,45.0,48.0,8.7,6.8,15,11,2,1
16.01.2019 12:00:00,13.056,57.0,17.5,0,0.4,0,1.3,3.3,4.6,41.319,1.4,88.0,1.0,0,40.0,36.0,6.4,5.4,15,12,2,1
16.01.2019 13:00:00,13.0,56.0,17.4,0,0.4,0,1.2,3.1,4.3,54.0,0.2,88.0,1.1,0,45.0,46.0,10.0,7.8,15,13,2,1
16.01.2019 14:00:00,11.0,56.0,17.6,0,0.48,0,1.2,2.7,3.9,60.0,1.4,87.0,0.9,0,42.0,44.0,7.0,6.1,15,14,2,1
16.01.2019 15:00:00,7.0,56.0,17.2,0,0.48,0,1.0,3.2,4.2,40.0,2.6,88.0,0.9,0,46.0,50.0,8.6,7.3,15,15,2,1
16.01.2019 16:00:00,6.0,55.0,17.2,0,0.45,0,0.8,3.6,4.3,34.0,6.0,89.0,1.0,0,54.0,49.0,4.7,4.7,15,16,2,1
16.01.2019 17:00:00,6.0,51.0,17.4,0,0.33,0,0.9,2.0,2.9,38.0,2.8,92.0,0.9,0,48.0,49.0,9.8,8.9,15,17,2,1
16.01.2019 18:00:00,6.0,49.0,17.4,0,0.3,0,1.0,1.6,2.5,35.0,1.2,89.0,1.0,0,47.0,42.0,6.7,8.3,15,18,2,1
16.01.2019 19:00:00,7.0,47.0,17.4,0,0.28,0,0.9,2.0,2.9,43.0,1.6,88.0,1.0,0,39.0,30.0,7.5,6.7,15,19,2,1
16.01.2019 20:00:00,6.0,45.0,17.2,0,0.26,0,1.0,1.8,2.8,41.0,1.2,90.0,0.9,0,30.0,33.0,6.3,5.7,15,20,2,1
16.01.2019 21:00:00,5.0,46.0,17.1,0,0.25,0,0.9,1.3,2.2,37.0,2.0,87.0,1.0,0,45.0,48.0,6.9,7.1,15,21,2,1
16.01.2019 22:00:00,3.0,44.0,17.0,0,0.25,0,1.0,1.4,2.4,43.0,4.0,91.0,1.0,0,37.0,32.0,7.4,6.5,15,22,2,1
16.01.2019 23:00:00,5.0,45.0,16.7,0,0.25,0,0.9,1.3,2.2,47.0,1.2,89.0,1.0,0,35.0,28.0,6.7,5.9,15,23,2,1
16.01.2019 24:00:00,7.0,45.0,16.6,0,0.25,0,0.7,1.0,1.7,47.0,2.2,89.0,0.9,0,29.0,35.0,6.6,6.7,15,24,2,1
17.01.2019 01:00:00,8.0,44.0,16.4,0,0.26,0,0.6,1.1,1.7,40.0,1.8,90.0,0.8,0,27.0,35.0,6.1,7.2,16,1,3,1
17.01.2019 02:00:00,6.0,45.0,16.1,0,0.27,0,0.6,1.5,2.1,56.0,1.4,88.0,1.1,0,27.0,28.0,4.8,5.3,16,2,3,1
17.01.2019 03:00:00,5.0,46.0,16.1,0,0.29,0,0.5,1.7,2.2,47.0,1.0,90.0,1.2,0,24.0,25.0,5.8,6.7,16,3,3,1
17.01.2019 04:00:00,9.0,46.0,16.3,0,0.28,0,0.2,1.9,2.1,52.0,1.8,88.0,1.3,0,26.0,27.0,6.4,6.2,16,4,3,1
17.01.2019 05:00:00,8.0,46.0,16.1,0,0.28,0,0.3,1.7,2.0,44.0,2.8,91.0,1.3,0,25.0,23.0,9.9,6.9,16,5,3,1
17.01.2019 06:00:00,4.0,47.0,16.1,0,0.27,0,0.6,1.8,2.4,36.0,2.0,91.0,1.3,0,22.0,24.0,8.5,9.9,16,6,3,1
17.01.2019 07:00:00,6.0,46.0,16.5,0,0.29,0,0.2,2.2,2.4,45.0,0.2,85.0,1.2,0,23.0,23.0,8.5,8.6,16,7,3,1
17.01.2019 08:00:00,7.0,47.0,16.4,0,0.28,0,0.6,2.6,3.2,44.0,0.4,87.0,1.2,0,20.0,21.0,9.1,8.4,16,8,3,1
17.01.2019 09:00:00,10.0,48.0,16.0,0,0.26,0,0.6,2.1,2.6,44.0,0.6,90.0,1.3,0,20.0,20.0,9.8,9.2,16,9,3,1
17.01.2019 10:00:00,14.0,48.0,16.0,0,0.32,0,0.7,3.0,3.7,58.0,0.2,86.0,1.5,0,19.0,15.0,7.8,8.4,16,10,3,1
17.01.2019 11:00:00,12.0,48.0,15.9,0,0.32,0,0.6,2.7,3.3,62.0,0.4,86.0,1.3,0,18.0,20.0,9.0,8.3,16,11,3,1
17.01.2019 12:00:00,13.0,45.0,16.4,0,0.32,0,0.6,3.2,3.8,60.0,0,83.0,1.2,0,21.0,21.0,7.9,7.6,16,12,3,1
17.01.2019 13:00:00,15.0,44.0,16.7,0,0.3,0,0.9,3.7,4.5,69.0,0,80.0,1.2,0,22.0,21.0,6.8,6.5,16,13,3,1
17.01.2019 14:00:00,13.0,46.0,16.8,0,0.31,0,0.7,3.1,3.8,83.0,0,79.0,1.2,0,22.0,21.0,7.5,6.3,16,14,3,1
17.01.2019 15:00:00,12.0,48.0,16.9,0,0.31,0,0.5,2.9,3.5,64.0,0,79.0,1.2,0,21.0,20.0,7.4,7.6,16,15,3,1
17.01.2019 16:00:00,17.0,48.0,16.8,0,0.31,0,0.5,3.6,4.0,68.0,0,79.0,1.1,0,20.0,20.0,8.1,7.9,16,16,3,1
17.01.2019 17:00:00,22.0,48.0,16.7,0,0.34,0,0.6,4.6,5.2,67.0,0,79.0,1.4,0,21.0,20.0,8.9,8.7,16,17,3,1
17.01.2019 18:00:00,23.0,50.0,16.6,0,0.36,0,0.6,5.4,6.0,69.0,0,79.0,1.4,0,24.0,24.0,7.1,7.6,16,18,3,1
17.01.2019 19:00:00,23.0,51.0,16.6,0,0.34,0,0.7,5.5,6.2,74.0,0,77.0,1.4,0,26.0,28.0,7.7,7.0,16,19,3,1
17.01.2019 20:00:00,24.0,55.0,16.5,0,0.35,0,0.6,4.4,5.0,69.0,0,77.0,1.3,0,29.0,40.0,6.8,6.6,16,20,3,1
17.01.2019 21:00:00,24.0,55.0,16.5,0,0.35,0,0.6,4.4,5.0,80.0,0,74.0,1.4,0,37.0,41.0,7.7,5.9,16,21,3,1
17.01.2019 22:00:00,22.0,53.0,16.6,0,0.35,0,0.5,4.1,4.5,81.0,0,73.0,1.4,0,40.0,42.0,7.1,6.2,16,22,3,1
17.01.2019 23:00:00,19.0,53.0,16.7,0,0.34,0,0.5,3.6,4.1,82.0,0,71.0,1.4,0,46.0,47.0,9.2,7.2,16,23,3,1
17.01.2019 24:00:00,19.0,53.0,16.7,0,0.32,0,0.4,3.2,3.7,69.0,0,71.0,1.3,0,46.0,48.0,9.5,8.3,16,24,3,1
18.01.2019 01:00:00,20.0,54.0,16.5,0,0.32,0,0.4,2.5,2.9,68.0,0,69.0,1.7,0,47.0,47.0,10.0,9.2,17,1,4,1
18.01.2019 02:00:00,17.0,54.0,16.4,0,0.33,0,1.2,1.9,3.1,63.0,0,64.0,1.9,0,48.0,49.0,9.7,9.1,17,2,4,1
18.01.2019 03:00:00,20.0,53.0,16.5,0,0.32,0,1.2,2.0,3.2,60.0,0,62.0,1.9,0,52.0,50.0,9.9,8.6,17,3,4,1
18.01.2019 04:00:00,22.0,54.0,16.7,0,0.3,0,1.2,1.8,3.0,65.0,0,62.0,1.8,0,54.0,58.0,7.1,7.4,17,4,4,1
18.01.2019 05:00:00,19.0,54.0,16.9,0,0.27,0,1.4,1.7,3.1,54.0,0,60.0,1.8,0,58.0,64.0,5.6,6.4,17,5,4,1
18.01.2019 06:00:00,20.0,55.0,16.9,0,0.26,0,1.3,1.6,2.9,58.0,0,62.0,1.5,0,72.0,71.0,5.6,5.1,17,6,4,1
18.01.2019 07:00:00,18.0,52.0,17.0,0,0.25,0,1.5,3.6,5.1,44.0,0,61.0,2.5,0,87.0,97.0,3.0,3.5,17,7,4,1
18.01.2019 08:00:00,15.0,51.0,17.4,0,0.26,0,1.6,4.0,5.6,48.0,0,57.0,1.6,0,88.0,71.0,6.2,3.2,17,8,4,1
18.01.2019 09:00:00,15.0,51.0,17.6,0,0.26,0,1.6,3.0,4.6,47.0,0,63.0,1.6,0,72.0,86.0,3.9,4.5,17,9,4,1
18.01.2019 10:00:00,15.0,50.0,18.5,0,0.23,0,2.1,4.3,6.4,47.0,0,58.0,1.8,0,85.0,76.0,5.7,4.6,17,10,4,1
18.01.2019 11:00:00,15.0,52.0,18.8,0,0.23,0,2.3,3.0,5.2,49.0,0,60.0,1.6,0,84.0,101.0,4.9,4.8,17,11,4,1
18.01.2019 12:00:00,16.0,52.0,19.1,0,0.23,0,2.1,3.0,5.1,43.0,0,59.0,1.9,0,97.0,104.0,3.8,4.0,17,12,4,1
18.01.2019 13:00:00,14.0,52.0,19.6,0,0.22,0,2.0,3.5,5.5,45.0,0,59.0,1.7,0,84.0,81.0,5.4,4.0,17,13,4,1
18.01.2019 14:00:00,11.0,53.0,19.9,0,0.21,0,2.1,2.7,4.8,41.0,0,60.0,1.7,0,96.0,95.0,5.2,4.2,17,14,4,1
18.01.2019 15:00:00,14.0,53.0,19.6,0,0.21,0,1.8,3.5,5.3,43.0,0,61.0,2.0,0,96.0,99.0,4.0,3.8,17,15,4,1
18.01.2019 16:00:00,11.0,53.0,19.4,0,0.21,0,2.0,3.9,5.8,45.0,0,60.0,1.7,0,99.0,105.0,4.0,3.4,17,16,4,1
18.01.2019 17:00:00,11.0,52.0,19.3,0,0.21,0,1.9,3.6,5.5,38.0,0,60.0,2.0,0,114.0,114.0,2.8,2.7,17,17,4,1
18.01.2019 18:00:00,13.0,49.0,19.1,0,0.21,0,1.8,6.2,8.0,38.0,0,60.0,4.1,0,125.0,163.0,2.1,2.6,17,18,4,1
18.01.2019 19:00:00,13.0,44.0,19.0,0,0.22,0,1.8,11.0,12.0,33.0,0,58.0,6.6,0,132.0,177.0,1.4,1.3,17,19,4,1
18.01.2019 20:00:00,13.0,34.0,18.4,0,0.26,0,2.3,14.0,17.0,28.0,0,63.0,5.5,0,183.0,200.0,2.1,1.7,17,20,4,1
18.01.2019 21:00:00,12.0,33.0,17.7,0,0.27,0,2.2,11.0,13.0,30.0,0,68.0,2.0,0,180.0,156.0,2.3,2.0,17,21,4,1
18.01.2019 22:00:00,12.0,32.0,17.2,0,0.25,0,1.7,8.8,11.0,28.0,0,72.0,1.9,0,192.0,190.0,2.9,1.8,17,22,4,1
18.01.2019 23:00:00,15.0,29.0,15.1,0,0.23,0,1.7,6.2,7.9,20.0,0,82.0,1.7,0,203.0,207.0,3.8,3.9,17,23,4,1
18.01.2019 24:00:00,11.0,31.0,15.0,0,0.21,0,1.7,3.5,5.2,17.0,0,83.0,1.9,0,203.0,204.0,4.5,4.1,17,24,4,1
19.01.2019 01:00:00,8.0,33.0,14.8,0,0.19,0,1.1,1.8,2.9,11.0,0,83.0,1.3,0,203.0,200.0,3.2,4.0,18,1,5,1
19.01.2019 02:00:00,9.0,31.0,14.9,0,0.17,0,0.7,1.0,1.7,18.0,0,83.0,1.7,0,200.0,205.0,3.2,3.2,18,2,5,1
19.01.2019 03:00:00,10.0,38.0,15.9,0,0.17,0,0.7,0.7,1.4,19.0,0,77.0,1.8,0,218.0,218.0,4.0,3.6,18,3,5,1
19.01.2019 04:00:00,9.0,38.0,15.8,0,0.16,0,0.7,0.4,1.1,15.0,0,77.0,1.7,0,220.0,216.0,5.0,4.4,18,4,5,1
19.01.2019 05:00:00,7.0,36.0,15.6,0,0.16,0,0.8,0.2,1.1,19.0,0,78.0,1.7,0,217.0,217.0,4.9,4.7,18,5,5,1
19.01.2019 06:00:00,7.0,39.0,16.0,0,0.16,0,0.7,0.3,1.0,14.0,0,75.0,1.6,0,215.0,216.0,4.9,5.1,18,6,5,1
19.01.2019 07:00:00,11.0,35.0,16.0,0,0.2,0,1.1,2.3,3.4,21.0,0,75.0,1.7,0,222.0,228.0,3.4,4.1,18,7,5,1
19.01.2019 08:00:00,11.0,31.0,16.6,0,0.24,0,2.2,6.1,8.3,17.0,0,73.0,1.9,0,219.0,213.0,2.6,2.9,18,8,5,1
19.01.2019 09:00:00,11.0,22.0,18.3,0,0.34,0,7.2,13.0,20.0,21.0,0,70.0,2.4,0,206.0,217.0,2.4,1.7,18,9,5,1
19.01.2019 10:00:00,14.0,32.0,20.4,0,0.29,0,5.1,11.0,16.0,29.0,0,64.0,2.4,0,355.0,2.1,2.9,0.5,18,10,5,1
19.01.2019 11:00:00,13.0,40.0,20.5,0,0.24,0,2.6,7.4,10.0,37.0,0,69.0,3.4,0,38.0,82.0,2.1,2.3,18,11,5,1
19.01.2019 12:00:00,15.0,51.0,21.2,0,0.32,0,3.1,11.0,14.0,45.0,0,61.0,3.7,0,61.0,64.0,2.0,1.8,18,12,5,1
19.01.2019 13:00:00,23.0,64.0,21.3,0,0.35,0,1.8,10.0,12.0,55.0,0,65.0,3.5,0,43.0,40.0,1.5,1.8,18,13,5,1
19.01.2019 14:00:00,24.0,70.0,21.2,0,0.33,0,1.6,8.8,10.0,56.0,0,68.0,4.0,0,38.0,47.0,1.9,1.7,18,14,5,1
19.01.2019 15:00:00,21.0,70.0,21.1,0,0.33,0,1.4,8.5,9.8,54.0,0,68.0,4.5,0,43.0,18.0,1.9,1.5,18,15,5,1
19.01.2019 16:00:00,21.0,67.0,20.4,0,0.35,0,1.3,10.0,11.0,61.0,0,72.0,3.7,0,51.0,85.0,1.1,0.8,18,16,5,1
19.01.2019 17:00:00,21.0,64.0,20.3,0,0.33,0,1.2,10.0,11.0,60.0,0,76.0,3.4,0,96.0,17.0,1.1,0.5,18,17,5,1
19.01.2019 18:00:00,22.0,47.0,19.6,0,0.39,0,1.2,14.0,16.0,59.0,0,82.0,3.2,0,183.0,183.0,0.8,0.8,18,18,5,1
19.01.2019 19:00:00,24.0,22.0,19.0,0,0.49,0,1.7,20.0,22.0,48.0,0,86.0,2.9,0,209.0,212.0,3.3,1.6,18,19,5,1
19.01.2019 20:00:00,28.0,26.0,18.6,0,0.39,0,1.7,12.0,13.0,47.0,0,84.0,2.7,0,213.0,213.0,2.5,2.6,18,20,5,1
19.01.2019 21:00:00,28.0,22.0,17.8,0,0.4,0,2.0,12.0,14.0,30.0,0,83.0,2.5,0,215.0,207.0,2.1,2.0,18,21,5,1
19.01.2019 22:00:00,19.0,22.0,17.3,0,0.33,0,1.7,8.1,9.8,21.0,0,85.0,2.3,0,206.0,206.0,3.5,2.9,18,22,5,1
19.01.2019 23:00:00,15.0,30.0,18.7,0,0.26,0,1.3,5.7,7.0,20.0,0,77.0,2.2,0,232.0,263.0,2.0,1.8,18,23,5,1
19.01.2019 24:00:00,12.0,29.0,18.9,0,0.27,0,0.9,6.1,7.0,19.0,0,78.0,2.4,0,204.0,237.0,0.8,0.9,18,24,5,1
20.01.2019 01:00:00,13.0,29.0,18.4,0,0.27,0,1.0,6.3,7.2,29.0,0,82.0,2.7,0,325.0,331.0,1.4,0.7,19,1,6,1
20.01.2019 02:00:00,18.0,31.0,18.1,0,0.23,0,0.9,4.2,5.1,23.0,0,84.0,2.9,0,232.0,208.0,2.0,1.0,19,2,6,1
20.01.2019 03:00:00,15.0,25.0,16.9,0,0.22,0,0.8,3.1,3.8,11.0,0,84.0,2.8,0,212.0,213.0,2.9,3.1,19,3,6,1
20.01.2019 04:00:00,10.0,27.0,16.9,0,0.23,0,0.7,2.9,3.7,11.0,0,84.0,2.9,0,211.0,213.0,3.6,3.6,19,4,6,1
20.01.2019 05:00:00,9.0,26.0,16.9,0,0.22,0,0.8,2.7,3.4,13.0,0,85.0,2.7,0,211.0,211.0,3.0,3.4,19,5,6,1
20.01.2019 06:00:00,11.0,27.0,17.3,0,0.23,0,0.9,3.1,4.0,15.0,0,85.0,2.9,0,212.0,220.0,1.4,2.3,19,6,6,1
20.01.2019 07:00:00,15.0,31.0,18.3,0,0.29,0,1.3,7.8,9.1,36.0,0,88.0,3.5,0,264.0,199.0,1.0,0.6,19,7,6,1
20.01.2019 08:00:00,19.0,39.0,19.3,0,0.28,0,1.7,7.4,9.2,41.0,0,87.0,3.6,0,316.0,316.0,3.5,1.7,19,8,6,1
20.01.2019 09:00:00,19.0,44.0,20.2,0,0.22,0,1.3,6.4,7.7,33.0,0,84.0,3.5,0,319.0,327.0,3.2,2.7,19,9,6,1
20.01.2019 10:00:00,14.0,43.0,20.7,0,0.24,0,1.6,7.2,8.8,33.0,0,80.0,3.2,0,347.0,360.0,2.8,2.8,19,10,6,1
20.01.2019 11:00:00,15.0,46.0,21.0,0,0.31,0,1.2,5.5,6.6,39.0,0,80.0,2.7,0,20.0,22.0,7.6,5.1,19,11,6,1
20.01.2019 12:00:00,19.0,49.0,20.1,0,0.41,0,0.8,5.2,6.0,59.0,0,82.0,2.7,0,21.0,21.0,10.0,9.5,19,12,6,1
20.01.2019 13:00:00,26.0,52.0,19.7,0,0.49,0,1.0,5.9,6.8,66.0,0,83.0,2.5,0,21.0,21.0,11.0,11.0,19,13,6,1
20.01.2019 14:00:00,36.0,43.0,19.2,0,0.62,0,0.9,13.0,14.0,97.0,0,82.0,2.7,0,21.0,20.0,12.0,12.0,19,14,6,1
20.01.2019 15:00:00,47.0,37.0,18.7,0,0.67,0,1.4,18.0,19.0,125.0,0,84.0,2.6,0,20.0,18.0,11.0,11.0,19,15,6,1
20.01.2019 16:00:00,49.0,47.0,18.4,0,0.54,0,1.0,9.6,11.0,117.0,0,85.0,2.5,0,16.0,16.0,11.0,11.0,19,16,6,1
20.01.2019 17:00:00,45.0,51.0,18.2,0,0.54,0,1.1,8.5,9.6,132.0,0,82.0,2.5,0,18.0,19.0,8.6,9.3,19,17,6,1
20.01.2019 18:00:00,42.0,53.0,17.8,0,0.5,0,0.9,7.6,8.5,127.0,0,81.0,2.7,0,23.0,21.0,9.5,7.6,19,18,6,1
20.01.2019 19:00:00,42.0,53.0,17.6,0,0.47,0,1.1,5.2,6.3,108.0,0,82.0,2.2,0,20.0,19.0,9.9,8.2,19,19,6,1
20.01.2019 20:00:00,39.0,55.0,17.7,0,0.47,0,1.0,4.6,5.6,99.0,0.2,82.0,2.4,0,18.0,18.0,7.6,9.0,19,20,6,1
20.01.2019 21:00:00,34.0,58.0,17.6,0,0.5,0,1.0,4.6,5.6,95.0,0.6,85.0,2.3,0,16.0,15.0,9.2,7.6,19,21,6,1
20.01.2019 22:00:00,29.0,61.0,17.2,0,0.5,0,0.8,4.1,4.9,76.0,1.2,87.0,2.4,0,14.0,15.0,11.0,11.0,19,22,6,1
20.01.2019 23:00:00,28.0,59.0,16.6,0,0.52,0,0.7,3.7,4.4,77.0,1.2,86.0,2.2,0,15.0,16.0,11.0,11.0,19,23,6,1
20.01.2019 24:00:00,27.0,57.0,16.4,0,0.49,0,1.0,3.1,4.1,77.0,0.4,85.0,2.1,0,15.0,15.0,9.9,10.0,19,24,6,1
21.01.2019 01:00:00,24.0,57.0,16.3,0,0.45,0,0.9,3.2,4.1,90.0,0.8,84.0,2.5,0,15.0,15.0,9.7,9.3,20,1,0,1
21.01.2019 02:00:00,22.0,57.0,16.2,0,0.42,0,0.7,2.6,3.3,81.0,1.2,85.0,1.6,0,15.0,15.0,11.0,9.7,20,2,0,1
21.01.2019 03:00:00,19.0,54.0,15.6,0,0.35,0,0.9,2.0,2.9,53.0,1.8,89.0,1.5,0,15.0,16.0,10.0,10.0,20,3,0,1
21.01.2019 04:00:00,15.0,52.0,15.7,0,0.31,0,0.9,1.8,2.7,61.0,0.8,87.0,1.4,0,15.0,16.0,9.4,9.6,20,4,0,1
21.01.2019 05:00:00,14.0,52.0,15.9,0,0.3,0,0.8,1.9,2.7,70.0,0.2,86.0,1.5,0,16.0,14.0,8.3,8.9,20,5,0,1
21.01.2019 06:00:00,15.0,50.0,16.3,0,0.3,0,0.9,1.9,2.8,76.0,0.2,84.0,1.4,0,15.0,14.0,11.0,9.1,20,6,0,1
21.01.2019 07:00:00,15.0,48.0,16.3,0,0.28,0,1.1,1.7,2.8,65.0,0.4,85.0,1.5,0,15.0,15.0,8.2,8.7,20,7,0,1
21.01.2019 08:00:00,14.0,48.0,16.5,0,0.26,0,1.2,2.9,4.1,71.0,0.4,85.0,1.4,0,18.0,15.0,9.1,6.3,20,8,0,1
21.01.2019 09:00:00,14.0,48.0,16.4,0,0.25,0,1.1,2.7,3.8,65.0,0.8,84.0,1.3,0,20.0,31.0,6.7,6.2,20,9,0,1
21.01.2019 10:00:00,15.0,47.0,16.5,0,0.24,0,1.5,3.5,5.0,67.0,0.2,80.0,1.4,0,30.0,33.0,6.8,5.3,20,10,0,1
21.01.2019 11:00:00,12.0,45.0,16.8,0,0.24,0,1.8,4.3,6.1,63.0,0,79.0,1.2,0,23.0,25.0,4.1,4.5,20,11,0,1
21.01.2019 12:00:00,11.0,46.0,17.0,0,0.22,0,1.7,3.3,5.0,57.0,0,79.0,1.4,0,27.0,29.0,6.5,5.3,20,12,0,1
21.01.2019 13:00:00,11.0,47.0,16.8,0,0.21,0,1.3,2.8,4.1,51.0,0.2,82.0,1.3,0,28.0,32.0,8.1,6.0,20,13,0,1
21.01.2019 14:00:00,10.0,46.0,16.6,0,0.21,0,1.1,3.2,4.4,57.0,0,85.0,1.3,0,25.0,19.0,5.0,4.9,20,14,0,1
21.01.2019 15:00:00,9.0,45.0,16.4,0,0.19,0,1.2,3.6,4.8,48.0,0.2,89.0,1.3,0,20.0,15.0,8.6,5.4,20,15,0,1
21.01.2019 16:00:00,8.0,46.0,16.3,0,0.18,0,1.2,2.6,3.8,48.0,0.4,87.0,1.3,0,21.0,20.0,5.8,6.3,20,16,0,1
21.01.2019 17:00:00,11.0,45.0,16.3,0,0.19,0,1.3,3.1,4.4,49.0,0,87.0,1.4,0,22.0,32.0,5.9,5.7,20,17,0,1
21.01.2019 18:00:00,12.0,45.0,16.5,0,0.21,0,1.3,3.4,4.7,69.0,0,83.0,1.4,0,30.0,29.0,4.6,3.9,20,18,0,1
21.01.2019 19:00:00,14.0,46.0,16.9,0,0.21,0,1.1,2.6,3.7,72.0,0,79.0,1.2,0,26.0,30.0,5.0,4.1,20,19,0,1
21.01.2019 20:00:00,15.0,46.0,16.8,0,0.2,0,1.0,2.2,3.2,70.0,0.2,81.0,1.3,0,27.0,15.0,5.2,4.9,20,20,0,1
21.01.2019 21:00:00,12.0,44.0,16.5,0,0.21,0,1.2,3.7,5.0,52.0,0,85.0,1.3,0,9.0,358.0,3.3,1.6,20,21,0,1
21.01.2019 22:00:00,12.0,47.0,16.6,0,0.21,0,1.0,2.0,2.9,53.0,0.8,88.0,1.3,0,18.0,15.0,6.2,4.5,20,22,0,1
21.01.2019 23:00:00,13.0,50.0,16.4,0,0.22,0,1.0,1.6,2.6,37.0,3.6,92.0,1.3,0,16.0,15.0,9.2,6.9,20,23,0,1
21.01.2019 24:00:00,11.0,51.0,16.1,0,0.22,0,0.8,1.4,2.2,39.0,1.2,92.0,1.2,0,16.0,16.0,8.8,8.5,20,24,0,1
22.01.2019 01:00:00,11.0,51.0,16.2,0,0.23,0,0.5,1.5,2.0,50.0,0.8,89.0,0.9,0,15.0,12.0,6.6,7.1,21,1,1,1
22.01.2019 02:00:00,12.0,52.0,16.1,0,0.23,0,1.4,1.1,2.4,50.0,0.8,89.0,0.8,0,14.0,14.0,7.3,7.2,21,2,1,1
22.01.2019 03:00:00,14.0,53.0,15.9,0,0.25,0,1.4,1.1,2.5,60.0,0.2,84.0,0.7,0,7.9,341.0,5.6,4.8,21,3,1,1
22.01.2019 04:00:00,15.0,53.0,15.4,0,0.28,0,0.9,1.4,2.3,41.0,0,85.0,0.7,0,315.0,308.0,4.6,1.9,21,4,1,1
22.01.2019 05:00:00,15.0,54.0,15.6,0,0.27,0,1.2,1.6,2.8,57.0,0,82.0,1.0,0,358.0,8.3,5.6,3.4,21,5,1,1
22.01.2019 06:00:00,17.0,53.0,15.5,0,0.27,0,1.1,2.0,3.1,53.0,0,83.0,1.0,0,318.0,239.0,3.5,1.3,21,6,1,1
22.01.2019 07:00:00,17.0,52.0,15.6,0,0.26,0,1.2,2.5,3.8,60.0,0,78.0,1.1,0,2.5,11.0,5.4,2.9,21,7,1,1
22.01.2019 08:00:00,16.0,53.0,15.3,0,0.29,0,1.8,2.5,4.3,56.0,0,75.0,1.2,0,8.0,13.0,5.9,4.6,21,8,1,1
22.01.2019 09:00:00,18.0,49.0,15.1,0,0.31,0,1.7,3.2,4.8,56.0,0,77.0,1.3,0,356.0,4.1,5.4,3.7,21,9,1,1
22.01.2019 10:00:00,18.0,45.0,15.1,0,0.32,0,1.7,4.4,6.0,53.0,0,78.0,1.6,0,4.8,6.0,6.9,4.8,21,10,1,1
22.01.2019 11:00:00,18.0,45.0,14.9,0,0.35,0,1.9,4.7,6.7,59.0,0,75.0,2.2,0,357.0,346.0,4.8,3.8,21,11,1,1
22.01.2019 12:00:00,24.0,48.0,14.9,0,0.43,0,1.7,5.9,7.6,88.0,0,72.0,2.6,0,351.0,356.0,5.7,3.6,21,12,1,1
22.01.2019 13:00:00,29.0,48.0,14.8,0,0.36,0,2.1,6.1,8.2,67.0,0,70.0,2.8,0,356.0,9.6,6.1,4.0,21,13,1,1
22.01.2019 14:00:00,28.0,51.0,14.8,0,0.33,0,1.5,5.3,6.8,71.0,0,68.0,2.6,0,5.8,341.0,4.9,5.1,21,14,1,1
22.01.2019 15:00:00,24.0,55.0,15.1,0,0.34,0,1.6,5.8,7.4,92.0,0,66.0,3.1,0,11.0,16.0,6.4,5.0,21,15,1,1
22.01.2019 16:00:00,24.0,61.0,15.2,0,0.35,0,1.5,5.3,6.8,92.0,0,64.0,3.1,0,15.0,15.0,6.3,5.7,21,16,1,1
22.01.2019 17:00:00,24.0,63.0,15.3,0,0.33,0,1.5,4.7,6.2,87.0,0,60.0,2.6,0,10.0,2.5,4.4,4.6,21,17,1,1
22.01.2019 18:00:00,24.0,65.0,15.4,0,0.34,0,1.3,4.9,6.2,87.0,0,61.0,2.3,0,9.9,15.0,5.9,4.4,21,18,1,1
22.01.2019 19:00:00,27.0,68.0,15.6,0,0.32,0,1.4,3.9,5.3,85.0,0,63.0,2.0,0,16.0,15.0,6.0,5.4,21,19,1,1
22.01.2019 20:00:00,25.0,67.0,15.7,0,0.31,0,1.5,3.8,5.3,82.0,0,63.0,1.9,0,15.0,14.0,6.0,5.5,21,20,1,1
22.01.2019 21:00:00,21.0,67.0,15.8,0,0.28,0,1.4,4.0,5.3,73.0,0,61.0,1.8,0,18.0,18.0,5.4,5.4,21,21,1,1
22.01.2019 22:00:00,19.0,67.0,15.7,0,0.29,0,1.2,3.4,4.6,76.0,0,60.0,1.7,0,23.0,35.0,5.4,4.5,21,22,1,1
22.01.2019 23:00:00,21.0,67.0,15.6,0,0.31,0,1.2,3.2,4.5,70.0,0,61.0,1.7,0,29.0,35.0,6.5,4.3,21,23,1,1
22.01.2019 24:00:00,23.0,66.0,15.6,0,0.29,0,1.5,3.9,5.3,70.0,0,57.0,1.9,0,30.0,30.0,3.6,4.0,21,24,1,1
23.01.2019 01:00:00,19.0,64.0,15.3,0,0.29,0,1.5,3.1,4.5,75.0,0,59.0,2.1,0,38.0,46.0,3.1,4.3,22,1,2,1
23.01.2019 02:00:00,17.0,43.0,12.4,0,0.28,0,0.4,2.8,3.2,36.0,0,78.0,1.8,0,109.0,87.0,1.6,1.1,22,2,2,1
23.01.2019 03:00:00,18.0,51.0,13.4,0,0.28,0,0.5,2.5,3.0,42.0,0,73.0,2.3,0,47.0,38.0,5.0,2.8,22,3,2,1
23.01.2019 04:00:00,19.0,64.0,15.6,0,0.3,0,0.5,2.7,3.2,69.0,0,58.0,2.6,0,35.0,35.0,6.7,6.6,22,4,2,1
23.01.2019 05:00:00,23.0,65.0,15.8,0,0.32,0,0.5,2.8,3.3,71.0,0,60.0,2.6,0,35.0,36.0,5.9,6.0,22,5,2,1
23.01.2019 06:00:00,25.0,63.0,15.9,0,0.32,0,0.8,3.1,3.9,71.0,0,61.0,2.6,0,35.0,36.0,7.2,6.2,22,6,2,1
23.01.2019 07:00:00,28.0,60.0,16.1,0,0.31,0,0.6,3.7,4.2,68.0,0,62.0,2.6,0,38.0,37.0,5.9,6.3,22,7,2,1
23.01.2019 08:00:00,26.0,59.0,16.3,0,0.29,0,0.8,4.3,5.1,68.0,0,61.0,2.6,0,39.0,43.0,3.8,5.1,22,8,2,1
23.01.2019 09:00:00,24.0,60.0,16.5,0,0.3,0,1.1,4.9,6.0,68.0,0,61.0,2.6,0,43.0,46.0,4.4,4.8,22,9,2,1
23.01.2019 10:00:00,24.0,60.0,16.9,0,0.31,0,0.8,5.5,6.3,63.0,0,60.0,2.4,0,46.0,52.0,4.0,4.2,22,10,2,1
23.01.2019 11:00:00,25.0,61.0,17.4,0,0.32,0,1.0,5.1,6.2,65.0,0,59.0,2.4,0,45.0,48.0,4.4,4.6,22,11,2,1
23.01.2019 12:00:00,25.0,62.0,17.6,0,0.33,0,1.0,4.9,5.9,65.0,0,59.0,2.5,0,47.0,45.0,4.3,4.2,22,12,2,1
23.01.2019 13:00:00,28.0,63.0,17.5,0,0.34,0,0.8,4.9,5.7,67.0,0,60.0,2.4,0,36.0,35.0,5.4,4.8,22,13,2,1
23.01.2019 14:00:00,29.0,64.0,17.5,0,0.33,0,0.8,4.9,5.7,71.0,0,62.0,2.4,0,40.0,38.0,5.2,4.6,22,14,2,1
23.01.2019 15:00:00,27.0,65.0,17.5,0,0.32,0,0.7,5.0,5.7,63.0,0,61.0,2.3,0,46.0,49.0,3.5,3.9,22,15,2,1
23.01.2019 16:00:00,24.0,66.0,17.5,0,0.31,0,0.6,4.9,5.5,67.0,0,64.0,2.3,0,44.0,41.0,5.6,4.9,22,16,2,1
23.01.2019 17:00:00,24.0,67.0,17.5,0,0.3,0,0.5,4.6,5.2,62.0,0,64.0,2.2,0,45.0,44.0,5.1,4.8,22,17,2,1
23.01.2019 18:00:00,27.0,66.0,17.5,0,0.3,0,0.6,4.7,5.3,67.0,0,64.0,2.1,0,43.0,46.0,4.4,4.7,22,18,2,1
23.01.2019 19:00:00,24.0,67.0,17.6,0,0.29,0,0.3,3.9,4.2,67.0,0,65.0,2.2,0,43.0,40.0,5.1,4.9,22,19,2,1
23.01.2019 20:00:00,22.0,68.0,17.6,0,0.28,0,0.6,3.4,4.0,66.0,0,65.0,2.1,0,41.0,44.0,4.4,5.1,22,20,2,1
23.01.2019 21:00:00,24.0,69.0,17.7,0,0.27,0,0.3,3.3,3.6,67.0,0,65.0,2.0,0,39.0,37.0,6.3,5.6,22,21,2,1
23.01.2019 22:00:00,23.0,70.0,17.7,0,0.28,0,0.4,3.2,3.6,64.0,0,65.0,2.0,0,39.0,42.0,5.4,5.6,22,22,2,1
23.01.2019 23:00:00,22.0,71.0,17.7,0,0.28,0,0.6,3.5,4.1,61.0,0,65.0,2.1,0,41.0,37.0,5.9,5.6,22,23,2,1
23.01.2019 24:00:00,24.0,72.0,17.8,0,0.3,0,0.7,3.1,3.9,62.0,0,66.0,2.2,0,38.0,38.0,6.0,6.0,22,24,2,1
24.01.2019 01:00:00,23.0,74.0,17.7,0,0.3,0,0.5,3.3,3.8,70.0,0,66.0,2.6,0,37.0,36.0,6.6,6.5,23,1,3,1
24.01.2019 02:00:00,25.0,74.0,17.7,0,0.29,0,1.3,2.7,4.0,61.0,0,67.0,2.0,0,39.0,39.0,7.2,6.3,23,2,3,1
24.01.2019 03:00:00,28.0,74.0,17.6,0,0.29,0,1.4,3.2,4.6,68.0,0,67.0,1.8,0,38.0,39.0,6.2,6.3,23,3,3,1
24.01.2019 04:00:00,25.0,74.0,17.6,0,0.29,0,1.3,3.0,4.2,60.0,0,67.0,1.9,0,33.0,34.0,6.5,6.5,23,4,3,1
24.01.2019 05:00:00,25.0,74.0,17.5,0,0.29,0,1.6,2.8,4.4,69.0,0,69.0,1.9,0,30.0,29.0,5.8,6.2,23,5,3,1
24.01.2019 06:00:00,24.0,73.0,17.5,0,0.29,0,1.5,2.5,4.0,66.0,0,67.0,1.9,0,29.0,29.0,5.4,5.6,23,6,3,1
24.01.2019 07:00:00,23.0,72.0,17.5,0,0.29,0,1.5,3.2,4.7,70.0,0,68.0,1.9,0,33.0,33.0,6.1,5.4,23,7,3,1
24.01.2019 08:00:00,23.0,71.0,17.3,0,0.28,0,1.3,3.9,5.2,66.0,0,68.0,1.9,0,33.0,32.0,6.7,5.7,23,8,3,1
24.01.2019 09:00:00,20.0,67.0,17.3,0,0.26,0,1.4,4.3,5.7,62.0,0,67.0,2.0,0,32.0,34.0,6.0,5.2,23,9,3,1
24.01.2019 10:00:00,19.0,66.0,17.4,0,0.25,0,1.4,3.5,4.8,56.0,0,66.0,2.1,0,33.0,32.0,5.7,5.7,23,10,3,1
24.01.2019 11:00:00,20.0,64.0,17.7,0,0.27,0,1.5,3.5,5.0,54.0,0,66.0,2.0,0,35.0,35.0,5.8,5.6,23,11,3,1
24.01.2019 12:00:00,24.0,65.0,17.9,0,0.27,0,1.4,3.3,4.7,50.0,0,66.0,2.0,0,35.0,36.0,5.2,5.4,23,12,3,1
24.01.2019 13:00:00,24.0,67.0,18.0,0,0.26,0,1.2,3.9,5.1,49.0,0,65.0,2.1,0,34.0,33.0,5.5,5.5,23,13,3,1
24.01.2019 14:00:00,19.0,59.708,18.1,0,0.0,0,1.133,7.716,9.94,41.0,0,66.0,0.943,0,33.0,21.0,4.5,4.9,23,14,3,1
24.01.2019 15:00:00,20.75,70.0,18.1,0,0.26,0,1.7,2.4,4.2,63.319,0.831,68.0,1.8,0,35.0,36.0,6.3,5.9,23,15,3,1
24.01.2019 16:00:00,21.0,70.0,18.0,0,0.27,0,1.3,3.2,4.5,49.0,0,69.0,2.1,0,33.0,32.0,5.1,5.5,23,16,3,1
24.01.2019 17:00:00,23.0,66.0,18.1,0,0.28,0,1.7,4.5,6.1,53.0,0,68.0,1.9,0,37.0,34.0,4.9,4.1,23,17,3,1
24.01.2019 18:00:00,23.0,69.0,18.2,0,0.29,0,1.6,3.5,5.1,55.0,0,71.0,1.9,0,35.0,33.0,5.1,4.9,23,18,3,1
24.01.2019 19:00:00,20.0,71.0,18.2,0,0.29,0,1.8,2.9,4.7,56.0,0,71.0,2.0,0,36.0,35.0,5.9,5.2,23,19,3,1
24.01.2019 20:00:00,19.0,72.0,18.2,0,0.28,0,1.5,3.0,4.5,52.0,0,72.0,1.9,0,38.0,41.0,3.9,4.3,23,20,3,1
24.01.2019 21:00:00,20.0,73.0,18.1,0,0.29,0,1.4,2.7,4.1,53.0,0,73.0,2.0,0,38.0,36.0,4.1,4.3,23,21,3,1
24.01.2019 22:00:00,20.0,70.0,18.2,0,0.3,0,1.4,2.7,4.1,53.0,0,73.0,2.0,0,35.0,34.0,4.6,4.4,23,22,3,1
24.01.2019 23:00:00,19.0,70.0,18.4,0,0.3,0,1.6,2.1,3.7,51.0,0,74.0,1.8,0,34.0,32.0,3.6,3.8,23,23,3,1
24.01.2019 24:00:00,22.0,57.0,18.0,0,0.31,0,1.5,3.7,5.2,43.0,0,78.0,1.8,0,49.0,140.0,0.5,1.6,23,24,3,1
25.01.2019 01:00:00,22.0,45.0,17.4,0,0.31,0,1.3,4.9,6.2,42.0,0,83.0,1.6,0,112.0,62.0,0.9,0.7,24,1,4,1
25.01.2019 02:00:00,23.0,48.0,17.7,0,0.32,0,0.0,3.5,3.5,35.0,0,83.0,2.2,0,49.0,33.0,2.2,1.2,24,2,4,1
25.01.2019 03:00:00,23.0,56.0,18.4,0,0.31,0,0.2,3.9,4.1,46.0,0,79.0,2.1,0,37.0,54.0,1.8,2.7,24,3,4,1
25.01.2019 04:00:00,20.0,48.0,17.9,0,0.31,0,0.2,3.8,4.0,38.0,0,82.0,2.2,0,45.0,31.0,5.2,1.7,24,4,4,1
25.01.2019 05:00:00,24.0,62.0,18.7,0,0.3,0,0.2,3.7,3.9,50.0,0,79.0,2.3,0,31.0,27.0,3.3,3.5,24,5,4,1
25.01.2019 06:00:00,26.0,67.0,18.8,0,0.29,0,0.0,3.2,3.2,53.0,0,77.0,2.2,0,29.0,27.0,3.5,3.7,24,6,4,1
25.01.2019 07:00:00,24.0,64.0,18.7,0,0.31,0,0.1,5.1,5.2,66.0,0,78.0,2.2,0,30.0,32.0,4.1,3.2,24,7,4,1
25.01.2019 08:00:00,23.0,62.0,18.8,0,0.33,0,0.4,7.5,7.8,65.0,0,78.0,2.2,0,29.0,30.0,2.8,2.9,24,8,4,1
25.01.2019 09:00:00,22.0,63.0,18.9,0,0.3,0,0.5,6.3,6.8,52.0,0,77.0,2.2,0,32.0,33.0,3.4,3.0,24,9,4,1
25.01.2019 10:00:00,24.0,65.0,19.1,0,0.28,0,0.2,4.4,4.5,47.0,0,75.0,2.4,0,35.0,38.0,3.3,4.1,24,10,4,1
25.01.2019 11:00:00,24.0,65.0,19.6,0,0.28,0,0.4,4.7,5.2,50.0,0,74.0,2.2,0,37.0,37.0,4.3,3.7,24,11,4,1
25.01.2019 12:00:00,21.0,66.0,19.9,0,0.28,0,0.5,4.7,5.2,46.0,0,72.0,2.2,0,35.0,33.0,2.8,3.6,24,12,4,1
25.01.2019 13:00:00,22.0,63.0,19.9,0,0.3,0,0.9,8.4,9.3,54.0,0,75.0,2.6,0,25.0,32.0,3.2,2.6,24,13,4,1
25.01.2019 14:00:00,20.0,67.0,19.6,0,0.3,0,0.5,6.7,7.2,53.0,0,76.0,2.3,0,17.0,17.0,3.8,3.6,24,14,4,1
25.01.2019 15:00:00,23.0,67.0,19.9,0,0.29,0,0.5,6.2,6.7,92.0,0,74.0,2.3,0,18.0,23.0,2.3,2.7,24,15,4,1
25.01.2019 16:00:00,23.0,68.0,19.7,0,0.29,0,0.2,5.8,6.0,54.0,0,75.0,2.2,0,16.0,15.0,4.1,3.2,24,16,4,1
25.01.2019 17:00:00,23.0,68.0,19.4,0,0.29,0,0.3,5.6,5.8,50.0,0,76.0,2.3,0,15.0,23.0,2.8,3.6,24,17,4,1
25.01.2019 18:00:00,26.0,66.0,19.3,0,0.3,0,0.5,7.3,7.7,46.0,0,76.0,2.2,0,19.0,24.0,2.8,2.5,24,18,4,1
25.01.2019 19:00:00,24.0,67.0,19.3,0,0.28,0,0.4,6.6,7.0,49.0,0,77.0,2.2,0,25.0,19.0,4.4,3.0,24,19,4,1
25.01.2019 20:00:00,22.0,69.0,19.2,0,0.26,0,0.3,4.2,4.4,44.0,0,75.0,2.0,0,16.0,15.0,7.0,5.6,24,20,4,1
25.01.2019 21:00:00,24.0,67.0,19.0,0,0.26,0,0.2,3.0,3.2,49.0,0,73.0,2.0,0,16.0,17.0,6.1,5.1,24,21,4,1
25.01.2019 22:00:00,24.0,67.0,18.8,0,0.29,0,0.0,3.1,3.2,55.0,0,73.0,2.1,0,16.0,17.0,5.0,5.1,24,22,4,1
25.01.2019 23:00:00,24.0,68.0,18.5,0,0.31,0,-0.1,2.7,2.7,53.0,0,72.0,2.2,0,15.0,15.0,8.2,7.4,24,23,4,1
25.01.2019 24:00:00,24.0,67.0,18.3,0,0.3,0,0.2,2.5,2.6,55.0,0,69.0,2.2,0,15.0,17.0,7.1,8.1,24,24,4,1
26.01.2019 01:00:00,22.0,66.0,18.0,0,0.32,0,0.0,2.5,2.5,66.0,0,67.0,2.0,0,17.0,16.0,7.4,6.9,25,1,5,1
26.01.2019 02:00:00,20.0,65.0,17.7,0,0.28,0,0.5,1.6,2.1,50.0,0,65.0,1.1,0,18.0,17.0,7.7,7.1,25,2,5,1
26.01.2019 03:00:00,19.0,65.0,17.4,0,0.24,0,0.6,1.4,2.0,53.0,0,64.0,1.1,0,16.0,16.0,8.6,7.8,25,3,5,1
26.01.2019 04:00:00,15.0,59.0,17.2,0,0.18,0,0.3,1.2,1.6,48.0,0,63.0,0.9,0,19.0,18.0,7.5,6.6,25,4,5,1
26.01.2019 05:00:00,11.0,55.0,17.1,0,0.15,0,0.3,0.9,1.2,48.0,0,65.0,0.8,0,17.0,20.0,7.7,7.5,25,5,5,1
26.01.2019 06:00:00,12.0,57.0,16.5,0,0.17,0,0.3,1.3,1.6,66.0,0,69.0,1.0,0,16.0,15.0,12.0,12.0,25,6,5,1
26.01.2019 07:00:00,13.0,52.0,16.3,0,0.15,0,0.4,1.3,1.7,95.0,0,68.0,0.8,0,16.0,16.0,13.0,10.0,25,7,5,1
26.01.2019 08:00:00,12.0,53.0,15.8,0,0.17,0,0.5,1.4,1.9,82.0,0,67.0,0.7,0,16.0,16.0,12.0,12.0,25,8,5,1
26.01.2019 09:00:00,15.0,52.0,16.0,0,0.21,0,0.6,1.6,2.3,81.0,0,65.0,0.9,0,16.0,15.0,10.0,10.0,25,9,5,1
26.01.2019 10:00:00,19.0,51.0,15.7,0,0.26,0,0.8,2.5,3.3,97.0,0,68.0,0.8,0,16.0,17.0,11.0,10.0,25,10,5,1
26.01.2019 11:00:00,24.0,54.0,15.6,0,0.26,0,0.7,2.0,2.7,95.0,0,68.0,0.9,0,16.0,17.0,12.0,11.0,25,11,5,1
26.01.2019 12:00:00,23.0,56.0,15.5,0,0.29,0,0.9,2.2,3.1,121.0,0,69.0,0.9,0,15.0,14.0,12.0,11.0,25,12,5,1
26.01.2019 13:00:00,24.0,57.0,15.1,0,0.31,0,0.7,2.5,3.3,95.0,0,72.0,1.0,0,15.0,16.0,11.0,12.0,25,13,5,1
26.01.2019 14:00:00,26.0,56.0,14.8,0,0.24,0,0.7,2.6,3.3,87.0,0,70.0,1.1,0,17.0,16.0,11.0,11.0,25,14,5,1
26.01.2019 15:00:00,19.0,51.0,14.9,0,0.16,0,0.8,2.4,3.2,87.0,0,67.0,0.7,0,20.0,22.0,6.8,7.0,25,15,5,1
26.01.2019 16:00:00,15.0,50.0,14.9,0,0.16,0,1.5,2.2,3.7,87.0,0,68.0,0.6,0,23.0,15.0,9.6,6.7,25,16,5,1
26.01.2019 17:00:00,13.0,50.0,14.8,0,0.15,0,0.9,1.6,2.4,82.0,0,66.0,0.5,0,19.0,19.0,7.8,7.6,25,17,5,1
26.01.2019 18:00:00,13.0,51.0,14.9,0,0.16,0,0.8,1.7,2.5,100.0,0,64.0,0.6,0,26.0,27.0,8.0,6.0,25,18,5,1
26.01.2019 19:00:00,14.0,51.0,14.9,0,0.16,0,0.8,1.4,2.2,94.0,0,65.0,0.6,0,22.0,22.0,5.8,5.7,25,19,5,1
26.01.2019 20:00:00,12.0,50.0,15.1,0,0.15,0,0.6,1.6,2.2,98.0,0,64.0,0.6,0,28.0,34.0,7.3,5.4,25,20,5,1
26.01.2019 21:00:00,11.0,48.0,15.2,0,0.14,0,0.7,1.1,1.8,88.0,0,66.0,0.5,0,28.0,21.0,8.0,6.8,25,21,5,1
26.01.2019 22:00:00,11.0,46.0,15.1,0,0.14,0,0.7,1.1,1.8,87.0,0,68.0,0.5,0,24.0,32.0,6.0,6.0,25,22,5,1
26.01.2019 23:00:00,10.0,46.0,15.4,0,0.14,0,0.6,1.0,1.6,89.0,0,64.0,0.3,0,26.0,26.0,6.5,5.6,25,23,5,1
26.01.2019 24:00:00,11.0,46.0,15.4,0,0.14,0,0.9,0.7,1.5,80.0,0,63.0,0.3,0,26.0,30.0,5.9,6.2,25,24,5,1
27.01.2019 01:00:00,11.0,47.0,15.5,0,0.15,0,0.7,0.5,1.2,86.0,0,65.0,0.6,0,29.0,33.0,6.7,6.2,26,1,6,1
27.01.2019 02:00:00,11.0,47.0,15.6,0,0.13,0,0.8,1.1,1.8,98.0,0,63.0,1.6,0,30.0,29.0,4.4,4.5,26,2,6,1
27.01.2019 03:00:00,11.0,47.0,15.5,0,0.13,0,0.4,1.4,1.7,95.0,0,63.0,1.4,0,27.0,23.0,6.6,5.1,26,3,6,1
27.01.2019 04:00:00,11.0,47.0,15.4,0,0.12,0,0.6,1.3,1.9,80.0,0,67.0,1.3,0,20.0,23.0,5.8,5.7,26,4,6,1
27.01.2019 05:00:00,11.0,47.0,15.5,0,0.12,0,0.5,1.2,1.7,90.0,0,63.0,1.5,0,30.0,32.0,5.1,4.9,26,5,6,1
27.01.2019 06:00:00,11.0,48.0,15.7,0,0.13,0,0.7,1.3,2.0,79.0,0,60.0,1.4,0,31.0,30.0,4.9,4.6,26,6,6,1
27.01.2019 07:00:00,11.0,48.0,15.8,0,0.13,0,0.5,1.4,1.9,81.0,0,62.0,1.5,0,31.0,33.0,6.1,5.1,26,7,6,1
27.01.2019 08:00:00,11.0,47.0,15.7,0,0.13,0,0.7,1.9,2.6,75.0,0,66.0,1.5,0,30.0,29.0,5.0,5.1,26,8,6,1
27.01.2019 09:00:00,11.0,47.0,15.8,0,0.13,0,0.8,2.5,3.3,84.0,0,67.0,1.5,0,29.0,31.0,5.7,4.8,26,9,6,1
27.01.2019 10:00:00,12.0,47.0,15.9,0,0.0,0,0.9,2.0,2.9,78.0,0,69.0,1.6,0,32.0,34.0,6.2,6.0,26,10,6,1
27.01.2019 11:00:00,11.0,47.0,15.8,0,0.12,0,0.8,2.0,2.7,66.0,0,72.0,1.5,0,33.0,36.0,6.9,6.2,26,11,6,1
27.01.2019 12:00:00,9.0,45.0,15.5,0,0.13,0,0.9,2.8,3.7,35.0,0,78.0,1.5,0,50.0,50.0,2.5,3.5,26,12,6,1
27.01.2019 13:00:00,8.0,42.0,15.6,0,0.14,0,1.4,5.3,6.6,28.0,0,78.0,1.6,0,49.0,44.0,3.0,2.1,26,13,6,1
27.01.2019 14:00:00,7.0,41.0,15.9,0,0.15,0,1.4,6.0,7.4,30.0,0,74.0,1.7,0,59.0,53.0,2.5,1.1,26,14,6,1
27.01.2019 15:00:00,6.0,43.0,16.4,0,0.15,0,1.7,3.8,5.6,55.0,0,70.0,1.6,0,40.0,34.0,5.5,3.5,26,15,6,1
27.01.2019 16:00:00,6.0,46.0,16.7,0,0.13,0,0.8,2.7,3.5,73.0,0,67.0,1.7,0,38.0,40.0,4.6,4.8,26,16,6,1
27.01.2019 17:00:00,6.0,47.0,16.8,0,0.14,0,0.6,2.4,3.0,56.0,0,66.0,1.6,0,43.0,43.0,4.3,4.1,26,17,6,1
27.01.2019 18:00:00,8.0,49.0,16.7,0,0.14,0,0.7,2.7,3.4,50.0,0,67.0,1.5,0,43.0,47.0,3.0,4.0,26,18,6,1
27.01.2019 19:00:00,8.0,49.0,16.8,0,0.14,0,0.9,2.6,3.5,54.0,0,66.0,1.5,0,41.0,38.0,4.1,4.0,26,19,6,1
27.01.2019 20:00:00,7.0,43.0,16.5,0,0.15,0,0.8,3.1,4.0,51.0,0,68.0,1.6,0,46.0,119.0,1.2,2.9,26,20,6,1
27.01.2019 21:00:00,7.0,27.0,15.0,0,0.17,0,1.1,6.4,7.5,16.0,0,80.0,1.7,0,127.0,138.0,1.9,1.4,26,21,6,1
27.01.2019 22:00:00,10.0,27.0,14.8,0,0.16,0,1.0,4.9,5.9,20.0,0,81.0,1.8,0,132.0,131.0,2.6,2.2,26,22,6,1
27.01.2019 23:00:00,11.0,26.0,14.3,0,0.15,0,0.9,3.9,4.8,17.0,0,84.0,1.6,0,138.0,140.0,2.6,2.5,26,23,6,1
27.01.2019 24:00:00,10.0,25.0,14.1,0,0.14,0,0.9,3.1,4.0,14.0,0,85.0,1.7,0,142.0,143.0,3.2,2.9,26,24,6,1
28.01.2019 01:00:00,11.0,24.0,13.8,0,0.13,0,0.8,2.3,3.1,14.0,0,87.0,1.6,0,146.0,148.0,3.3,3.3,27,1,0,1
28.01.2019 02:00:00,12.0,23.0,13.3,0,0.14,0,2.0,2.6,4.6,12.0,0,89.0,1.7,0,147.0,149.0,3.4,3.3,27,2,0,1
28.01.2019 03:00:00,10.0,23.0,12.9,0,0.14,0,1.8,2.5,4.3,8.0,0,90.0,1.8,0,149.0,147.0,3.5,3.8,27,3,0,1
28.01.2019 04:00:00,6.0,25.0,12.9,0,0.14,0,1.8,2.1,3.9,16.0,0,89.0,1.7,0,149.0,147.0,4.1,4.0,27,4,0,1
28.01.2019 05:00:00,7.0,24.0,12.9,0,0.14,0,1.9,1.9,3.8,13.0,0,90.0,1.7,0,147.0,146.0,3.6,4.0,27,5,0,1
28.01.2019 06:00:00,8.0,24.0,13.0,0,0.15,0,1.7,1.9,3.6,14.0,0,90.0,1.7,0,147.0,149.0,4.2,4.1,27,6,0,1
28.01.2019 07:00:00,7.0,23.0,13.0,0,0.16,0,2.1,3.2,5.3,10.0,0,90.0,1.8,0,147.0,146.0,4.4,4.3,27,7,0,1
28.01.2019 08:00:00,7.0,21.0,14.0,0,0.2,0,2.8,5.5,8.3,19.0,0,88.0,1.7,0,147.0,146.0,3.5,4.0,27,8,0,1
28.01.2019 09:00:00,10.0,20.0,16.5,0,0.26,0,6.2,11.0,17.0,14.0,0,81.0,2.1,0,138.0,115.0,0.5,1.7,27,9,0,1
28.01.2019 10:00:00,11.0,39.0,18.5,0,0.19,0,3.8,7.3,11.0,66.0,0,70.0,2.5,0,4.2,11.0,1.8,0.9,27,10,0,1
28.01.2019 11:00:00,14.194,45.0,19.1,0,0.16,0,3.1,4.7,7.8,60.042,0,68.0,2.9,0,4.6,359.0,1.7,1.2,27,11,0,1
28.01.2019 12:00:00,2.0,47.0,19.6,0,0.16,0,1.073,7.195,9.266,58.0,0,66.0,2.7,0,14.0,17.0,1.8,1.6,27,12,0,1
28.01.2019 13:00:00,5.0,46.0,19.9,0,0.15,0,1.072,7.189,9.256,39.0,0,65.0,2.0,0,25.0,35.0,2.4,2.3,27,13,0,1
28.01.2019 14:00:00,9.0,50.0,20.1,0,0.15,0,1.4,4.0,5.4,50.0,0,65.0,2.1,0,27.0,30.0,2.7,2.1,27,14,0,1
28.01.2019 15:00:00,9.0,50.0,20.0,0,0.15,0,1.4,4.5,5.8,52.0,0,67.0,1.9,0,24.0,17.0,2.6,2.1,27,15,0,1
28.01.2019 16:00:00,6.0,51.0,19.8,0,0.16,0,1.4,4.2,5.6,41.0,0,67.0,1.9,0,24.0,21.0,1.9,1.7,27,16,0,1
28.01.2019 17:00:00,7.0,49.0,19.5,0,0.19,0,1.4,7.4,8.8,55.0,0,69.0,1.9,0,16.0,11.0,2.0,1.7,27,17,0,1
28.01.2019 18:00:00,11.0,29.0,18.7,0,0.3,0,3.2,18.0,21.0,38.0,0,75.0,2.1,0,132.0,140.0,1.7,0.5,27,18,0,1
28.01.2019 19:00:00,11.0,27.0,17.7,0,0.25,0,1.5,10.0,12.0,23.0,0,82.0,2.0,0,147.0,151.0,2.5,2.4,27,19,0,1
28.01.2019 20:00:00,9.0,27.0,17.1,0,0.2,0,1.3,6.7,8.1,16.0,0,85.0,2.0,0,152.0,155.0,3.1,2.9,27,20,0,1
28.01.2019 21:00:00,10.0,27.0,16.6,0,0.18,0,0.9,5.4,6.3,16.0,0,87.0,2.0,0,151.0,151.0,3.1,3.1,27,21,0,1
28.01.2019 22:00:00,10.0,26.0,16.2,0,0.17,0,1.2,5.2,6.4,19.0,0,87.0,2.1,0,146.0,146.0,2.7,2.9,27,22,0,1
28.01.2019 23:00:00,11.0,25.0,16.5,0,0.19,0,1.0,5.2,6.2,14.0,0,87.0,2.0,0,133.0,127.0,2.2,2.5,27,23,0,1
28.01.2019 24:00:00,11.0,27.0,17.2,0,0.19,0,1.1,5.2,6.3,13.0,0,85.0,2.3,0,127.0,109.0,0.7,0.9,27,24,0,1
29.01.2019 01:00:00,10.0,50.0,18.9,0,0.14,0,0.9,2.5,3.4,35.0,0,77.0,1.8,0,35.0,35.0,5.1,4.5,28,1,1,1
29.01.2019 02:00:00,7.0,54.0,19.2,0,0.13,0,0.9,1.6,2.4,29.0,0,74.0,1.7,0,34.0,34.0,4.9,5.1,28,2,1,1
29.01.2019 03:00:00,9.0,51.0,19.0,0,0.14,0,0.8,4.0,4.7,36.0,0,73.0,2.4,0,34.0,36.0,2.5,4.0,28,3,1,1
29.01.2019 04:00:00,14.0,49.0,18.4,0,0.14,0,0.7,2.4,3.1,27.0,0,77.0,1.6,0,56.0,139.0,0.7,1.2,28,4,1,1
29.01.2019 05:00:00,12.0,40.0,17.7,0,0.14,0,0.8,2.8,3.6,20.0,0,84.0,1.4,0,45.0,31.0,3.3,1.8,28,5,1,1
29.01.2019 06:00:00,13.0,48.0,18.3,0,0.15,0,0.6,2.8,3.4,32.0,0,80.0,1.7,0,37.0,65.0,1.7,2.8,28,6,1,1
29.01.2019 07:00:00,13.0,44.0,17.9,0,0.17,0,0.9,5.8,6.7,21.0,0,81.0,2.3,0,73.0,122.0,1.5,1.9,28,7,1,1
29.01.2019 08:00:00,9.0,27.0,17.5,0,0.29,0,2.3,15.0,17.0,24.0,0,86.0,2.3,0,140.0,140.0,0.8,1.1,28,8,1,1
29.01.2019 09:00:00,11.0,37.0,18.4,0,0.23,0,1.9,11.0,13.0,35.0,0,81.0,2.6,0,39.0,34.0,3.8,2.5,28,9,1,1
29.01.2019 10:00:00,13.0,41.167,19.3,0,0.0,0,1.085,7.404,9.65,34.0,0,76.0,1.122,0,41.0,48.0,3.2,3.0,28,10,1,1
29.01.2019 11:00:00,14.0,43.0,19.4,0,0.2,0,2.0,9.3,11.0,21.0,0,74.0,3.1,0,95.0,98.0,1.8,1.7,28,11,1,1
29.01.2019 12:00:00,13.0,52.0,20.1,0,0.17,0,1.4,3.4,4.8,24.0,0,71.0,1.9,0,53.0,35.0,2.0,2.2,28,12,1,1
29.01.2019 13:00:00,11.0,54.0,20.6,0,0.17,0,1.1,3.4,4.5,37.0,0,72.0,1.7,0,32.0,35.0,5.3,2.6,28,13,1,1
29.01.2019 14:00:00,13.0,55.0,20.4,0,0.16,0,0.9,3.8,4.7,37.0,0,75.0,1.9,0,35.0,37.0,5.1,5.1,28,14,1,1
29.01.2019 15:00:00,13.0,56.0,20.3,0,0.16,0,0.9,2.9,3.9,28.0,0,77.0,1.6,0,35.0,36.0,4.5,4.8,28,15,1,1
29.01.2019 16:00:00,15.0,56.0,20.2,0,0.16,0,1.0,4.3,5.3,39.0,0,79.0,1.8,0,36.0,33.0,3.6,4.0,28,16,1,1
29.01.2019 17:00:00,16.0,48.0,20.2,0,0.22,0,1.4,9.8,11.0,39.0,0,80.0,1.8,0,28.0,14.0,1.9,1.4,28,17,1,1
29.01.2019 18:00:00,14.0,35.0,20.0,0,0.28,0,1.2,13.0,14.0,37.0,0,82.0,1.8,0,108.0,131.0,2.5,0.9,28,18,1,1
29.01.2019 19:00:00,15.0,21.0,18.8,0,0.31,0,2.1,14.0,16.0,29.0,0,85.0,1.9,0,124.0,123.0,2.5,2.3,28,19,1,1
29.01.2019 20:00:00,15.0,20.0,18.2,0,0.26,0,2.5,12.0,15.0,21.0,0,87.0,1.8,0,124.0,124.0,2.7,2.6,28,20,1,1
29.01.2019 21:00:00,11.0,28.0,18.7,0,0.22,0,1.7,9.5,11.0,22.0,0,82.0,2.1,0,124.0,122.0,2.2,2.2,28,21,1,1
29.01.2019 22:00:00,10.0,23.0,18.1,0,0.21,0,1.5,10.0,12.0,17.0,0,86.0,2.0,0,125.0,129.0,2.9,2.8,28,22,1,1
29.01.2019 23:00:00,12.0,23.0,17.6,0,0.2,0,1.5,7.6,9.1,19.0,0,88.0,1.7,0,132.0,133.0,4.2,3.6,28,23,1,1
29.01.2019 24:00:00,14.0,24.0,17.6,0,0.19,0,1.6,7.6,9.2,17.0,0,87.0,1.7,0,130.0,130.0,3.6,3.6,28,24,1,1
30.01.2019 01:00:00,11.0,27.0,17.7,0,0.19,0,1.0,3.9,4.9,24.0,0,87.0,1.9,0,119.0,147.0,3.5,3.2,29,1,2,1
30.01.2019 02:00:00,11.0,27.0,17.7,0,0.21,0,0.7,2.3,3.0,20.0,0,87.0,1.2,0,138.0,136.0,1.4,1.9,29,2,2,1
30.01.2019 03:00:00,11.0,31.0,17.8,0,0.19,0,0.5,1.6,2.1,11.0,0,84.0,1.3,0,146.0,147.0,3.4,2.4,29,3,2,1
30.01.2019 04:00:00,11.0,33.0,17.8,0,0.19,0,0.4,0.6,1.0,17.0,0,82.0,1.2,0,139.0,147.0,3.3,2.6,29,4,2,1
30.01.2019 05:00:00,12.0,30.0,16.9,0,0.19,0,0.4,0.6,1.0,10.0,0,86.0,1.2,0,145.0,141.0,3.8,3.4,29,5,2,1
30.01.2019 06:00:00,8.0,29.0,16.2,0,0.2,0,0.6,0.6,1.3,13.0,0,88.0,1.1,0,144.0,142.0,4.5,4.1,29,6,2,1
30.01.2019 07:00:00,9.0,27.0,16.2,0,0.22,0,0.9,3.3,4.2,15.0,0,86.0,1.0,0,143.0,143.0,4.1,4.3,29,7,2,1
30.01.2019 08:00:00,12.0,26.0,16.6,0,0.26,0,1.6,5.1,6.7,9.0,0,84.0,1.2,0,147.0,144.0,3.0,3.2,29,8,2,1
30.01.2019 09:00:00,11.0,19.0,18.4,0,0.33,0,6.3,10.0,16.0,17.0,0,80.0,1.5,0,135.0,103.0,1.5,1.8,29,9,2,1
30.01.2019 10:00:00,12.0,33.0,20.0,0,0.29,0,3.2,10.0,14.0,40.0,0,75.0,3.1,0,41.0,56.0,2.5,1.6,29,10,2,1
30.01.2019 11:00:00,19.0,38.0,20.2,0,0.31,0,3.2,11.0,14.0,43.0,0,78.0,3.7,0,36.0,24.0,2.5,2.0,29,11,2,1
30.01.2019 12:00:00,24.0,45.0,21.0,0,0.32,0,3.4,13.0,16.0,66.0,0,76.0,4.0,0,25.0,6.9,1.9,2.4,29,12,2,1
30.01.2019 13:00:00,26.0,56.0,21.4,0,0.33,0,2.9,12.0,15.0,88.0,0,76.0,4.3,0,20.0,360.0,3.5,2.9,29,13,2,1
30.01.2019 14:00:00,31.0,62.0,21.3,0,0.33,0,2.0,12.0,14.0,87.0,0,77.0,4.1,0,15.0,15.0,3.8,3.6,29,14,2,1
30.01.2019 15:00:00,33.0,67.0,20.8,0,0.33,0,1.3,11.0,12.0,73.0,0,79.0,3.4,0,20.0,22.0,2.1,2.4,29,15,2,1
30.01.2019 16:00:00,31.0,65.0,20.5,0,0.33,0,1.4,11.0,12.0,77.0,0,81.0,3.6,0,27.0,31.0,1.8,1.9,29,16,2,1
30.01.2019 17:00:00,32.0,60.0,20.0,0,0.36,0,1.2,13.0,14.0,73.0,0,83.0,2.7,0,49.0,64.0,1.2,0.9,29,17,2,1
30.01.2019 18:00:00,32.0,53.0,19.8,0,0.38,0,0.8,13.0,13.0,65.0,0,85.0,2.6,0,46.0,54.0,1.0,0.6,29,18,2,1
30.01.2019 19:00:00,33.0,29.0,19.3,0,0.48,0,1.3,19.0,21.0,62.0,0,88.0,2.1,0,127.0,140.0,1.2,1.2,29,19,2,1
30.01.2019 20:00:00,30.0,30.0,18.9,0,0.4,0,1.0,13.0,14.0,50.0,0,84.0,2.1,0,142.0,133.0,0.8,1.2,29,20,2,1
30.01.2019 21:00:00,26.0,24.0,19.0,0,0.43,0,1.2,17.0,18.0,53.0,0,83.0,2.1,0,140.0,138.0,1.3,1.1,29,21,2,1
30.01.2019 22:00:00,22.0,27.0,19.3,0,0.4,0,0.9,11.0,12.0,40.0,0,82.0,2.0,0,141.0,148.0,2.2,2.2,29,22,2,1
30.01.2019 23:00:00,17.0,32.0,19.5,0,0.31,0,0.7,6.8,7.5,31.0,0,79.0,1.8,0,140.0,143.0,3.5,3.1,29,23,2,1
30.01.2019 24:00:00,15.0,34.0,19.5,0,0.25,0,0.7,4.1,4.8,17.0,0,75.0,1.5,0,139.0,139.0,2.1,2.8,29,24,2,1
31.01.2019 01:00:00,12.0,36.0,19.5,0,0.23,0,0.7,2.8,3.5,16.0,0,72.0,1.2,0,131.0,130.0,4.4,4.0,30,1,3,1
31.01.2019 02:00:00,11.0,38.0,19.3,0,0.19,0,0.5,2.0,2.5,7.0,0,71.0,1.5,0,131.0,130.0,5.1,4.6,30,2,3,1
31.01.2019 03:00:00,14.0,38.0,18.6,0,0.17,0,0.4,1.8,2.2,17.0,0,71.0,1.4,0,129.0,129.0,5.6,5.4,30,3,3,1
31.01.2019 04:00:00,11.0,39.0,18.8,0,0.17,0,0.6,1.3,1.9,12.0,0,69.0,1.4,0,129.0,129.0,4.9,5.1,30,4,3,1
31.01.2019 05:00:00,8.0,36.0,18.4,0,0.18,0,0.5,1.5,1.9,12.0,0,72.0,1.2,0,139.0,136.0,3.8,3.6,30,5,3,1
31.01.2019 06:00:00,6.0,37.0,17.7,0,0.17,0,0.2,1.5,1.7,13.0,0,72.0,1.3,0,135.0,139.0,5.8,5.1,30,6,3,1
31.01.2019 07:00:00,5.0,36.0,17.7,0,0.19,0,0.4,2.7,3.1,9.0,0,74.0,1.4,0,143.0,142.0,4.9,4.9,30,7,3,1
31.01.2019 08:00:00,11.0,32.0,18.6,0,0.24,0,1.0,5.3,6.3,11.0,0,76.0,1.6,0,141.0,73.0,2.1,3.5,30,8,3,1
31.01.2019 09:00:00,14.0,26.0,19.7,0,0.33,0,3.1,14.0,17.0,29.0,0,77.0,2.6,0,59.0,132.0,0.5,0.7,30,9,3,1
31.01.2019 10:00:00,15.0,33.0,21.9,0,0.37,0,4.4,14.0,18.0,28.0,0,63.0,3.1,0,134.0,138.0,4.1,1.8,30,10,3,1
31.01.2019 11:00:00,21.0,48.0,23.9,0,0.41,0,2.5,14.0,16.0,43.0,0,53.0,3.7,0,160.0,158.0,5.3,3.9,30,11,3,1
31.01.2019 12:00:00,25.0,55.0,24.2,0,0.48,0,3.4,18.0,21.0,46.0,0,55.0,3.9,0,312.0,2.4,3.1,0.4,30,12,3,1
31.01.2019 13:00:00,30.0,60.0,22.8,0,0.69,0,6.1,35.0,41.0,77.0,0,64.0,8.0,0,20.0,21.0,2.5,2.4,30,13,3,1
31.01.2019 14:00:00,32.0,74.0,23.3,0,0.42,0,2.4,19.0,21.0,47.0,0,57.0,4.5,0,39.0,31.0,1.4,1.2,30,14,3,1
31.01.2019 15:00:00,27.0,68.0,24.2,0,0.39,0,1.3,18.0,19.0,49.0,0,55.0,3.8,0,21.0,290.0,1.8,0.7,30,15,3,1
31.01.2019 16:00:00,22.0,64.0,24.7,0,0.29,0,0.8,9.7,11.0,34.0,0,52.0,3.5,0,12.0,357.0,8.0,1.7,30,16,3,1
31.01.2019 17:00:00,26.0,59.0,19.6,0,0.39,0,0.6,10.0,11.0,84.0,0,80.0,2.6,0,343.0,338.0,2.9,4.6,30,17,3,1
31.01.2019 18:00:00,24.0,45.0,18.4,0,0.33,0,0.7,6.4,7.1,41.0,0,85.0,1.6,0,14.0,5.7,7.3,5.0,30,18,3,1
31.01.2019 19:00:00,13.0,53.0,17.8,0,0.33,0,0.4,4.4,4.8,47.0,0,83.0,1.5,0,19.0,21.0,7.6,7.8,30,19,3,1
31.01.2019 20:00:00,15.0,56.0,17.4,0,0.4,0,0.5,5.4,5.9,53.0,0,82.0,1.8,0,19.0,19.0,9.2,8.3,30,20,3,1
31.01.2019 21:00:00,14.0,59.0,16.6,0,0.45,0,0.5,3.8,4.3,52.0,0,83.0,1.3,0,19.0,17.0,8.8,8.6,30,21,3,1
31.01.2019 22:00:00,11.0,56.0,16.1,0,0.46,0,0.5,3.5,3.9,70.0,0,82.0,1.3,0,18.0,17.0,11.0,9.5,30,22,3,1
31.01.2019 23:00:00,13.0,53.0,15.8,0,0.41,0,0.6,2.8,3.4,83.0,0,80.0,1.2,0,18.0,18.0,9.2,8.6,30,23,3,1
31.01.2019 24:00:00,13.0,52.0,15.6,0,0.36,0,0.5,2.4,2.9,89.0,0,79.0,1.2,0,18.0,20.0,8.6,9.1,30,24,3,1
01.02.2019 01:00:00,12.0,52.0,15.4,0,0.31,0,0.7,2.1,2.7,80.0,0,78.0,1.6,0,17.0,16.0,9.3,9.9,31,1,4,2
01.02.2019 02:00:00,15.0,51.0,15.3,0,0.25,0,0.4,1.9,2.3,91.0,0,78.0,1.4,0,18.0,18.0,9.5,9.0,31,2,4,2
01.02.2019 03:00:00,15.0,50.0,15.2,0,0.24,0,0.0,1.9,1.9,94.0,0,78.0,1.3,0,18.0,18.0,9.7,8.2,31,3,4,2
01.02.2019 04:00:00,15.0,49.0,15.2,0,0.25,0,0.0,1.9,1.9,90.0,0,78.0,1.4,0,17.0,17.0,9.4,8.9,31,4,4,2
01.02.2019 05:00:00,15.0,49.0,15.1,0,0.28,0,0.2,2.4,2.5,86.0,0,79.0,1.3,0,19.0,21.0,8.2,7.5,31,5,4,2
01.02.2019 06:00:00,16.0,50.0,15.2,0,0.3,0,0.4,2.8,3.1,83.0,0,78.0,1.3,0,19.0,20.0,7.5,6.7,31,6,4,2
01.02.2019 07:00:00,19.0,49.0,15.0,0,0.33,0,0.2,2.7,3.0,74.0,0,80.0,1.4,0,19.0,17.0,9.6,8.2,31,7,4,2
01.02.2019 08:00:00,18.0,48.0,15.1,0,0.35,0,0.4,3.2,3.6,77.0,0,82.0,1.5,0,19.0,27.0,5.7,7.0,31,8,4,2
01.02.2019 09:00:00,18.0,47.0,15.4,0,0.35,0,0.8,4.4,5.2,83.0,0,80.0,1.4,0,29.0,24.0,5.0,4.8,31,9,4,2
01.02.2019 10:00:00,16.0,47.0,15.8,0,0.35,0,0.8,4.4,5.2,84.0,0,78.0,1.4,0,31.0,23.0,4.4,5.0,31,10,4,2
01.02.2019 11:00:00,15.0,47.0,16.0,0,0.35,0,0.9,4.1,5.0,97.0,0,76.0,1.3,0,19.0,15.0,7.3,5.6,31,11,4,2
01.02.2019 12:00:00,15.0,47.0,15.8,0,0.34,0,0.5,3.4,4.0,81.0,0,79.0,1.4,0,18.0,17.0,8.0,7.7,31,12,4,2
01.02.2019 13:00:00,16.0,48.0,15.3,0,0.37,0,0.7,3.8,4.5,80.0,0,82.0,1.5,0,8.6,24.0,6.7,5.3,31,13,4,2
01.02.2019 14:00:00,19.0,49.0,15.1,0,0.37,0,0.7,3.8,4.5,104.0,0,81.0,1.4,0,22.0,36.0,5.0,4.8,31,14,4,2
01.02.2019 15:00:00,20.0,50.0,15.3,0,0.38,0,0.7,4.6,5.3,113.0,0,77.0,1.6,0,35.0,50.0,4.6,3.9,31,15,4,2
01.02.2019 16:00:00,19.0,52.0,15.5,0,0.36,0,0.5,4.0,4.5,105.0,0,75.0,1.3,0,51.0,52.0,3.8,4.0,31,16,4,2
01.02.2019 17:00:00,18.0,53.0,15.8,0,0.34,0,0.5,3.1,3.5,93.0,0,73.0,1.3,0,55.0,61.0,4.0,4.2,31,17,4,2
01.02.2019 18:00:00,18.0,51.0,15.9,0,0.35,0,0.7,5.9,6.6,75.0,0,72.0,1.3,0,79.0,91.0,2.6,1.8,31,18,4,2
01.02.2019 19:00:00,18.0,36.0,15.6,0,0.4,0,0.9,10.0,11.0,58.0,0,78.0,1.4,0,124.0,186.0,1.7,0.9,31,19,4,2
01.02.2019 20:00:00,19.0,24.0,14.7,0,0.38,0,2.0,11.0,13.0,39.0,0,86.0,1.6,0,204.0,209.0,2.3,1.8,31,20,4,2
01.02.2019 21:00:00,19.0,26.0,14.9,0,0.35,0,1.5,9.2,11.0,38.0,0,85.0,2.0,0,200.0,210.0,2.2,1.9,31,21,4,2
01.02.2019 22:00:00,15.0,26.0,14.9,0,0.31,0,0.8,7.2,8.0,31.0,0,87.0,2.2,0,206.0,205.0,3.2,2.8,31,22,4,2
01.02.2019 23:00:00,12.0,27.0,14.9,0,0.28,0,0.5,5.9,6.4,32.0,0,89.0,2.4,0,213.0,208.0,2.8,3.3,31,23,4,2
01.02.2019 24:00:00,11.0,25.0,15.3,0,0.26,0,0.5,7.9,8.4,33.0,0,88.0,3.5,0,210.0,202.0,2.6,3.0,31,24,4,2
02.02.2019 01:00:00,13.0,23.0,15.5,0,0.24,0,0.6,11.0,11.0,32.0,0,89.0,4.5,0,213.0,212.0,3.0,3.0,32,1,5,2
02.02.2019 02:00:00,15.0,21.0,15.4,0,0.26,0,0.6,9.8,10.0,30.0,0,90.0,3.7,0,209.0,207.0,2.8,2.8,32,2,5,2
02.02.2019 03:00:00,15.0,21.0,15.3,0,0.26,0,0.6,8.0,8.6,27.0,0,91.0,3.0,0,213.0,215.0,2.9,2.9,32,3,5,2
02.02.2019 04:00:00,13.0,22.0,15.2,0,0.26,0,0.6,5.7,6.3,28.0,0,92.0,2.4,0,214.0,217.0,3.1,3.1,32,4,5,2
02.02.2019 05:00:00,10.0,23.0,15.0,0,0.26,0,0.3,4.2,4.4,22.0,0,92.0,2.1,0,213.0,210.0,4.0,3.4,32,5,5,2
02.02.2019 06:00:00,7.0,25.0,15.5,0,0.27,0,0.7,3.3,4.0,11.0,0,91.0,1.9,0,213.0,215.0,2.7,3.1,32,6,5,2
02.02.2019 07:00:00,7.0,25.0,16.1,0,0.29,0,0.8,3.7,4.6,13.0,0,89.0,1.9,0,211.0,211.0,4.3,3.7,32,7,5,2
02.02.2019 08:00:00,8.0,22.0,16.8,0,0.33,0,1.3,5.9,7.2,12.0,0,88.0,1.9,0,207.0,199.0,2.3,3.4,32,8,5,2
02.02.2019 09:00:00,7.0,17.0,18.1,0,0.44,0,4.1,10.0,14.0,11.0,0,85.0,1.9,0,196.0,176.0,1.7,1.9,32,9,5,2
02.02.2019 10:00:00,7.0,24.0,20.2,0,0.4,0,3.5,9.7,13.0,11.0,0,76.0,2.1,0,175.0,67.0,1.2,1.0,32,10,5,2
02.02.2019 11:00:00,9.0,36.0,21.2,0,0.38,0,2.3,10.0,13.0,53.0,0,70.0,2.3,0,21.0,22.0,1.9,1.5,32,11,5,2
02.02.2019 12:00:00,9.0,43.0,22.3,0,0.37,0,2.7,8.0,11.0,60.0,0,68.0,2.7,0,18.0,19.0,3.0,2.8,32,12,5,2
02.02.2019 13:00:00,10.0,52.0,22.1,0,0.34,0,1.8,7.4,9.2,60.0,0,65.0,3.0,0,17.0,22.0,2.7,2.9,32,13,5,2
02.02.2019 14:00:00,16.917,42.264,21.9,0,0.34,0,1.3,9.3,11.0,52.611,0,67.0,2.6,0,19.0,34.0,3.3,2.8,32,14,5,2
02.02.2019 15:00:00,16.712,55.0,21.7,0,0.38,0,1.6,8.7,10.0,52.05,0,69.0,2.7,0,28.0,8.3,3.2,2.4,32,15,5,2
02.02.2019 16:00:00,17.0,63.0,21.1,0,0.37,0,1.2,8.9,10.0,87.0,0,72.0,3.1,0,31.0,53.0,2.1,1.9,32,16,5,2
02.02.2019 17:00:00,19.0,59.0,20.2,0,0.39,0,0.9,11.0,11.0,68.0,0,78.0,3.0,0,58.0,71.0,0.9,1.1,32,17,5,2
02.02.2019 18:00:00,19.0,53.0,19.8,0,0.41,0,0.6,14.0,14.0,70.0,0,82.0,2.7,0,72.0,110.0,1.0,1.2,32,18,5,2
02.02.2019 19:00:00,24.0,38.0,19.4,0,0.5,0,1.1,19.0,20.0,63.0,0,85.0,2.1,0,115.0,49.0,0.9,0.2,32,19,5,2
02.02.2019 20:00:00,31.0,48.0,18.5,0,0.43,0,0.9,11.0,12.0,95.0,0,90.0,2.2,0,30.0,355.0,0.9,0.9,32,20,5,2
02.02.2019 21:00:00,37.0,34.0,18.3,0,0.49,0,1.4,16.0,17.0,99.0,0,90.0,2.0,0,189.0,188.0,1.4,0.4,32,21,5,2
02.02.2019 22:00:00,30.0,18.0,18.2,0,0.39,0,1.4,13.0,14.0,47.0,0,91.0,2.0,0,200.0,201.0,1.5,1.1,32,22,5,2
02.02.2019 23:00:00,20.0,16.0,17.8,0,0.43,0,1.8,17.0,19.0,76.0,0,92.0,2.3,0,324.0,209.0,0.5,0.2,32,23,5,2
02.02.2019 24:00:00,17.0,14.0,17.7,0,0.34,0,1.5,11.0,13.0,32.0,0,91.0,2.2,0,205.0,225.0,1.1,0.4,32,24,5,2
03.02.2019 01:00:00,11.0,14.0,17.2,0,0.31,0,0.6,7.9,8.5,30.0,0,92.0,1.5,0,211.0,321.0,0.5,0.3,33,1,6,2
03.02.2019 02:00:00,6.0,13.0,16.7,0,0.28,0,0.3,6.1,6.4,12.0,0,93.0,1.2,0,207.0,215.0,1.0,0.8,33,2,6,2
03.02.2019 03:00:00,4.0,12.0,16.3,0,0.25,0,0.0,4.2,4.3,9.0,0,94.0,1.1,0,200.0,193.0,1.6,1.6,33,3,6,2
03.02.2019 04:00:00,4.0,11.0,16.1,0,0.27,0,-0.1,4.4,4.3,11.0,0,94.0,1.2,0,203.0,207.0,2.4,1.2,33,4,6,2
03.02.2019 05:00:00,6.0,15.0,16.3,0,0.27,0,0.0,4.1,4.0,11.0,0,94.0,1.0,0,214.0,223.0,1.6,2.6,33,5,6,2
03.02.2019 06:00:00,8.0,14.0,16.9,0,0.29,0,0.1,4.6,4.6,9.0,0,92.0,1.1,0,211.0,202.0,1.7,1.9,33,6,6,2
03.02.2019 07:00:00,12.0,12.0,17.0,0,0.36,0,1.3,7.5,8.8,20.0,0,93.0,1.4,0,218.0,221.0,1.9,1.2,33,7,6,2
03.02.2019 08:00:00,12.0,10.0,17.5,0,0.46,0,4.5,10.0,15.0,21.0,0,92.0,1.6,0,207.0,202.0,1.5,1.7,33,8,6,2
03.02.2019 09:00:00,12.0,12.0,18.9,0,0.53,0,3.9,12.0,15.0,24.0,0,88.0,1.9,0,128.0,6.7,1.5,0.2,33,9,6,2
03.02.2019 10:00:00,15.91,38.829,19.9,0,0.0,0,1.042,10.908,12.313,54.321,0,82.0,1.475,0,40.0,24.0,1.8,0.8,33,10,6,2
03.02.2019 11:00:00,19.0,38.935,20.4,0,0.45,0,4.7,13.0,18.0,41.0,0,79.0,2.6,0,25.0,27.0,2.0,1.4,33,11,6,2
03.02.2019 12:00:00,20.0,38.0,21.6,0,0.5,0,3.0,14.0,17.0,42.0,0,74.0,2.8,0,22.0,20.0,1.9,1.7,33,12,6,2
03.02.2019 13:00:00,24.0,54.0,22.0,0,0.59,0,3.8,20.0,24.0,50.0,0,74.0,1.9,0,44.0,45.0,2.0,2.2,33,13,6,2
03.02.2019 14:00:00,24.0,71.0,22.7,0,0.4,0,0.6,9.2,9.8,40.0,0,70.0,1.9,0,35.0,18.0,2.3,1.6,33,14,6,2
03.02.2019 15:00:00,24.0,74.0,23.2,0,0.46,0,0.7,10.0,11.0,47.0,0,69.0,2.3,0,19.0,335.0,2.7,1.3,33,15,6,2
03.02.2019 16:00:00,24.0,70.0,22.7,0,0.39,0,0.4,8.3,8.7,59.0,0,70.0,2.8,0,29.0,51.0,3.9,2.8,33,16,6,2
03.02.2019 17:00:00,24.0,67.0,21.0,0,0.41,0,0.2,11.0,12.0,52.0,0,77.0,2.9,0,62.0,37.0,1.1,1.9,33,17,6,2
03.02.2019 18:00:00,28.0,65.0,20.5,0,0.45,0,0.1,14.0,14.0,57.0,0,80.0,2.8,0,8.2,196.0,1.0,0.5,33,18,6,2
03.02.2019 19:00:00,31.0,47.0,20.7,0,0.55,0,0.2,20.0,20.0,72.0,0,81.0,2.4,0,205.0,203.0,2.2,0.6,33,19,6,2
03.02.2019 20:00:00,31.0,30.0,20.8,0,0.54,0,0.3,20.0,21.0,47.0,0,83.0,1.9,0,221.0,20.0,1.8,0.2,33,20,6,2
03.02.2019 21:00:00,28.0,27.0,20.8,0,0.49,0,-0.2,17.0,17.0,53.0,0,84.0,2.2,0,211.0,212.0,1.7,1.7,33,21,6,2
03.02.2019 22:00:00,28.0,29.0,20.9,0,0.42,0,-0.3,10.0,10.0,37.0,0,85.0,2.1,0,212.0,213.0,3.8,3.0,33,22,6,2
03.02.2019 23:00:00,28.0,31.0,20.8,0,0.4,0,-0.5,8.8,8.4,46.0,0,86.0,1.8,0,215.0,202.0,2.4,3.5,33,23,6,2
03.02.2019 24:00:00,24.0,32.0,21.0,0,0.36,0,-0.4,8.3,7.9,35.0,0,84.0,1.6,0,214.0,210.0,4.2,3.5,33,24,6,2
04.02.2019 01:00:00,19.0,33.0,21.2,0,0.29,0,-0.3,4.9,4.6,27.0,0,83.0,1.8,0,220.0,212.0,2.4,3.1,34,1,0,2
04.02.2019 02:00:00,15.0,32.0,21.1,0,0.3,0,0.1,2.3,2.5,26.0,0,86.0,1.7,0,212.0,186.0,1.6,2.2,34,2,0,2
04.02.2019 03:00:00,21.0,38.0,19.9,0,0.47,0,0.2,6.2,6.4,53.0,0,88.0,2.0,0,344.0,315.0,2.5,2.6,34,3,0,2
04.02.2019 04:00:00,20.0,29.0,19.0,0,0.77,0,0.3,4.0,4.3,61.0,0.6,93.0,1.5,0,345.0,333.0,2.8,2.4,34,4,0,2
04.02.2019 05:00:00,18.0,31.0,18.6,0,0.73,0,0.5,4.1,4.6,34.0,7.4,93.0,1.6,0,358.0,7.2,5.7,4.6,34,5,0,2
04.02.2019 06:00:00,16.0,34.0,17.4,0,0.7,0,0.3,3.1,3.4,29.0,6.8,95.0,1.6,0,8.3,18.0,4.0,4.5,34,6,0,2
04.02.2019 07:00:00,14.0,33.0,17.1,0,0.71,0,0.4,3.6,3.9,43.0,3.0,95.0,1.7,0,9.1,15.0,4.8,4.3,34,7,0,2
04.02.2019 08:00:00,13.0,37.0,16.9,0,0.64,0,0.4,2.6,3.0,51.0,3.2,96.0,1.4,0,15.0,11.0,4.8,4.5,34,8,0,2
04.02.2019 09:00:00,14.0,38.0,16.8,0,0.65,0,0.6,2.9,3.6,56.0,2.2,96.0,1.3,0,11.0,14.0,5.3,4.6,34,9,0,2
04.02.2019 10:00:00,22.0,42.0,16.7,0,0.64,0,0.6,3.0,3.5,77.0,2.4,96.0,1.5,0,13.0,16.0,4.1,4.0,34,10,0,2
04.02.2019 11:00:00,24.0,42.0,16.7,0,0.67,0,0.9,4.3,5.3,74.0,1.6,96.0,1.5,0,6.4,7.5,4.2,3.8,34,11,0,2
04.02.2019 12:00:00,24.0,40.0,16.9,0,0.74,0,0.7,4.2,4.9,84.0,1.0,95.0,1.5,0,13.0,16.0,5.0,4.3,34,12,0,2
04.02.2019 13:00:00,24.0,41.0,17.0,0,0.78,0,0.6,4.5,5.2,100.0,1.2,94.0,1.4,0,9.0,355.0,3.6,3.8,34,13,0,2
04.02.2019 14:00:00,24.0,42.0,16.9,0,0.79,0,0.8,5.4,6.2,83.0,1.0,95.0,1.4,0,6.0,11.0,3.9,3.4,34,14,0,2
04.02.2019 15:00:00,26.0,42.0,16.8,0,0.79,0,1.2,6.5,7.7,68.0,0.8,96.0,1.6,0,358.0,9.4,3.5,3.0,34,15,0,2
04.02.2019 16:00:00,28.0,43.0,16.9,0,0.79,0,0.7,5.3,6.1,92.0,0.4,96.0,1.4,0,1.9,356.0,2.9,2.7,34,16,0,2
04.02.2019 17:00:00,30.0,47.0,17.0,0,0.75,0,0.7,3.9,4.5,106.0,0.4,96.0,1.5,0,9.7,8.8,3.1,3.2,34,17,0,2
04.02.2019 18:00:00,36.0,46.0,16.9,0,0.72,0,0.7,5.5,6.3,111.0,0.2,95.0,1.6,0,1.0,338.0,2.1,2.5,34,18,0,2
04.02.2019 19:00:00,41.0,46.0,17.0,0,0.7,0,0.7,5.2,6.0,92.0,0.6,95.0,1.4,0,338.0,337.0,2.4,1.9,34,19,0,2
04.02.2019 20:00:00,39.0,44.0,17.1,0,0.69,0,0.9,5.9,6.8,74.0,0.8,96.0,1.5,0,342.0,339.0,1.6,2.0,34,20,0,2
04.02.2019 21:00:00,32.0,46.0,17.3,0,0.66,0,0.6,4.2,4.8,47.0,0.6,95.0,1.4,0,334.0,340.0,2.5,1.7,34,21,0,2
04.02.2019 22:00:00,24.0,47.0,17.5,0,0.58,0,0.5,3.0,3.4,39.0,0.6,94.0,1.3,0,334.0,340.0,3.3,2.6,34,22,0,2
04.02.2019 23:00:00,19.0,47.0,17.5,0,0.53,0,0.7,2.5,3.2,40.0,0.6,95.0,1.3,0,336.0,328.0,3.3,2.9,34,23,0,2
04.02.2019 24:00:00,18.0,46.0,17.7,0,0.51,0,0.5,2.3,2.7,37.0,0.4,95.0,1.1,0,335.0,325.0,3.2,2.9,34,24,0,2
05.02.2019 01:00:00,19.0,47.0,17.8,0,0.47,0,0.3,1.5,1.8,41.0,0.6,95.0,1.2,0,331.0,337.0,3.4,3.2,35,1,1,2
05.02.2019 02:00:00,15.0,47.0,17.7,0,0.48,0,0.7,2.4,3.1,18.0,2.2,95.0,2.0,0,343.0,336.0,3.5,2.9,35,2,1,2
05.02.2019 03:00:00,11.0,47.0,17.4,0,0.46,0,0.6,2.1,2.7,21.0,3.0,96.0,2.0,0,337.0,349.0,3.0,3.0,35,3,1,2
05.02.2019 04:00:00,12.0,48.0,17.2,0,0.42,0,0.6,1.7,2.4,21.0,3.2,96.0,1.9,0,337.0,329.0,3.6,3.0,35,4,1,2
05.02.2019 05:00:00,11.0,48.0,17.1,0,0.41,0,0.6,1.5,2.1,16.0,2.8,96.0,1.8,0,341.0,344.0,3.5,3.1,35,5,1,2
05.02.2019 06:00:00,11.0,47.0,16.8,0,0.4,0,0.7,1.9,2.6,18.0,1.0,96.0,1.9,0,333.0,334.0,3.6,3.1,35,6,1,2
05.02.2019 07:00:00,12.0,49.0,16.9,0,0.39,0,0.7,2.2,2.9,27.0,0.4,95.0,1.9,0,330.0,324.0,3.0,3.5,35,7,1,2
05.02.2019 08:00:00,15.0,47.0,16.9,0,0.36,0,0.8,2.1,2.9,32.0,0.2,94.0,1.8,0,332.0,331.0,4.2,3.5,35,8,1,2
05.02.2019 09:00:00,18.0,45.0,17.0,0,0.31,0,1.0,2.7,3.7,47.0,0,93.0,1.8,0,323.0,337.0,1.1,2.1,35,9,1,2
05.02.2019 10:00:00,19.0,41.0,17.5,0,0.3,0,1.4,5.2,6.6,60.0,0,91.0,1.9,0,343.0,359.0,1.6,1.3,35,10,1,2
05.02.2019 11:00:00,19.0,44.0,18.1,0,0.27,0,1.4,3.6,5.0,110.0,0,89.0,1.8,0,37.0,43.0,1.4,1.7,35,11,1,2
05.02.2019 12:00:00,21.0,44.0,18.3,0,0.27,0,1.4,4.3,5.7,108.0,0,88.0,2.0,0,16.0,3.9,2.8,1.5,35,12,1,2
05.02.2019 13:00:00,23.0,45.0,17.8,0,0.24,0,1.7,4.9,6.5,103.0,0,88.0,2.2,0,348.0,324.0,3.8,2.8,35,13,1,2
05.02.2019 14:00:00,18.0,46.0,17.2,0,0.21,0,1.6,5.1,6.7,84.0,0,90.0,2.0,0,350.0,50.0,2.1,2.6,35,14,1,2
05.02.2019 15:00:00,15.0,51.0,17.7,0,0.21,0,1.2,2.9,4.1,88.0,0,89.0,2.1,0,37.0,16.0,3.5,2.5,35,15,1,2
05.02.2019 16:00:00,18.0,47.0,17.6,0,0.25,0,1.3,6.0,7.3,76.0,0,88.0,1.9,0,346.0,350.0,1.8,2.6,35,16,1,2
05.02.2019 17:00:00,19.0,42.0,17.6,0,0.27,0,1.5,8.1,9.6,71.0,0,87.0,2.0,0,321.0,327.0,0.9,1.3,35,17,1,2
05.02.2019 18:00:00,19.0,39.0,17.8,0,0.31,0,1.3,7.6,8.9,69.0,0,87.0,2.0,0,232.0,216.0,1.1,0.9,35,18,1,2
05.02.2019 19:00:00,20.0,33.0,17.7,0,0.3,0,0.9,6.0,6.9,61.0,0,89.0,2.0,0,224.0,217.0,2.4,1.6,35,19,1,2
05.02.2019 20:00:00,19.0,24.0,17.4,0,0.32,0,1.3,7.6,8.9,52.0,0,91.0,2.0,0,216.0,230.0,2.5,2.4,35,20,1,2
05.02.2019 21:00:00,20.0,27.0,17.7,0,0.32,0,1.2,7.8,9.0,59.0,0,90.0,2.1,0,293.0,192.0,0.8,0.7,35,21,1,2
05.02.2019 22:00:00,24.0,22.0,17.5,0,0.37,0,2.3,12.0,15.0,88.0,0,92.0,2.1,0,359.0,50.0,0.7,0.7,35,22,1,2
05.02.2019 23:00:00,23.0,34.0,17.2,0,0.29,0,1.1,5.9,7.0,87.0,0,92.0,2.2,0,3.4,39.0,0.7,1.4,35,23,1,2
05.02.2019 24:00:00,19.0,36.0,17.3,0,0.26,0,0.7,4.4,5.1,76.0,0,93.0,2.5,0,188.0,16.0,1.0,0.4,35,24,1,2
06.02.2019 01:00:00,22.0,35.0,17.5,0,0.25,0,0.7,4.1,4.8,81.0,0,92.0,2.2,0,146.0,207.0,0.5,0.8,36,1,2,2
06.02.2019 02:00:00,22.0,31.0,17.6,0,0.3,0,0.3,5.0,5.3,51.0,0,91.0,2.2,0,220.0,220.0,4.3,3.1,36,2,2,2
06.02.2019 03:00:00,19.0,38.0,18.8,0,0.29,0,0.3,3.9,4.2,31.0,0,85.0,1.9,0,231.0,248.0,3.5,3.5,36,3,2,2
06.02.2019 04:00:00,19.0,35.0,17.9,0,0.29,0,0.3,3.0,3.3,63.0,0,90.0,2.2,0,18.0,201.0,1.0,1.0,36,4,2,2
06.02.2019 05:00:00,24.0,34.0,17.1,0,0.3,0,0.2,3.6,3.8,72.0,0,94.0,2.4,0,224.0,224.0,1.9,2.4,36,5,2,2
06.02.2019 06:00:00,24.0,24.0,16.6,0,0.3,0,0.3,3.3,3.6,57.0,0,94.0,2.2,0,212.0,219.0,2.6,1.6,36,6,2,2
06.02.2019 07:00:00,20.0,16.0,16.1,0,0.32,0,0.6,4.0,4.6,38.0,0,95.0,2.0,0,209.0,205.0,2.1,2.5,36,7,2,2
06.02.2019 08:00:00,19.0,10.0,16.3,0,0.37,0,2.3,5.9,8.2,32.0,0,94.0,2.3,0,203.0,215.0,0.5,1.3,36,8,2,2
06.02.2019 09:00:00,28.0,23.0,17.2,0,0.38,0,2.7,9.6,12.0,85.0,0,93.0,3.4,0,61.0,60.0,0.8,0.5,36,9,2,2
06.02.2019 10:00:00,36.0,35.0,17.4,0,0.34,0,1.5,7.2,8.8,87.0,0,94.0,3.2,0,56.0,83.0,1.8,1.6,36,10,2,2
06.02.2019 11:00:00,36.0,35.0,17.5,0,0.36,0,1.8,8.8,11.0,84.0,0,93.0,5.8,0,53.0,37.0,1.3,1.2,36,11,2,2
06.02.2019 12:00:00,34.0,42.0,17.5,0,0.34,0,1.3,5.2,6.5,65.0,0,92.0,3.4,0,52.0,46.0,2.5,1.8,36,12,2,2
06.02.2019 13:00:00,32.0,51.0,18.2,0,0.36,0,0.8,3.8,4.6,54.0,0,89.0,2.5,0,16.0,26.0,1.6,1.0,36,13,2,2
06.02.2019 14:00:00,27.0,55.0,19.6,0,0.36,0,1.2,4.4,5.6,56.0,0,84.0,2.4,0,17.0,16.0,1.9,1.4,36,14,2,2
06.02.2019 15:00:00,22.0,56.0,21.0,0,0.35,0,0.7,2.8,3.5,41.0,0,81.0,2.5,0,93.0,113.0,4.6,2.3,36,15,2,2
06.02.2019 16:00:00,19.0,53.0,21.8,0,0.35,0,0.5,3.7,4.3,38.0,0,79.0,2.6,0,94.0,63.0,3.4,3.3,36,16,2,2
06.02.2019 17:00:00,16.0,47.0,22.4,0,0.36,0,0.9,5.9,6.7,38.0,0,78.0,2.3,0,110.0,322.0,0.6,1.4,36,17,2,2
06.02.2019 18:00:00,19.0,25.0,21.6,0,0.44,0,1.3,11.0,12.0,37.0,0,84.0,2.2,0,217.0,215.0,3.4,2.2,36,18,2,2
06.02.2019 19:00:00,22.0,24.0,20.7,0,0.4,0,0.7,7.6,8.3,31.0,0,86.0,2.1,0,215.0,217.0,3.7,3.1,36,19,2,2
06.02.2019 20:00:00,20.0,25.0,20.4,0,0.39,0,0.5,7.3,7.9,29.0,0,85.0,2.4,0,212.0,208.0,2.7,2.9,36,20,2,2
06.02.2019 21:00:00,21.0,28.0,20.2,0,0.34,0,1.0,5.2,6.2,28.0,0,86.0,2.2,0,213.0,216.0,4.7,4.3,36,21,2,2
06.02.2019 22:00:00,19.0,30.0,20.1,0,0.33,0,0.5,4.6,5.0,31.0,0,86.0,2.1,0,219.0,217.0,5.0,4.4,36,22,2,2
06.02.2019 23:00:00,18.0,32.0,20.0,0,0.32,0,0.2,3.4,3.7,29.0,0,86.0,2.2,0,224.0,230.0,3.1,3.9,36,23,2,2
06.02.2019 24:00:00,16.0,29.0,19.5,0,0.31,0,0.4,2.8,3.1,30.0,0,88.0,2.2,0,216.0,213.0,3.4,4.0,36,24,2,2
07.02.2019 01:00:00,15.0,18.0,18.6,0,0.34,0,0.3,4.4,4.7,27.0,0,92.0,2.4,0,209.0,162.0,0.7,0.7,37,1,3,2
07.02.2019 02:00:00,15.0,16.0,18.1,0,0.36,0,1.4,6.5,7.9,29.0,0,94.0,1.2,0,202.0,201.0,1.7,1.1,37,2,3,2
07.02.2019 03:00:00,18.0,15.0,18.0,0,0.4,0,1.3,7.7,9.0,34.0,0,93.0,1.4,0,208.0,227.0,1.2,1.7,37,3,3,2
07.02.2019 04:00:00,25.0,10.0,18.1,0,0.48,0,1.3,15.0,16.0,58.0,0,94.0,2.0,0,289.0,200.0,1.5,0.1,37,4,3,2
07.02.2019 05:00:00,28.0,6.8,17.6,0,0.5,0,1.7,13.0,15.0,40.0,0,95.0,1.5,0,203.0,189.0,1.6,1.2,37,5,3,2
07.02.2019 06:00:00,25.0,5.2,17.1,0,0.53,0,2.0,11.0,13.0,39.0,0,96.0,1.6,0,202.0,181.0,1.1,1.4,37,6,3,2
07.02.2019 07:00:00,24.0,12.0,17.2,0,0.52,0,3.8,11.0,15.0,53.0,0,96.0,1.8,0,205.0,219.0,1.1,0.7,37,7,3,2
07.02.2019 08:00:00,25.0,9.4,17.4,0,0.54,0,6.3,10.0,16.0,50.0,0,97.0,1.7,0,212.0,222.0,3.7,2.9,37,8,3,2
07.02.2019 09:00:00,30.0,24.0,20.4,0,0.48,0,3.8,9.2,13.0,57.0,0,89.0,1.9,0,213.0,208.0,4.6,4.0,37,9,3,2
07.02.2019 10:00:00,31.0,38.0,23.3,0,0.42,0,2.8,7.6,10.0,50.0,0,75.0,1.8,0,209.0,209.0,5.4,5.7,37,10,3,2
07.02.2019 11:00:00,24.0,47.0,26.2,0,0.32,0,2.2,5.4,7.6,35.0,0,54.0,1.6,0,225.0,235.0,7.2,6.1,37,11,3,2
07.02.2019 12:00:00,15.0,50.0,28.4,0,0.26,0,1.7,3.9,5.6,28.0,0,41.0,1.4,0,219.0,214.0,5.8,6.0,37,12,3,2
07.02.2019 13:00:00,14.0,52.0,29.1,0,0.26,0,2.1,5.9,7.9,27.0,0,38.0,1.4,0,193.0,83.0,2.7,1.0,37,13,3,2
07.02.2019 14:00:00,18.0,54.0,24.2,0,0.31,0,3.1,11.0,14.0,36.0,0,62.0,2.7,0,68.0,44.0,3.3,2.5,37,14,3,2
07.02.2019 15:00:00,25.0,64.0,22.2,0,0.4,0,2.2,6.6,8.8,65.0,0,83.0,1.6,0,75.0,82.0,3.0,3.3,37,15,3,2
07.02.2019 16:00:00,34.0,64.0,21.2,0,0.4,0,1.9,9.2,11.0,64.0,0,88.0,1.7,0,85.0,131.0,1.7,2.2,37,16,3,2
07.02.2019 17:00:00,36.0,65.0,21.3,0,0.39,0,1.6,7.1,8.7,61.0,0,88.0,2.6,0,74.0,26.0,0.8,1.2,37,17,3,2
07.02.2019 18:00:00,33.0,62.0,19.9,0,0.41,0,1.5,8.1,9.6,69.0,0,90.0,1.5,0,16.0,359.0,4.0,4.0,37,18,3,2
07.02.2019 19:00:00,36.0,56.0,18.1,0,0.42,0,1.8,7.1,8.9,60.0,0,93.0,0.9,0,356.0,1.0,3.4,2.4,37,19,3,2
07.02.2019 20:00:00,36.0,54.0,17.8,0,0.43,0,1.7,5.4,7.2,63.0,0,92.0,1.0,0,10.0,21.0,5.8,3.7,37,20,3,2
07.02.2019 21:00:00,25.0,48.0,17.0,0,0.4,0,1.5,3.7,5.2,53.0,0,90.0,1.0,0,17.0,21.0,6.9,5.6,37,21,3,2
07.02.2019 22:00:00,14.0,45.0,16.7,0,0.4,0,1.4,3.3,4.7,42.0,0,90.0,0.8,0,20.0,21.0,8.0,7.5,37,22,3,2
07.02.2019 23:00:00,11.0,40.0,16.6,0,0.46,0,1.1,3.1,4.2,46.0,0.2,92.0,1.0,0,15.0,8.4,5.7,6.5,37,23,3,2
07.02.2019 24:00:00,12.0,41.0,16.9,0,0.42,0,1.5,3.5,5.0,64.0,0,92.0,1.1,0,7.5,9.0,4.9,4.5,37,24,3,2
08.02.2019 01:00:00,11.0,43.0,16.9,0,0.37,0,1.1,2.3,3.3,56.0,0,90.0,0.8,0,17.0,9.0,5.9,6.1,38,1,4,2
08.02.2019 02:00:00,9.0,44.0,16.7,0,0.26,0,0.5,1.1,1.7,42.0,0,90.0,0.9,0,10.0,10.0,5.9,5.6,38,2,4,2
08.02.2019 03:00:00,9.0,45.0,16.7,0,0.26,0,0.5,1.2,1.7,66.0,0.2,90.0,0.9,0,11.0,19.0,7.2,5.5,38,3,4,2
08.02.2019 04:00:00,14.0,47.0,16.6,0,0.28,0,0.5,1.2,1.7,77.0,0,89.0,0.9,0,19.0,19.0,7.5,6.8,38,4,4,2
08.02.2019 05:00:00,16.0,48.0,16.9,0,0.27,0,0.6,1.2,1.8,90.0,0.2,90.0,0.8,0,21.0,21.0,5.5,5.6,38,5,4,2
08.02.2019 06:00:00,12.0,47.0,17.0,0,0.25,0,0.6,1.6,2.2,101.0,0.2,91.0,0.7,0,18.0,19.0,6.5,5.3,38,6,4,2
08.02.2019 07:00:00,15.0,46.0,16.9,0,0.23,0,0.6,1.7,2.2,95.0,0.4,92.0,0.8,0,19.0,21.0,5.9,5.7,38,7,4,2
08.02.2019 08:00:00,19.0,46.0,16.8,0,0.23,0,0.7,1.6,2.2,86.0,0,91.0,0.7,0,20.0,22.0,7.8,6.9,38,8,4,2
08.02.2019 09:00:00,18.0,46.0,16.6,0,0.23,0,0.6,2.1,2.7,65.0,0,92.0,0.7,0,21.0,23.0,9.5,9.3,38,9,4,2
08.02.2019 10:00:00,13.0,45.0,16.3,0,0.21,0,1.1,2.5,3.6,46.0,0,92.0,0.8,0,22.0,22.0,7.9,8.2,38,10,4,2
08.02.2019 11:00:00,11.0,46.0,16.3,0,0.19,0,1.0,2.3,3.3,51.0,0,92.0,0.7,0,20.0,22.0,7.3,7.2,38,11,4,2
08.02.2019 12:00:00,9.0,46.0,16.4,0,0.18,0,1.2,2.5,3.7,59.0,0,91.0,0.6,0,21.0,20.0,6.1,5.9,38,12,4,2
08.02.2019 13:00:00,7.0,46.0,16.4,0,0.17,0,1.1,2.5,3.6,56.0,0.8,93.0,0.7,0,18.0,9.8,4.0,5.1,38,13,4,2
08.02.2019 14:00:00,8.0,44.0,16.0,0,0.18,0,1.1,4.2,5.3,33.0,1.4,95.0,0.7,0,358.0,356.0,3.9,3.5,38,14,4,2
08.02.2019 15:00:00,6.0,40.0,16.0,0,0.19,0,1.6,6.5,8.1,16.0,4.0,96.0,0.6,0,340.0,324.0,3.2,3.1,38,15,4,2
08.02.2019 16:00:00,4.0,40.0,16.1,0,0.19,0,1.6,6.2,7.7,13.0,1.4,95.0,0.7,0,334.0,332.0,2.9,2.9,38,16,4,2
08.02.2019 17:00:00,6.0,39.0,16.4,0,0.21,0,1.6,7.6,9.1,32.0,1.4,94.0,0.8,0,339.0,334.0,2.0,2.3,38,17,4,2
08.02.2019 18:00:00,7.0,40.0,16.4,0,0.2,0,1.4,5.2,6.7,33.0,1.8,94.0,0.7,0,335.0,331.0,2.7,2.1,38,18,4,2
08.02.2019 19:00:00,5.0,39.0,16.4,0,0.21,0,1.6,6.7,8.3,20.0,2.8,95.0,0.8,0,338.0,335.0,2.7,2.8,38,19,4,2
08.02.2019 20:00:00,5.0,40.0,16.5,0,0.18,0,0.9,4.5,5.4,15.0,1.6,95.0,0.8,0,321.0,346.0,2.0,1.8,38,20,4,2
08.02.2019 21:00:00,8.0,38.0,16.6,0,0.19,0,1.2,6.0,7.1,17.0,0.4,94.0,0.7,0,326.0,320.0,2.0,1.7,38,21,4,2
08.02.2019 22:00:00,10.0,40.0,16.7,0,0.19,0,0.9,3.4,4.3,12.0,0.2,94.0,0.7,0,329.0,318.0,2.4,2.4,38,22,4,2
08.02.2019 23:00:00,7.0,42.0,16.8,0,0.18,0,0.8,2.5,3.4,13.0,0.4,95.0,0.5,0,335.0,347.0,2.6,2.4,38,23,4,2
08.02.2019 24:00:00,3.0,42.0,16.8,0,0.17,0,0.8,2.0,2.7,22.0,0,95.0,0.7,0,329.0,322.0,2.7,2.0,38,24,4,2
09.02.2019 01:00:00,5.0,42.0,16.4,0,0.18,0,0.7,1.5,2.1,22.0,0.2,95.0,0.8,0,341.0,353.0,2.0,2.3,39,1,5,2
09.02.2019 02:00:00,8.0,42.0,16.2,0,0.18,0,0.6,1.7,2.3,30.0,0,96.0,2.1,0,352.0,3.7,0.6,1.1,39,2,5,2
09.02.2019 03:00:00,7.0,41.0,16.2,0,0.18,0,0.7,1.5,2.2,24.0,0,95.0,1.9,0,284.0,221.0,0.6,0.3,39,3,5,2
09.02.2019 04:00:00,8.0,36.0,16.2,0,0.18,0,0.4,1.6,2.0,18.0,0,95.0,2.0,0,262.0,311.0,1.7,0.8,39,4,5,2
09.02.2019 05:00:00,10.0,40.0,16.4,0,0.18,0,0.4,1.3,1.6,24.0,0,94.0,1.8,0,315.0,324.0,1.0,0.7,39,5,5,2
09.02.2019 06:00:00,10.0,43.0,16.5,0,0.18,0,0.7,1.3,2.0,39.0,0.2,94.0,2.0,0,0.3,2.3,3.4,3.0,39,6,5,2
09.02.2019 07:00:00,9.0,43.0,16.5,0,0.17,0,0.6,1.8,2.4,42.0,0.4,95.0,2.0,0,6.2,4.4,3.4,3.4,39,7,5,2
09.02.2019 08:00:00,8.0,40.0,16.6,0,0.19,0,0.7,3.6,4.3,47.0,0,95.0,2.1,0,2.3,5.9,2.6,2.2,39,8,5,2
09.02.2019 09:00:00,8.0,36.0,16.7,0,0.2,0,1.0,7.8,8.9,45.0,0,94.0,2.0,0,348.0,331.0,1.8,1.6,39,9,5,2
09.02.2019 10:00:00,8.0,40.0,17.0,0,0.19,0,1.3,5.0,6.3,60.0,0,92.0,2.1,0,17.0,22.0,5.5,3.4,39,10,5,2
09.02.2019 11:00:00,9.0,43.0,16.9,0,0.17,0,1.2,3.3,4.5,42.0,0.2,93.0,2.0,0,21.0,22.0,6.3,6.2,39,11,5,2
09.02.2019 12:00:00,7.0,44.0,16.7,0,0.17,0,0.8,2.8,3.6,25.0,0,95.0,1.8,0,21.0,21.0,6.7,6.2,39,12,5,2
09.02.2019 13:00:00,4.0,45.0,16.5,0,0.17,0,0.7,2.3,3.0,24.0,1.4,95.0,1.9,0,21.0,22.0,6.8,7.0,39,13,5,2
09.02.2019 14:00:00,7.0,43.0,16.2,0,0.18,0,0.9,3.0,3.9,25.0,2.2,95.0,1.9,0,15.0,2.4,4.2,4.6,39,14,5,2
09.02.2019 15:00:00,6.0,43.0,16.1,0,0.19,0,0.9,3.6,4.5,22.0,3.6,96.0,1.9,0,360.0,355.0,4.8,3.7,39,15,5,2
09.02.2019 16:00:00,2.0,42.0,16.0,0,0.19,0,1.0,4.3,5.3,18.0,4.4,96.0,1.9,0,356.0,359.0,4.2,4.0,39,16,5,2
09.02.2019 17:00:00,4.0,43.0,16.0,0,0.18,0,0.9,3.1,3.9,33.0,1.2,97.0,2.0,0,13.0,14.0,5.3,4.7,39,17,5,2
09.02.2019 18:00:00,7.0,45.0,15.7,0,0.18,0,0.7,1.8,2.4,33.0,0.8,97.0,1.8,0,15.0,17.0,6.7,6.1,39,18,5,2
09.02.2019 19:00:00,8.0,45.0,15.6,0,0.17,0,0.6,1.5,2.1,39.0,0.4,96.0,1.8,0,20.0,22.0,8.4,7.0,39,19,5,2
09.02.2019 20:00:00,6.0,45.0,15.5,0,0.16,0,0.4,1.1,1.5,39.0,0.4,96.0,1.8,0,23.0,21.0,7.9,7.8,39,20,5,2
09.02.2019 21:00:00,3.0,45.0,15.5,0,0.16,0,0.5,1.1,1.6,43.0,0.8,95.0,1.7,0,22.0,22.0,7.0,7.2,39,21,5,2
09.02.2019 22:00:00,4.0,45.0,15.4,0,0.15,0,0.5,1.3,1.8,58.0,0.2,94.0,1.9,0,21.0,22.0,7.6,6.5,39,22,5,2
09.02.2019 23:00:00,2.0,46.0,15.3,0,0.15,0,0.5,1.3,1.7,36.0,0.6,95.0,1.7,0,22.0,22.0,6.8,6.8,39,23,5,2
09.02.2019 24:00:00,2.0,46.0,15.5,0,0.15,0,0.4,1.0,1.4,38.0,0.2,94.0,1.8,0,22.0,23.0,6.4,6.6,39,24,5,2
10.02.2019 01:00:00,3.0,46.0,15.7,0,0.14,0,0.4,1.0,1.4,42.0,0.2,94.0,2.0,0,22.0,22.0,7.3,6.7,40,1,6,2
10.02.2019 02:00:00,4.0,45.0,15.7,0,0.14,0,0.4,1.5,1.9,26.0,0.6,96.0,2.0,0,21.0,21.0,7.0,6.6,40,2,6,2
10.02.2019 03:00:00,6.0,44.0,15.8,0,0.15,0,0.5,1.8,2.3,21.0,1.6,97.0,2.0,0,20.0,15.0,5.0,6.0,40,3,6,2
10.02.2019 04:00:00,3.0,44.0,15.9,0,0.15,0,0.6,1.5,2.1,25.0,1.4,98.0,2.0,0,19.0,17.0,5.2,5.6,40,4,6,2
10.02.2019 05:00:00,2.0,45.0,15.7,0,0.15,0,0.7,1.4,2.1,31.0,1.2,98.0,1.9,0,17.0,17.0,6.1,5.5,40,5,6,2
10.02.2019 06:00:00,3.0,45.0,15.5,0,0.16,0,0.7,0.9,1.6,28.0,0.8,98.0,1.9,0,18.0,18.0,6.3,5.8,40,6,6,2
10.02.2019 07:00:00,6.0,44.0,15.6,0,0.16,0,0.7,2.0,2.8,42.0,0,97.0,2.1,0,20.0,20.0,7.4,6.0,40,7,6,2
10.02.2019 08:00:00,6.0,44.0,15.6,0,0.17,0,0.6,2.0,2.6,27.0,0.2,97.0,1.9,0,22.0,23.0,6.1,6.6,40,8,6,2
10.02.2019 09:00:00,6.0,43.0,15.8,0,0.2,0,0.9,3.0,3.9,28.0,0.2,98.0,1.7,0,22.0,22.0,4.0,4.1,40,9,6,2
10.02.2019 10:00:00,6.0,42.0,16.2,0,0.22,0,1.2,3.8,4.9,26.0,0.2,98.0,1.9,0,22.0,24.0,3.6,4.4,40,10,6,2
10.02.2019 11:00:00,9.0,42.0,16.4,0,0.24,0,1.2,3.8,5.1,27.0,0.2,98.0,1.9,0,15.0,13.0,2.8,3.4,40,11,6,2
10.02.2019 12:00:00,8.0,39.0,16.8,0,0.26,0,1.7,6.1,7.8,15.0,0.6,98.0,2.0,0,342.0,351.0,3.2,2.7,40,12,6,2
10.02.2019 13:00:00,3.0,42.0,16.7,0,0.23,0,1.6,4.5,6.0,12.0,0.6,97.0,1.8,0,340.0,348.0,4.2,3.3,40,13,6,2
10.02.2019 14:00:00,2.0,44.0,16.4,0,0.23,0,1.3,4.1,5.4,20.0,0.6,97.0,1.9,0,350.0,343.0,2.8,3.1,40,14,6,2
10.02.2019 15:00:00,2.0,39.0,16.4,0,0.24,0,1.7,8.0,9.7,10.0,0.4,97.0,1.8,0,337.0,349.0,2.0,2.3,40,15,6,2
10.02.2019 16:00:00,2.0,40.0,16.5,0,0.24,0,1.3,6.8,8.1,8.0,0.2,96.0,1.8,0,342.0,357.0,3.2,2.3,40,16,6,2
10.02.2019 17:00:00,5.0,42.0,16.4,0,0.2,0,0.9,4.6,5.5,26.0,0.2,97.0,2.0,0,353.0,344.0,2.2,2.8,40,17,6,2
10.02.2019 18:00:00,7.0,39.0,16.4,0,0.22,0,1.1,7.1,8.2,18.0,0.2,97.0,1.9,0,336.0,329.0,2.8,2.4,40,18,6,2
10.02.2019 19:00:00,7.0,39.0,16.5,0,0.21,0,1.2,5.8,7.0,10.0,0.4,97.0,1.9,0,339.0,331.0,2.5,2.4,40,19,6,2
10.02.2019 20:00:00,5.0,41.0,16.6,0,0.2,0,0.8,5.3,6.1,22.0,0.2,97.0,1.9,0,356.0,1.8,3.1,2.4,40,20,6,2
10.02.2019 21:00:00,4.0,44.0,16.7,0,0.18,0,0.8,2.7,3.5,41.0,0.2,97.0,1.9,0,8.9,18.0,2.8,2.6,40,21,6,2
10.02.2019 22:00:00,7.0,43.0,16.6,0,0.17,0,0.6,2.4,3.0,41.0,0.4,97.0,2.0,0,12.0,15.0,2.7,2.7,40,22,6,2
10.02.2019 23:00:00,10.0,44.0,16.4,0,0.17,0,0.7,2.3,3.0,41.0,0,98.0,2.1,0,12.0,12.0,2.2,2.4,40,23,6,2
10.02.2019 24:00:00,10.0,44.0,16.3,0,0.17,0,0.6,1.4,2.0,41.0,0,98.0,2.3,0,13.0,11.0,2.5,2.4,40,24,6,2
11.02.2019 01:00:00,7.0,44.0,16.3,0,0.17,0,0.6,2.2,2.8,41.0,0.4,98.0,1.8,0,4.4,358.0,3.1,3.0,41,1,0,2
11.02.2019 02:00:00,8.0,45.0,16.2,0,0.18,0,0.5,0.8,1.3,28.0,0.2,98.0,2.0,0,6.7,6.2,3.8,3.2,41,2,0,2
11.02.2019 03:00:00,10.0,45.0,16.0,0,0.18,0,0.5,0.8,1.3,17.0,0.6,98.0,1.9,0,9.3,11.0,5.4,4.1,41,3,0,2
11.02.2019 04:00:00,5.0,45.0,15.4,0,0.19,0,0.4,0.8,1.2,13.0,0.8,98.0,1.8,0,13.0,19.0,5.8,5.1,41,4,0,2
11.02.2019 05:00:00,2.0,46.0,15.1,0,0.19,0,0.4,0.8,1.2,18.0,0.6,98.0,1.8,0,12.0,9.0,5.5,5.0,41,5,0,2
11.02.2019 06:00:00,5.0,46.0,15.0,0,0.19,0,0.3,0.9,1.2,11.0,0.6,97.0,1.8,0,11.0,11.0,5.3,4.8,41,6,0,2
11.02.2019 07:00:00,7.0,44.0,15.0,0,0.19,0,0.5,1.2,1.7,18.0,0.6,97.0,1.8,0,18.0,21.0,5.2,5.1,41,7,0,2
11.02.2019 08:00:00,6.0,44.0,15.1,0,0.2,0,0.7,1.8,2.5,22.0,0.4,97.0,1.8,0,20.0,23.0,6.9,6.2,41,8,0,2
11.02.2019 09:00:00,3.0,43.0,15.1,0,0.2,0,0.8,1.7,2.6,24.0,0.2,97.0,1.8,0,20.0,20.0,5.3,5.7,41,9,0,2
11.02.2019 10:00:00,6.0,42.0,15.2,0,0.21,0,1.0,2.4,3.4,34.0,0.4,97.0,1.9,0,19.0,20.0,5.8,5.8,41,10,0,2
11.02.2019 11:00:00,7.0,41.0,15.3,0,0.2,0,0.9,2.6,3.5,40.0,0.4,97.0,1.7,0,19.0,20.0,4.9,4.5,41,11,0,2
11.02.2019 12:00:00,5.0,41.0,15.3,0,0.2,0,0.6,2.7,3.3,41.0,0.8,97.0,1.6,0,14.0,16.0,5.2,4.8,41,12,0,2
11.02.2019 13:00:00,7.0,41.0,15.4,0,0.19,0,1.0,2.7,3.7,30.0,1.0,97.0,1.8,0,15.0,17.0,4.7,5.0,41,13,0,2
11.02.2019 14:00:00,7.0,42.0,15.4,0,0.19,0,0.8,2.7,3.5,29.0,1.0,97.0,1.7,0,15.0,15.0,4.7,4.9,41,14,0,2
11.02.2019 15:00:00,7.0,42.0,15.5,0,0.2,0,0.8,2.2,3.0,38.0,1.0,96.0,1.6,0,14.0,19.0,5.3,4.7,41,15,0,2
11.02.2019 16:00:00,10.0,42.0,15.5,0,0.2,0,0.7,2.0,2.7,38.0,1.0,96.0,1.7,0,16.0,18.0,6.0,5.4,41,16,0,2
11.02.2019 17:00:00,8.0,42.0,15.4,0,0.2,0,0.6,2.0,2.7,37.0,1.0,96.0,1.6,0,18.0,19.0,6.2,5.9,41,17,0,2
11.02.2019 18:00:00,6.0,41.0,15.5,0,0.2,0,0.6,2.2,2.8,39.0,0.8,96.0,1.5,0,19.0,21.0,6.0,5.7,41,18,0,2
11.02.2019 19:00:00,5.0,42.0,15.8,0,0.2,0,0.5,2.0,2.5,29.0,0.6,96.0,1.6,0,23.0,25.0,6.0,6.0,41,19,0,2
11.02.2019 20:00:00,7.0,40.0,16.4,0,0.21,0,0.7,2.7,3.4,34.0,0.6,96.0,1.7,0,29.0,35.0,3.5,4.1,41,20,0,2
11.02.2019 21:00:00,4.0,40.0,16.6,0,0.22,0,1.0,2.9,4.0,32.0,0.6,97.0,1.6,0,29.0,36.0,3.2,3.3,41,21,0,2
11.02.2019 22:00:00,2.0,40.0,17.2,0,0.2,0,0.8,2.4,3.2,46.0,0.4,95.0,1.6,0,66.0,66.0,2.9,2.2,41,22,0,2
11.02.2019 23:00:00,7.0,41.0,17.4,0,0.2,0,0.6,1.7,2.3,33.0,0.4,95.0,1.8,0,60.0,50.0,4.9,4.0,41,23,0,2
11.02.2019 24:00:00,7.0,42.0,17.4,0,0.2,0,0.7,1.0,1.7,18.0,0.6,97.0,1.6,0,50.0,49.0,5.6,4.9,41,24,0,2
12.02.2019 01:00:00,6.0,41.0,17.5,0,0.19,0,0.5,0.8,1.3,27.0,0.8,98.0,2.3,0,52.0,54.0,4.3,4.1,42,1,1,2
12.02.2019 02:00:00,5.0,41.0,17.5,0,0.18,0,0.8,2.1,2.9,10.0,0.6,98.0,1.6,0,51.0,53.0,5.0,5.1,42,2,1,2
12.02.2019 03:00:00,5.0,40.0,17.5,0,0.19,0,0.8,2.8,3.6,18.0,1.8,98.0,1.6,0,45.0,33.0,2.5,3.1,42,3,1,2
12.02.2019 04:00:00,4.0,41.0,17.4,0,0.19,0,0.6,1.5,2.1,21.0,1.8,99.0,1.6,0,41.0,26.0,2.4,2.5,42,4,1,2
12.02.2019 05:00:00,4.0,42.0,17.5,0,0.19,0,0.7,1.7,2.3,18.0,1.6,99.0,1.7,0,39.0,54.0,1.8,2.1,42,5,1,2
12.02.2019 06:00:00,4.0,40.0,17.5,0,0.2,0,0.9,2.4,3.3,28.0,1.0,99.0,1.6,0,18.0,25.0,1.3,0.8,42,6,1,2
12.02.2019 07:00:00,3.0,38.0,17.6,0,0.21,0,1.0,4.4,5.4,11.0,0.8,99.0,1.6,0,3.5,354.0,1.3,1.2,42,7,1,2
12.02.2019 08:00:00,5.0,33.0,17.8,0,0.26,0,1.6,9.8,11.0,27.0,0.8,98.0,1.7,0,359.0,345.0,1.7,0.9,42,8,1,2
12.02.2019 09:00:00,7.0,34.0,18.2,0,0.26,0,2.3,8.9,11.0,4.0,1.0,98.0,1.8,0,346.0,338.0,1.7,1.1,42,9,1,2
12.02.2019 10:00:00,8.0,35.0,18.7,0,0.26,0,2.6,7.9,10.0,24.0,0.8,97.0,1.8,0,356.0,356.0,2.0,1.5,42,10,1,2
12.02.2019 11:00:00,6.0,34.0,19.1,0,0.26,0,2.8,9.5,12.0,25.0,1.0,97.0,1.8,0,355.0,354.0,2.1,1.9,42,11,1,2
12.02.2019 12:00:00,5.0,37.0,19.3,0,0.25,0,2.0,7.0,9.0,22.0,0.6,97.0,1.7,0,356.0,359.0,1.5,1.6,42,12,1,2
12.02.2019 13:00:00,7.0,36.0,19.6,0,0.28,0,1.9,8.6,11.0,42.0,0.6,97.0,1.8,0,358.0,23.0,0.5,0.7,42,13,1,2
12.02.2019 14:00:00,9.0,40.0,19.8,0,0.25,0,1.3,5.9,7.2,36.0,0,97.0,1.9,0,355.0,350.0,1.1,0.6,42,14,1,2
12.02.2019 15:00:00,8.0,39.0,20.2,0,0.25,0,1.6,7.1,8.7,30.0,0,96.0,1.9,0,344.0,342.0,1.0,0.9,42,15,1,2
12.02.2019 16:00:00,9.0,39.0,20.6,0,0.27,0,1.3,6.6,7.9,23.0,0,95.0,1.9,0,328.0,312.0,0.9,0.5,42,16,1,2
12.02.2019 17:00:00,7.0,26.0,21.4,0,0.35,0,4.4,13.0,17.0,29.0,0,94.0,1.9,0,232.0,343.0,0.8,0.3,42,17,1,2
12.02.2019 18:00:00,9.0,9.9,21.0,0,0.58,0,18.0,22.0,39.0,82.0,0,95.0,2.3,0,150.0,171.0,0.5,0.2,42,18,1,2
12.02.2019 19:00:00,15.0,7.7,20.1,0,0.57,0,10.0,18.0,28.0,40.0,0,97.0,2.4,0,214.0,228.0,1.4,0.5,42,19,1,2
12.02.2019 20:00:00,14.0,19.0,19.9,0,0.31,0,2.4,11.0,13.0,29.0,0,97.0,2.5,0,340.0,335.0,4.2,1.6,42,20,1,2
12.02.2019 21:00:00,10.0,39.0,19.2,0,0.2,0,1.1,3.8,4.9,30.0,0,97.0,2.1,0,331.0,336.0,3.5,3.7,42,21,1,2
12.02.2019 22:00:00,11.0,38.0,18.9,0,0.21,0,0.9,4.2,5.1,52.0,0,97.0,2.1,0,353.0,339.0,2.4,2.1,42,22,1,2
12.02.2019 23:00:00,12.0,31.0,18.9,0,0.23,0,0.9,6.6,7.5,50.0,0,97.0,1.9,0,347.0,32.0,1.2,0.6,42,23,1,2
12.02.2019 24:00:00,13.0,35.0,18.8,0,0.22,0,0.8,4.4,5.2,65.0,0,98.0,2.1,0,348.0,335.0,2.3,1.5,42,24,1,2
13.02.2019 01:00:00,16.0,32.0,18.8,0,0.29,0,0.8,5.1,5.9,58.0,0,98.0,2.6,0,16.0,97.0,1.1,0.7,43,1,2,2
13.02.2019 02:00:00,18.0,28.0,18.9,0,0.28,0,0.7,5.2,5.9,45.0,0,98.0,2.6,0,194.0,49.0,0.5,0.5,43,2,2,2
13.02.2019 03:00:00,14.0,31.0,18.8,0,0.22,0,1.0,4.7,5.8,56.0,0,98.0,2.2,0,70.0,360.0,0.8,0.3,43,3,2,2
13.02.2019 04:00:00,11.0,34.0,18.2,0,0.21,0,1.0,3.5,4.4,21.0,0,99.0,2.2,0,335.0,324.0,3.7,3.0,43,4,2,2
13.02.2019 05:00:00,14.0,32.0,17.8,0,0.2,0,0.9,3.8,4.8,21.0,0,98.0,2.1,0,339.0,332.0,3.1,2.8,43,5,2,2
13.02.2019 06:00:00,13.0,36.0,17.5,0,0.19,0,1.0,3.8,4.9,16.0,0,98.0,2.2,0,334.0,335.0,3.3,3.1,43,6,2,2
13.02.2019 07:00:00,11.0,34.0,17.4,0,0.21,0,1.3,5.5,6.9,17.0,0,97.0,2.1,0,335.0,347.0,2.2,2.9,43,7,2,2
13.02.2019 08:00:00,11.0,34.0,17.4,0,0.21,0,1.4,4.4,5.8,24.0,0.2,97.0,2.1,0,13.0,9.1,3.7,3.4,43,8,2,2
13.02.2019 09:00:00,7.0,34.0,17.5,0,0.21,0,1.6,4.9,6.5,33.0,0,96.0,2.1,0,5.8,5.9,3.1,2.9,43,9,2,2
13.02.2019 10:00:00,7.0,33.0,17.7,0,0.2,0,1.5,5.0,6.5,31.0,0.4,97.0,2.0,0,14.0,21.0,4.5,3.9,43,10,2,2
13.02.2019 11:00:00,7.0,37.0,17.7,0,0.19,0,1.6,4.6,6.1,26.0,0.2,97.0,1.9,0,20.0,23.0,5.3,5.6,43,11,2,2
13.02.2019 12:00:00,7.0,42.0,17.6,0,0.19,0,1.5,4.0,5.4,33.0,0,97.0,1.8,0,21.0,19.0,6.3,5.9,43,12,2,2
13.02.2019 13:00:00,5.0,44.0,17.7,0,0.2,0,1.6,4.0,5.5,26.0,0.2,97.0,1.8,0,20.0,20.0,4.5,5.6,43,13,2,2
13.02.2019 14:00:00,2.0,47.0,18.0,0,0.2,0,1.7,4.4,6.1,33.0,0,96.0,1.8,0,35.0,31.0,4.3,4.1,43,14,2,2
13.02.2019 15:00:00,2.0,49.0,18.2,0,0.19,0,1.8,5.5,7.3,46.0,0,92.0,1.9,0,29.0,28.0,4.3,3.9,43,15,2,2
13.02.2019 16:00:00,5.0,50.0,18.5,0,0.19,0,1.6,4.6,6.2,39.0,0,90.0,1.8,0,27.0,28.0,4.5,4.4,43,16,2,2
13.02.2019 17:00:00,7.0,51.0,18.6,0,0.19,0,1.4,4.7,6.2,43.0,0,90.0,2.0,0,23.0,23.0,5.5,5.2,43,17,2,2
13.02.2019 18:00:00,8.0,49.0,18.6,0,0.2,0,1.2,4.9,6.0,50.0,0,90.0,1.9,0,24.0,28.0,4.4,4.5,43,18,2,2
13.02.2019 19:00:00,7.0,46.0,18.6,0,0.21,0,1.5,6.5,7.9,56.0,0,91.0,2.2,0,25.0,22.0,5.3,4.1,43,19,2,2
13.02.2019 20:00:00,7.0,48.0,18.7,0,0.2,0,1.1,3.6,4.7,65.0,0,90.0,1.8,0,24.0,23.0,3.8,4.2,43,20,2,2
13.02.2019 21:00:00,10.0,48.0,18.8,0,0.22,0,1.2,4.4,5.7,71.0,0,90.0,1.7,0,25.0,29.0,2.2,3.0,43,21,2,2
13.02.2019 22:00:00,9.0,48.0,18.8,0,0.23,0,1.3,3.8,5.0,90.0,0,93.0,1.7,0,25.0,22.0,3.2,2.1,43,22,2,2
13.02.2019 23:00:00,8.0,43.0,18.9,0,0.24,0,1.3,5.7,7.0,82.0,0,95.0,1.7,0,41.0,185.0,0.9,1.1,43,23,2,2
13.02.2019 24:00:00,7.0,28.0,18.6,0,0.26,0,1.3,7.9,9.2,25.0,0,96.0,1.8,0,201.0,201.0,1.7,0.7,43,24,2,2
14.02.2019 01:00:00,5.0,34.0,18.7,0,0.23,0,1.1,4.0,5.1,17.0,0,97.0,2.1,0,208.0,215.0,2.0,2.0,44,1,3,2
14.02.2019 02:00:00,6.0,33.0,18.7,0,0.22,0,0.4,1.7,2.1,12.0,0.2,97.0,1.6,0,208.0,211.0,1.7,1.9,44,2,3,2
14.02.2019 03:00:00,7.0,33.0,18.7,0,0.22,0,0.5,1.3,1.7,14.0,0,97.0,1.6,0,213.0,216.0,1.4,2.0,44,3,3,2
14.02.2019 04:00:00,3.0,31.0,18.9,0,0.22,0,0.5,1.2,1.7,16.0,0,96.0,1.6,0,212.0,235.0,0.5,0.9,44,4,3,2
14.02.2019 05:00:00,2.0,39.0,19.4,0,0.23,0,0.5,1.7,2.2,31.0,0,95.0,1.7,0,328.0,337.0,3.0,1.5,44,5,3,2
14.02.2019 06:00:00,5.0,45.0,19.3,0,0.22,0,0.8,2.2,3.0,23.0,0.2,96.0,1.6,0,328.0,328.0,4.6,3.3,44,6,3,2
14.02.2019 07:00:00,7.0,43.0,18.6,0,0.23,0,0.8,3.5,4.3,14.0,0.6,97.0,1.5,0,333.0,329.0,2.5,2.9,44,7,3,2
14.02.2019 08:00:00,7.0,41.0,18.4,0,0.25,0,1.2,6.2,7.4,13.0,0.8,97.0,1.6,0,343.0,339.0,2.0,2.4,44,8,3,2
14.02.2019 09:00:00,8.0,40.0,18.4,0,0.25,0,1.4,7.9,9.3,39.0,0.6,97.0,1.6,0,345.0,350.0,2.0,1.8,44,9,3,2
14.02.2019 10:00:00,11.0,45.0,18.5,0,0.23,0,1.2,4.0,5.1,64.0,0.2,97.0,1.5,0,5.1,11.0,4.0,3.2,44,10,3,2
14.02.2019 11:00:00,7.625,47.0,18.3,0,0.24,0,1.571,8.815,11.301,34.403,0,95.0,1.6,0,23.0,21.0,4.1,0.5,44,11,3,2
14.02.2019 12:00:00,16.0,44.0,18.5,0,0.26,0,1.576,8.804,11.298,74.0,0,96.0,1.7,0,18.0,21.0,4.5,3.8,44,12,3,2
14.02.2019 13:00:00,15.0,42.0,18.6,0,0.28,0,1.5,4.5,6.0,69.0,0.2,96.0,1.6,0,23.0,21.0,4.6,4.2,44,13,3,2
14.02.2019 14:00:00,17.0,50.0,18.6,0,0.29,0,1.4,4.1,5.5,60.0,0,96.0,1.6,0,21.0,21.0,4.5,4.8,44,14,3,2
14.02.2019 15:00:00,18.0,55.0,18.6,0,0.29,0,1.0,3.8,4.8,59.0,0.2,96.0,1.6,0,21.0,20.0,5.0,4.6,44,15,3,2
14.02.2019 16:00:00,16.0,58.0,18.6,0,0.28,0,1.0,4.0,5.0,61.0,0.6,96.0,1.5,0,21.0,21.0,5.7,5.1,44,16,3,2
14.02.2019 17:00:00,15.0,60.0,18.4,0,0.3,0,1.1,4.3,5.4,51.0,0.2,96.0,1.4,0,22.0,20.0,6.5,5.5,44,17,3,2
14.02.2019 18:00:00,15.0,60.0,18.3,0,0.32,0,1.1,3.9,5.0,50.0,0,96.0,1.5,0,24.0,33.0,3.8,4.8,44,18,3,2
14.02.2019 19:00:00,11.0,59.0,18.3,0,0.3,0,1.0,3.5,4.4,42.0,0,96.0,1.5,0,22.0,18.0,4.3,4.7,44,19,3,2
14.02.2019 20:00:00,9.0,57.0,18.4,0,0.29,0,1.1,3.3,4.3,60.0,0,96.0,1.3,0,19.0,19.0,2.9,3.5,44,20,3,2
14.02.2019 21:00:00,9.0,53.0,18.7,0,0.29,0,0.9,4.5,5.4,56.0,0.4,96.0,1.4,0,20.0,352.0,1.5,2.3,44,21,3,2
14.02.2019 22:00:00,7.0,48.0,18.7,0,0.3,0,1.1,7.5,8.5,15.0,0,97.0,1.3,0,341.0,333.0,1.6,1.6,44,22,3,2
14.02.2019 23:00:00,6.0,36.0,18.8,0,0.33,0,1.3,13.0,14.0,16.0,0.2,97.0,1.4,0,345.0,84.0,0.5,0.3,44,23,3,2
14.02.2019 24:00:00,6.0,38.0,18.7,0,0.3,0,0.9,7.0,7.9,9.0,0.2,97.0,1.6,0,203.0,198.0,1.4,0.8,44,24,3,2
15.02.2019 01:00:00,5.0,40.0,18.7,0,0.29,0,0.7,4.0,4.7,13.0,0.2,97.0,1.5,0,204.0,214.0,0.6,0.7,45,1,4,2
15.02.2019 02:00:00,2.0,39.0,18.8,0,0.26,0,0.7,2.0,2.7,9.0,0.2,98.0,1.5,0,211.0,224.0,0.8,1.4,45,2,4,2
15.02.2019 03:00:00,3.0,34.0,18.8,0,0.26,0,0.7,2.2,2.8,6.0,0,98.0,1.4,0,212.0,191.0,1.0,1.0,45,3,4,2
15.02.2019 04:00:00,5.0,33.0,19.0,0,0.26,0,0.6,2.2,2.8,8.0,0,98.0,1.4,0,221.0,233.0,0.5,0.6,45,4,4,2
15.02.2019 05:00:00,6.0,43.0,19.3,0,0.25,0,0.6,2.1,2.7,16.0,0,97.0,1.4,0,329.0,326.0,2.9,2.2,45,5,4,2
15.02.2019 06:00:00,7.0,48.0,19.3,0,0.26,0,0.7,2.1,2.8,21.0,0.2,96.0,1.3,0,324.0,265.0,0.9,1.7,45,6,4,2
15.02.2019 07:00:00,7.0,46.0,19.3,0,0.28,0,1.2,4.9,6.1,29.0,0,95.0,1.4,0,318.0,330.0,2.3,0.9,45,7,4,2
15.02.2019 08:00:00,9.0,37.0,19.4,0,0.33,0,1.8,11.0,13.0,32.0,0,96.0,1.5,0,349.0,349.0,1.6,0.5,45,8,4,2
15.02.2019 09:00:00,11.0,34.0,19.4,0,0.33,0,2.2,12.0,14.0,45.0,0,97.0,1.6,0,338.0,337.0,1.4,1.1,45,9,4,2
15.02.2019 10:00:00,15.0,33.0,19.6,0,0.33,0,2.7,11.0,14.0,69.0,0,97.0,2.0,0,360.0,348.0,2.2,1.7,45,10,4,2
15.02.2019 11:00:00,17.0,35.0,19.6,0,0.34,0,2.4,10.0,12.0,69.0,0,96.0,1.8,0,357.0,10.0,1.7,1.6,45,11,4,2
15.02.2019 12:00:00,19.0,40.0,20.0,0,0.32,0,1.6,6.9,8.5,78.0,0,95.0,1.5,0,19.0,26.0,1.7,1.6,45,12,4,2
15.02.2019 13:00:00,21.0,47.0,20.7,0,0.31,0,1.2,3.7,4.9,78.0,0,93.0,1.5,0,39.0,42.0,2.0,2.0,45,13,4,2
15.02.2019 14:00:00,22.0,49.0,21.5,0,0.32,0,1.1,4.5,5.7,92.0,0,90.0,1.5,0,18.0,31.0,2.5,2.7,45,14,4,2
15.02.2019 15:00:00,24.0,54.0,21.2,0,0.31,0,1.0,4.5,5.4,77.0,0,89.0,1.7,0,37.0,34.0,2.3,2.1,45,15,4,2
15.02.2019 16:00:00,22.0,54.0,20.6,0,0.31,0,0.6,4.0,4.5,71.0,0,91.0,1.4,0,19.0,21.0,2.8,3.3,45,16,4,2
15.02.2019 17:00:00,19.0,54.0,20.2,0,0.31,0,0.7,5.1,5.7,84.0,0,92.0,1.3,0,21.0,16.0,2.4,2.4,45,17,4,2
15.02.2019 18:00:00,19.0,52.0,20.0,0,0.33,0,0.7,7.6,8.3,98.0,0,92.0,1.4,0,17.0,4.4,1.6,1.5,45,18,4,2
15.02.2019 19:00:00,24.0,51.0,19.6,0,0.32,0,0.9,7.3,8.1,97.0,0,93.0,1.5,0,359.0,352.0,1.9,1.9,45,19,4,2
15.02.2019 20:00:00,26.0,47.0,19.4,0,0.33,0,1.3,8.0,9.4,80.0,0,95.0,1.5,0,6.6,31.0,0.8,0.9,45,20,4,2
15.02.2019 21:00:00,21.0,47.0,19.2,0,0.31,0,1.1,6.7,7.8,43.0,0.2,97.0,1.8,0,69.0,90.0,1.7,2.2,45,21,4,2
15.02.2019 22:00:00,17.0,50.0,19.0,0,0.3,0,0.8,4.1,4.9,37.0,0.2,97.0,1.2,0,53.0,41.0,3.0,2.6,45,22,4,2
15.02.2019 23:00:00,16.0,52.0,18.9,0,0.28,0,0.5,3.3,3.7,43.0,0,97.0,1.5,0,42.0,22.0,3.0,3.2,45,23,4,2
15.02.2019 24:00:00,15.0,52.0,19.0,0,0.27,0,0.8,2.7,3.4,33.0,0.4,97.0,1.1,0,30.0,22.0,5.2,3.7,45,24,4,2
16.02.2019 01:00:00,11.0,50.0,18.7,0,0.25,0,0.8,1.9,2.7,26.0,0,97.0,1.2,0,21.0,21.0,4.4,4.2,46,1,5,2
16.02.2019 02:00:00,13.0,46.0,18.5,0,0.25,0,0.1,1.6,1.6,32.0,0.2,96.0,1.3,0,1.9,14.0,1.8,1.9,46,2,5,2
16.02.2019 03:00:00,12.0,43.0,18.8,0,0.27,0,0.5,1.6,2.1,39.0,0,95.0,1.4,0,29.0,25.0,2.6,2.4,46,3,5,2
16.02.2019 04:00:00,10.0,41.0,18.7,0,0.25,0,0.8,2.2,2.9,37.0,0.2,94.0,1.3,0,29.0,22.0,3.0,3.0,46,4,5,2
16.02.2019 05:00:00,10.0,43.0,18.6,0,0.25,0,0.7,1.7,2.4,27.0,0,93.0,1.3,0,22.0,22.0,5.7,5.6,46,5,5,2
16.02.2019 06:00:00,8.0,46.0,18.1,0,0.25,0,0.7,1.4,2.2,25.0,0.2,95.0,1.3,0,21.0,21.0,5.9,4.6,46,6,5,2
16.02.2019 07:00:00,4.0,48.0,18.0,0,0.26,0,0.6,1.5,2.1,24.0,0.2,94.0,1.4,0,22.0,25.0,4.3,5.5,46,7,5,2
16.02.2019 08:00:00,4.0,47.0,17.9,0,0.28,0,0.6,2.8,3.4,17.0,0.4,95.0,1.3,0,21.0,21.0,5.0,5.6,46,8,5,2
16.02.2019 09:00:00,5.0,45.0,17.8,0,0.27,0,1.2,4.8,6.0,36.0,0.2,94.0,1.7,0,23.0,22.0,4.6,5.0,46,9,5,2
16.02.2019 10:00:00,5.0,45.0,17.9,0,0.27,0,1.4,4.8,6.2,31.0,0.4,94.0,1.2,0,23.0,25.0,4.9,4.7,46,10,5,2
16.02.2019 11:00:00,7.0,46.0,17.8,0,0.26,0,1.3,3.8,5.1,35.0,0,94.0,1.2,0,34.0,41.0,4.0,4.1,46,11,5,2
16.02.2019 12:00:00,7.0,47.0,18.0,0,0.25,0,1.5,3.7,5.1,36.0,0,93.0,1.2,0,26.0,27.0,5.5,5.0,46,12,5,2
16.02.2019 13:00:00,3.0,49.0,17.9,0,0.25,0,1.3,3.1,4.4,35.0,0.2,94.0,1.1,0,24.0,23.0,7.0,6.1,46,13,5,2
16.02.2019 14:00:00,4.0,52.0,17.3,0,0.25,0,1.2,1.8,3.0,25.0,0.4,95.0,1.1,0,22.0,21.0,7.9,8.3,46,14,5,2
16.02.2019 15:00:00,6.0,51.0,17.0,0,0.28,0,0.9,2.3,3.2,35.0,0.4,96.0,1.2,0,20.0,20.0,5.7,6.0,46,15,5,2
16.02.2019 16:00:00,3.0,51.0,16.6,0,0.29,0,0.6,2.5,3.1,30.0,2.2,96.0,1.4,0,20.0,22.0,6.9,6.0,46,16,5,2
16.02.2019 17:00:00,5.0,50.0,16.3,0,0.3,0,0.6,2.2,2.8,30.0,0.6,96.0,1.1,0,22.0,23.0,6.9,7.5,46,17,5,2
16.02.2019 18:00:00,6.0,49.0,16.3,0,0.32,0,0.8,2.9,3.7,33.0,0.2,95.0,1.2,0,26.0,30.0,5.6,5.6,46,18,5,2
16.02.2019 19:00:00,6.0,46.0,16.4,0,0.33,0,1.2,4.5,5.7,30.0,0.2,95.0,1.0,0,25.0,25.0,5.3,5.3,46,19,5,2
16.02.2019 20:00:00,8.0,47.0,16.4,0,0.33,0,1.1,3.1,4.3,29.0,0.2,95.0,1.2,0,39.0,26.0,4.5,4.3,46,20,5,2
16.02.2019 21:00:00,7.0,48.0,16.6,0,0.32,0,0.7,2.2,2.9,37.0,0.6,95.0,1.3,0,22.0,21.0,7.2,6.9,46,21,5,2
16.02.2019 22:00:00,3.0,47.0,16.8,0,0.38,0,0.7,1.9,2.6,22.0,1.2,96.0,1.0,0,22.0,23.0,9.4,7.9,46,22,5,2
16.02.2019 23:00:00,2.0,49.0,16.5,0,0.34,0,0.7,1.5,2.1,26.0,0.2,95.0,1.1,0,22.0,26.0,6.6,8.9,46,23,5,2
16.02.2019 24:00:00,5.0,49.0,16.2,0,0.29,0,0.4,1.2,1.6,37.0,0.2,93.0,1.3,0,24.0,26.0,5.1,7.0,46,24,5,2
17.02.2019 01:00:00,4.0,49.0,16.0,0,0.27,0,0.5,1.3,1.8,37.0,1.2,94.0,1.6,0,24.0,22.0,8.9,7.4,47,1,6,2
17.02.2019 02:00:00,3.0,49.0,15.5,0,0.29,0,0.5,1.2,1.8,26.0,2.4,95.0,1.0,0,21.0,20.0,8.1,8.5,47,2,6,2
17.02.2019 03:00:00,4.0,47.0,15.1,0,0.29,0,0.2,1.1,1.3,31.0,1.6,95.0,1.1,0,21.0,20.0,7.6,7.7,47,3,6,2
17.02.2019 04:00:00,2.0,48.0,15.0,0,0.28,0,0.2,1.2,1.4,27.0,1.6,94.0,1.1,0,23.0,23.0,6.5,7.1,47,4,6,2
17.02.2019 05:00:00,2.0,47.0,15.1,0,0.26,0,0.4,1.2,1.6,43.0,0.2,93.0,1.1,0,26.0,30.0,4.4,4.7,47,5,6,2
17.02.2019 06:00:00,2.0,48.0,15.5,0,0.24,0,0.4,1.0,1.5,47.0,0.6,92.0,0.9,0,23.0,24.0,6.5,5.3,47,6,6,2
17.02.2019 07:00:00,3.0,47.0,15.7,0,0.23,0,0.4,1.3,1.7,40.0,0.4,92.0,1.0,0,23.0,21.0,8.7,7.6,47,7,6,2
17.02.2019 08:00:00,6.0,47.0,15.4,0,0.25,0,0.4,1.3,1.7,18.0,0.4,94.0,1.1,0,22.0,24.0,8.5,8.8,47,8,6,2
17.02.2019 09:00:00,7.0,46.0,15.5,0,0.24,0,0.7,1.6,2.2,27.0,0.4,93.0,0.9,0,22.0,25.0,8.0,7.8,47,9,6,2
17.02.2019 10:00:00,8.0,46.0,16.0,0,0.23,0,0.7,3.0,3.7,35.0,0.4,92.0,1.0,0,24.0,22.0,8.0,6.9,47,10,6,2
17.02.2019 11:00:00,11.0,46.0,16.1,0,0.22,0,0.8,1.9,2.7,26.0,1.8,95.0,0.9,0,21.0,21.0,9.7,8.4,47,11,6,2
17.02.2019 12:00:00,7.0,47.0,16.3,0,0.22,0,0.8,2.2,3.0,24.0,1.2,96.0,0.9,0,22.0,25.0,7.1,8.1,47,12,6,2
17.02.2019 13:00:00,3.0,47.0,16.6,0,0.22,0,1.0,2.7,3.7,32.0,0.6,95.0,1.0,0,35.0,49.0,8.1,6.5,47,13,6,2
17.02.2019 14:00:00,6.0,47.0,16.9,0,0.21,0,0.5,1.4,2.0,38.0,0.4,93.0,1.0,0,47.0,47.0,5.9,6.3,47,14,6,2
17.02.2019 15:00:00,7.0,47.0,17.0,0,0.2,0,0.5,1.6,2.1,34.0,0.6,94.0,1.1,0,47.0,48.0,7.1,6.6,47,15,6,2
17.02.2019 16:00:00,6.0,47.0,17.1,0,0.19,0,0.6,1.3,1.8,28.0,0.2,94.0,1.0,0,49.0,52.0,8.1,7.7,47,16,6,2
17.02.2019 17:00:00,5.0,47.0,17.0,0,0.18,0,0.3,1.3,1.6,25.0,0.4,94.0,0.8,0,50.0,50.0,8.5,8.4,47,17,6,2
17.02.2019 18:00:00,7.0,47.0,17.0,0,0.17,0,0.5,1.2,1.7,22.0,0.4,95.0,1.0,0,47.0,41.0,6.1,6.8,47,18,6,2
17.02.2019 19:00:00,6.0,46.0,17.1,0,0.16,0,0.6,1.5,2.1,14.0,1.0,96.0,1.0,0,49.0,50.0,8.8,7.2,47,19,6,2
17.02.2019 20:00:00,7.0,46.0,17.0,0,0.15,0,0.3,0.8,1.1,23.0,0.6,96.0,1.0,0,50.0,50.0,9.0,8.6,47,20,6,2
17.02.2019 21:00:00,8.0,46.0,17.2,0,0.15,0,0.4,0.7,1.1,22.0,0.4,96.0,0.9,0,51.0,51.0,7.4,7.3,47,21,6,2
17.02.2019 22:00:00,6.0,47.0,17.3,0,0.15,0,0.4,0.8,1.3,22.0,0.6,96.0,1.3,0,52.0,49.0,6.1,6.0,47,22,6,2
17.02.2019 23:00:00,7.0,47.0,17.6,0,0.16,0,0.5,0.6,1.1,14.0,0.8,96.0,1.3,0,51.0,50.0,6.6,6.3,47,23,6,2
17.02.2019 24:00:00,9.0,47.0,17.8,0,0.16,0,0.5,0.6,1.0,30.0,1.0,96.0,1.2,0,47.0,40.0,5.0,5.8,47,24,6,2
18.02.2019 01:00:00,7.0,46.0,17.9,0,0.16,0,0.4,0.9,1.3,33.0,3.4,97.0,1.3,0,41.0,47.0,5.5,4.3,48,1,0,2
18.02.2019 02:00:00,5.0,48.0,18.0,0,0.18,0,0.5,0.7,1.2,25.0,2.2,97.0,1.6,0,45.0,49.0,6.6,4.9,48,2,0,2
18.02.2019 03:00:00,5.0,48.0,18.2,0,0.17,0,0.6,0.5,1.0,25.0,1.4,97.0,1.5,0,49.0,48.0,6.1,6.6,48,3,0,2
18.02.2019 04:00:00,4.0,48.0,18.4,0,0.18,0,0.7,0.4,1.0,28.0,1.4,96.0,1.6,0,50.0,51.0,5.6,6.1,48,4,0,2
18.02.2019 05:00:00,4.0,48.0,18.6,0,0.18,0,0.4,0.5,0.9,26.0,2.4,96.0,1.5,0,48.0,47.0,4.6,5.0,48,5,0,2
18.02.2019 06:00:00,5.0,47.0,19.0,0,0.18,0,0.4,1.0,1.5,35.0,3.2,97.0,1.7,0,49.0,45.0,5.5,5.3,48,6,0,2
18.02.2019 07:00:00,4.0,46.0,19.3,0,0.19,0,0.8,1.3,2.1,38.0,0.8,97.0,1.6,0,45.0,43.0,6.5,5.5,48,7,0,2
18.02.2019 08:00:00,5.0,44.0,19.8,0,0.2,0,1.4,3.3,4.7,32.0,0.2,97.0,1.5,0,37.0,39.0,4.4,4.7,48,8,0,2
18.02.2019 09:00:00,7.0,42.0,20.3,0,0.23,0,1.5,5.0,6.6,34.0,0,97.0,1.7,0,26.0,49.0,1.6,3.4,48,9,0,2
18.02.2019 10:00:00,8.0,33.0,20.4,0,0.28,0,2.2,8.5,11.0,18.0,0,97.0,2.4,0,225.0,228.0,1.4,1.9,48,10,0,2
18.02.2019 11:00:00,6.0,36.0,21.1,0,0.23,0,1.6,6.8,8.4,33.0,0.4,96.0,1.9,0,3.3,30.0,1.5,1.2,48,11,0,2
18.02.2019 12:00:00,6.0,38.0,21.3,0,0.21,0,1.4,5.3,6.7,22.0,0.8,96.0,1.9,0,345.0,333.0,3.3,2.1,48,12,0,2
18.02.2019 13:00:00,6.0,40.0,21.5,0,0.23,0,1.3,5.5,6.8,9.0,1.0,94.0,1.8,0,340.0,331.0,4.0,2.7,48,13,0,2
18.02.2019 14:00:00,5.0,43.0,21.0,0,0.2,0,1.0,3.6,4.6,17.0,0,95.0,1.7,0,345.0,337.0,2.7,3.0,48,14,0,2
18.02.2019 15:00:00,5.0,40.0,20.6,0,0.2,0,1.3,6.4,7.8,35.0,0,95.0,1.5,0,347.0,360.0,2.1,2.1,48,15,0,2
18.02.2019 16:00:00,8.0,43.0,20.7,0,0.19,0,1.1,4.3,5.4,57.0,0,94.0,1.5,0,23.0,4.7,2.3,1.9,48,16,0,2
18.02.2019 17:00:00,11.0,42.0,20.7,0,0.21,0,1.0,6.1,7.0,47.0,0,93.0,1.7,0,7.3,24.0,2.5,2.2,48,17,0,2
18.02.2019 18:00:00,13.0,41.0,20.5,0,0.22,0,0.7,6.0,6.6,70.0,0,93.0,1.7,0,1.8,348.0,1.9,1.9,48,18,0,2
18.02.2019 19:00:00,11.0,36.0,20.4,0,0.22,0,1.2,7.1,8.3,32.0,0,93.0,1.7,0,333.0,317.0,1.5,1.4,48,19,0,2
18.02.2019 20:00:00,9.0,38.0,20.3,0,0.19,0,0.5,4.0,4.5,22.0,0,93.0,1.9,0,322.0,321.0,2.6,1.8,48,20,0,2
18.02.2019 21:00:00,9.0,37.0,20.0,0,0.19,0,1.6,6.0,7.6,30.736,0,94.0,1.8,0,325.0,331.0,3.2,2.4,48,21,0,2
18.02.2019 22:00:00,8.0,32.0,19.6,0,0.21,0,1.3,6.3,7.6,30.652,0,94.0,1.7,0,327.0,4.8,0.6,1.1,48,22,0,2
18.02.2019 23:00:00,10.0,31.0,19.6,0,0.21,0,1.2,7.0,8.2,30.651,0,96.0,1.8,0,137.0,155.0,1.5,0.3,48,23,0,2
18.02.2019 24:00:00,10.0,28.0,19.6,0,0.25,0,0.7,6.4,7.0,32.0,0,96.0,2.2,0,135.0,112.0,1.3,1.7,48,24,0,2
19.02.2019 01:00:00,11.0,33.0,19.6,0,0.22,0,0.8,5.5,6.3,30.552,0,96.0,1.4,0,2.6,330.0,1.9,1.6,49,1,1,2
19.02.2019 02:00:00,10.0,32.0,19.4,0,0.21,0,0.9,2.2,3.1,30.687,0,95.0,1.9,0,334.0,330.0,1.3,1.8,49,2,1,2
19.02.2019 03:00:00,5.0,33.0,18.4,0,0.18,0,0.9,2.8,3.7,30.738,0.2,90.0,1.7,0,332.0,321.0,4.6,5.0,49,3,1,2
19.02.2019 04:00:00,6.0,32.0,17.7,0,0.18,0,0.9,2.4,3.3,15.0,0,90.0,1.6,0,253.0,111.0,1.2,0.7,49,4,1,2
19.02.2019 05:00:00,9.0,29.0,17.6,0,0.2,0,0.9,3.0,3.9,11.0,0,91.0,1.3,0,226.0,232.0,2.8,3.0,49,5,1,2
19.02.2019 06:00:00,7.0,25.0,17.6,0,0.22,0,1.0,3.7,4.7,15.0,0,90.0,1.5,0,225.0,220.0,2.8,3.2,49,6,1,2
19.02.2019 07:00:00,7.0,21.0,18.7,0,0.26,0,1.8,5.9,7.6,11.0,0,87.0,1.5,0,212.0,194.0,3.5,2.6,49,7,1,2
19.02.2019 08:00:00,10.0,15.0,19.6,0,0.33,0,5.1,8.7,14.0,13.0,0,85.0,2.0,0,209.0,217.0,1.6,2.9,49,8,1,2
19.02.2019 09:00:00,11.0,13.0,20.2,0,0.38,0,7.2,12.0,19.0,40.0,0,87.0,2.3,0,19.0,353.0,3.1,0.7,49,9,1,2
19.02.2019 10:00:00,16.0,20.0,21.3,0,0.32,0,4.7,12.0,17.0,30.0,0,81.0,2.4,0,64.0,90.0,1.4,0.7,49,10,1,2
19.02.2019 11:00:00,6.542,31.0,22.6,0,0.0,0,1.448,8.128,10.156,29.832,0.971,78.0,1.507,0,58.0,44.0,4.6,2.9,49,11,1,2
19.02.2019 12:00:00,12.0,41.972,21.7,0,0.25,0,2.4,5.2,7.6,39.0,0,85.0,2.4,0,36.0,25.0,2.1,2.5,49,12,1,2
19.02.2019 13:00:00,9.0,41.0,20.9,0,0.24,0,1.5,3.8,5.3,30.0,0,88.0,1.7,0,20.0,20.0,2.7,2.5,49,13,1,2
19.02.2019 14:00:00,8.0,42.0,21.1,0,0.23,0,1.4,3.5,4.9,40.0,0,87.0,1.8,0,25.0,30.0,2.0,2.2,49,14,1,2
19.02.2019 15:00:00,11.0,46.0,21.3,0,0.22,0,1.8,4.4,6.2,26.0,0,85.0,1.9,0,52.0,48.0,3.1,2.4,49,15,1,2
19.02.2019 16:00:00,11.0,45.0,21.1,0,0.22,0,1.3,4.3,5.6,24.0,0,88.0,2.1,0,56.0,47.0,2.6,2.9,49,16,1,2
19.02.2019 17:00:00,11.0,45.0,20.7,0,0.23,0,0.9,4.0,4.9,35.0,0,91.0,1.8,0,49.0,54.0,2.6,2.5,49,17,1,2
19.02.2019 18:00:00,11.0,44.0,20.4,0,0.25,0,1.0,5.6,6.6,33.0,0,91.0,1.9,0,75.0,87.0,1.7,2.0,49,18,1,2
19.02.2019 19:00:00,11.0,42.0,20.3,0,0.23,0,1.0,8.5,9.5,28.0,0,91.0,1.7,0,86.0,90.0,1.5,1.0,49,19,1,2
19.02.2019 20:00:00,37.0,44.0,20.3,0,0.24,0,1.9,7.3,9.2,118.0,0,90.0,9.5,0,113.0,81.0,1.2,1.1,49,20,1,2
19.02.2019 21:00:00,37.0,47.0,20.3,0,0.2,0,0.9,2.6,3.6,31.091,0,90.0,1.5,0,85.0,92.0,0.7,1.2,49,21,1,2
19.02.2019 22:00:00,29.0,41.0,20.3,0,0.2,0,0.7,6.0,6.7,66.0,0,91.0,3.0,0,42.0,25.0,2.3,1.1,49,22,1,2
19.02.2019 23:00:00,28.0,42.0,20.2,0,0.19,0,0.8,3.9,4.8,33.0,0,92.0,1.6,0,24.0,40.0,1.4,2.0,49,23,1,2
19.02.2019 24:00:00,11.0,41.0,20.1,0,0.19,0,0.8,3.1,3.9,30.0,0,92.0,1.4,0,32.0,40.0,0.7,1.0,49,24,1,2
20.02.2019 01:00:00,12.0,33.0,20.1,0,0.19,0,0.4,3.8,4.2,27.0,0,92.0,1.7,0,188.0,215.0,1.5,0.3,50,1,2,2
20.02.2019 02:00:00,11.0,27.0,19.8,0,0.19,0,0.6,3.6,4.2,35.0,0,94.0,1.3,0,196.0,189.0,0.6,0.6,50,2,2,2
20.02.2019 03:00:00,10.0,18.0,19.4,0,0.19,0,0.5,3.3,3.8,32.0,0,95.0,1.3,0,207.0,190.0,1.4,2.1,50,3,2,2
20.02.2019 04:00:00,12.0,12.0,19.1,0,0.19,0,0.7,3.5,4.2,21.0,0,96.0,1.6,0,203.0,202.0,2.3,1.7,50,4,2,2
20.02.2019 05:00:00,9.0,11.0,19.1,0,0.19,0,0.9,3.5,4.3,17.0,0,95.0,1.5,0,212.0,212.0,2.3,2.7,50,5,2,2
20.02.2019 06:00:00,7.0,10.0,19.5,0,0.21,0,0.4,3.9,4.3,22.0,0,94.0,1.5,0,212.0,214.0,1.5,1.9,50,6,2,2
20.02.2019 07:00:00,11.0,11.0,19.8,0,0.26,0,2.8,6.9,9.7,24.0,0,94.0,1.6,0,203.0,213.0,2.6,1.7,50,7,2,2
20.02.2019 08:00:00,15.0,22.0,20.3,0,0.27,0,1.9,6.6,8.6,38.0,0,94.0,1.6,0,220.0,223.0,2.0,2.5,50,8,2,2
20.02.2019 09:00:00,16.0,28.0,20.9,0,0.26,0,1.3,7.0,8.4,32.0,0,94.0,1.4,0,230.0,263.0,1.1,1.6,50,9,2,2
20.02.2019 10:00:00,15.0,35.0,21.4,0,0.21,0,1.2,6.5,7.8,76.0,0,93.0,2.0,0,37.0,47.0,2.2,1.7,50,10,2,2
20.02.2019 11:00:00,15.0,42.0,21.9,0,0.19,0,1.2,5.2,6.3,45.0,0,91.0,1.9,0,44.0,47.0,3.2,2.8,50,11,2,2
20.02.2019 12:00:00,12.0,47.0,22.1,0,0.18,0,1.1,3.4,4.5,38.0,0,90.0,1.4,0,43.0,51.0,3.2,2.3,50,12,2,2
20.02.2019 13:00:00,12.0,47.0,22.8,0,0.18,0,1.1,4.8,5.9,49.0,0,88.0,1.4,0,26.0,21.0,3.9,2.9,50,13,2,2
20.02.2019 14:00:00,13.0,48.0,23.0,0,0.18,0,1.0,3.8,4.8,40.0,0,87.0,1.7,0,18.0,21.0,3.6,3.6,50,14,2,2
20.02.2019 15:00:00,12.0,46.0,22.3,0,0.19,0,0.9,4.6,5.5,55.0,0,90.0,1.5,0,8.8,8.7,2.5,2.9,50,15,2,2
20.02.2019 16:00:00,12.0,46.0,22.0,0,0.2,0,1.2,5.9,7.2,86.0,0,92.0,1.5,0,11.0,21.0,2.3,2.2,50,16,2,2
20.02.2019 17:00:00,13.0,44.0,21.9,0,0.2,0,1.4,6.6,8.0,82.0,0,92.0,1.6,0,17.0,22.0,2.1,1.6,50,17,2,2
20.02.2019 18:00:00,14.0,43.0,21.6,0,0.23,0,1.2,7.0,8.2,102.0,0,94.0,1.3,0,13.0,10.0,1.8,1.8,50,18,2,2
20.02.2019 19:00:00,13.0,44.0,21.4,0,0.23,0,0.9,5.3,6.2,85.0,0,95.0,1.4,0,359.0,6.9,2.5,2.4,50,19,2,2
20.02.2019 20:00:00,12.0,42.0,21.1,0,0.28,0,0.8,4.8,5.6,72.0,0.4,97.0,1.4,0,4.7,6.2,3.0,2.2,50,20,2,2
20.02.2019 21:00:00,15.0,41.0,20.8,0,0.31,0,1.1,4.6,5.7,54.0,0.2,97.0,1.1,0,5.3,9.6,2.5,2.4,50,21,2,2
20.02.2019 22:00:00,12.0,42.0,20.7,0,0.31,0,1.0,3.2,4.1,41.0,0.2,97.0,1.2,0,19.0,21.0,2.6,2.8,50,22,2,2
20.02.2019 23:00:00,10.0,40.0,20.7,0,0.31,0,1.1,4.6,5.7,73.0,0,97.0,1.2,0,24.0,25.0,2.6,2.1,50,23,2,2
20.02.2019 24:00:00,11.0,40.0,20.7,0,0.31,0,1.2,3.5,4.7,91.0,0,97.0,1.2,0,27.0,36.0,1.9,2.0,50,24,2,2
21.02.2019 01:00:00,11.0,40.0,20.5,0,0.31,0,0.8,3.7,4.5,71.0,0,97.0,2.1,0,37.0,44.0,3.8,2.6,51,1,3,2
21.02.2019 02:00:00,11.0,40.0,20.2,0,0.31,0,1.0,2.0,3.1,39.0,0.4,97.0,1.5,0,30.0,26.0,3.0,2.2,51,2,3,2
21.02.2019 03:00:00,12.0,41.0,19.9,0,0.31,0,1.1,1.1,2.2,29.0,0.2,98.0,1.4,0,44.0,43.0,3.7,3.0,51,3,3,2
21.02.2019 04:00:00,11.0,41.0,19.7,0,0.32,0,0.9,1.1,2.0,30.0,0.4,98.0,1.4,0,44.0,36.0,3.2,4.0,51,4,3,2
21.02.2019 05:00:00,11.0,41.0,19.4,0,0.3,0,1.0,1.6,2.6,22.0,0.2,98.0,1.3,0,47.0,50.0,4.8,4.7,51,5,3,2
21.02.2019 06:00:00,10.0,42.0,19.5,0,0.29,0,1.0,1.3,2.2,23.0,0,98.0,1.1,0,53.0,60.0,2.7,3.8,51,6,3,2
21.02.2019 07:00:00,7.0,40.0,19.7,0,0.29,0,1.4,3.5,4.9,32.0,0.2,97.0,1.4,0,61.0,60.0,2.5,3.0,51,7,3,2
21.02.2019 08:00:00,6.0,37.0,20.0,0,0.31,0,1.5,5.8,7.3,33.0,0,94.0,1.6,0,72.0,80.0,2.6,2.7,51,8,3,2
21.02.2019 09:00:00,8.0,37.0,20.4,0,0.29,0,1.8,4.8,6.6,30.0,0,92.0,1.4,0,54.0,46.0,4.7,3.3,51,9,3,2
21.02.2019 10:00:00,10.0,41.0,20.3,0,0.27,0,1.1,2.6,3.8,28.0,0,92.0,1.8,0,50.0,45.0,3.1,4.4,51,10,3,2
21.02.2019 11:00:00,8.0,40.0,20.2,0,0.29,0,1.5,4.2,5.7,35.0,0,92.0,1.5,0,41.0,33.0,2.7,3.0,51,11,3,2
21.02.2019 12:00:00,7.0,39.0,20.2,0,0.28,0,1.4,5.5,6.9,38.0,0,94.0,1.4,0,25.0,45.0,1.3,2.4,51,12,3,2
21.02.2019 13:00:00,6.0,43.0,20.2,0,0.27,0,1.6,3.0,4.6,26.0,0,96.0,1.2,0,54.0,48.0,2.5,1.8,51,13,3,2
21.02.2019 14:00:00,4.0,47.0,20.4,0,0.26,0,1.0,2.3,3.3,28.0,0,94.0,1.2,0,40.0,43.0,1.7,1.6,51,14,3,2
21.02.2019 15:00:00,7.0,47.0,20.4,0,0.26,0,0.9,2.9,3.8,21.0,0,93.0,1.2,0,45.0,25.0,2.0,1.8,51,15,3,2
21.02.2019 16:00:00,8.0,45.0,20.3,0,0.27,0,1.1,4.6,5.7,32.0,0,91.0,1.3,0,54.0,60.0,1.6,1.5,51,16,3,2
21.02.2019 17:00:00,8.0,46.0,20.4,0,0.26,0,1.2,4.9,6.1,40.0,0,91.0,1.3,0,53.0,47.0,1.5,2.1,51,17,3,2
21.02.2019 18:00:00,10.0,42.0,20.4,0,0.28,0,1.2,6.7,7.9,49.0,0,92.0,1.5,0,17.0,21.0,3.5,1.9,51,18,3,2
21.02.2019 19:00:00,10.0,48.0,20.5,0,0.25,0,1.0,2.6,3.6,37.0,0.4,94.0,1.3,0,21.0,20.0,4.4,4.2,51,19,3,2
21.02.2019 20:00:00,7.0,46.0,20.3,0,0.25,0,1.2,2.3,3.5,33.0,1.8,96.0,1.2,0,7.7,356.0,4.6,3.0,51,20,3,2
21.02.2019 21:00:00,6.0,49.0,19.3,0,0.31,0,1.3,3.1,4.4,19.0,1.2,96.0,1.1,0,1.6,351.0,3.2,4.3,51,21,3,2
21.02.2019 22:00:00,7.0,52.0,19.0,0,0.33,0,1.2,2.9,4.1,27.0,1.4,96.0,0.9,0,11.0,18.0,4.1,3.4,51,22,3,2
21.02.2019 23:00:00,12.0,53.0,18.9,0,0.32,0,1.1,1.7,2.8,50.0,0.2,96.0,1.0,0,23.0,34.0,3.6,3.6,51,23,3,2
21.02.2019 24:00:00,15.0,52.0,19.1,0,0.3,0,1.0,1.6,2.6,52.0,0.2,95.0,1.2,0,32.0,23.0,4.6,3.8,51,24,3,2
22.02.2019 01:00:00,15.0,51.0,19.2,0,0.29,0,1.0,1.2,2.2,42.0,0,95.0,1.4,0,23.0,22.0,4.9,3.9,52,1,4,2
22.02.2019 02:00:00,11.0,51.0,19.2,0,0.29,0,1.3,1.2,2.5,41.0,0,95.0,1.4,0,23.0,22.0,6.3,5.0,52,2,4,2
22.02.2019 03:00:00,7.0,51.0,18.9,0,0.29,0,1.4,0.8,2.1,26.0,0.4,95.0,1.4,0,21.0,19.0,4.7,5.2,52,3,4,2
22.02.2019 04:00:00,5.0,51.0,18.6,0,0.3,0,1.4,1.0,2.4,29.0,0.4,96.0,1.4,0,19.0,338.0,1.8,4.4,52,4,4,2
22.02.2019 05:00:00,7.0,49.0,18.5,0,0.3,0,1.1,1.2,2.3,20.0,1.6,96.0,1.3,0,343.0,346.0,2.8,1.5,52,5,4,2
22.02.2019 06:00:00,7.0,51.0,18.4,0,0.3,0,1.3,1.2,2.5,20.0,2.0,96.0,1.3,0,352.0,352.0,3.6,2.8,52,6,4,2
22.02.2019 07:00:00,6.0,49.0,18.1,0,0.32,0,1.5,3.0,4.5,25.0,0.6,96.0,1.3,0,356.0,3.6,2.6,2.8,52,7,4,2
22.02.2019 08:00:00,7.0,44.0,18.1,0,0.35,0,1.8,7.6,9.4,28.0,1.2,96.0,1.3,0,357.0,342.0,0.9,2.0,52,8,4,2
22.02.2019 09:00:00,9.0,43.0,18.2,0,0.34,0,2.2,6.8,9.0,21.0,1.4,96.0,1.4,0,355.0,355.0,2.5,1.9,52,9,4,2
22.02.2019 10:00:00,7.0,46.0,18.3,0,0.32,0,1.8,6.1,8.0,31.0,1.0,96.0,1.5,0,357.0,337.0,2.4,2.6,52,10,4,2
22.02.2019 11:00:00,4.0,46.0,18.0,0,0.29,0,2.2,4.4,6.5,16.0,1.0,95.0,1.3,0,357.0,11.0,4.3,4.5,52,11,4,2
22.02.2019 12:00:00,6.0,48.0,17.6,0,0.28,0,1.9,3.8,5.6,18.0,0.6,95.0,1.3,0,11.0,14.0,4.3,4.0,52,12,4,2
22.02.2019 13:00:00,6.0,48.0,17.2,0,0.28,0,1.7,3.8,5.4,14.0,1.2,95.0,1.2,0,9.6,8.8,4.3,4.1,52,13,4,2
22.02.2019 14:00:00,4.0,50.0,16.9,0,0.29,0,1.9,3.7,5.6,17.0,1.0,96.0,1.2,0,13.0,21.0,5.8,4.5,52,14,4,2
22.02.2019 15:00:00,5.0,51.0,16.7,0,0.3,0,1.8,3.4,5.2,12.0,1.0,96.0,1.2,0,21.0,20.0,7.3,6.7,52,15,4,2
22.02.2019 16:00:00,6.0,52.0,16.4,0,0.31,0,1.7,2.7,4.4,13.0,1.6,95.0,1.2,0,22.0,21.0,7.6,7.7,52,16,4,2
22.02.2019 17:00:00,7.0,54.0,16.3,0,0.3,0,1.6,2.4,4.0,15.0,1.4,95.0,1.1,0,21.0,17.0,6.8,7.2,52,17,4,2
22.02.2019 18:00:00,6.0,55.0,16.3,0,0.29,0,1.5,2.3,3.8,23.0,0.4,93.0,1.1,0,20.0,20.0,7.9,7.5,52,18,4,2
22.02.2019 19:00:00,6.0,55.0,16.6,0,0.29,0,1.6,1.9,3.6,35.0,0,87.0,1.1,0,21.0,21.0,7.8,8.2,52,19,4,2
22.02.2019 20:00:00,6.0,53.0,16.5,0,0.32,0,1.4,2.2,3.6,49.0,0,85.0,1.0,0,23.0,25.0,6.2,7.3,52,20,4,2
22.02.2019 21:00:00,4.0,54.0,16.4,0,0.37,0,1.6,2.4,3.9,51.0,0,82.0,1.0,0,34.0,40.0,6.0,5.9,52,21,4,2
22.02.2019 22:00:00,6.0,56.0,16.4,0,0.41,0,1.7,2.2,3.8,66.0,0,81.0,1.1,0,37.0,40.0,7.4,6.2,52,22,4,2
22.02.2019 23:00:00,10.0,56.0,16.1,0,0.42,0,1.5,2.0,3.4,63.0,0,80.0,1.0,0,43.0,44.0,6.9,6.2,52,23,4,2
22.02.2019 24:00:00,12.0,54.0,15.9,0,0.45,0,1.4,2.2,3.6,69.0,0,79.0,0.9,0,38.0,44.0,6.4,5.2,52,24,4,2
23.02.2019 01:00:00,15.0,52.0,15.7,0,0.45,0,1.3,2.2,3.5,71.0,0,81.0,1.1,0,36.0,27.0,6.8,6.1,53,1,5,2
23.02.2019 02:00:00,14.0,50.0,15.2,0,0.44,0,1.0,2.4,3.4,63.0,0,82.0,1.7,0,36.0,38.0,5.2,5.7,53,2,5,2
23.02.2019 03:00:00,12.0,47.0,15.0,0,0.44,0,1.3,2.5,3.8,64.0,0,83.0,1.8,0,31.0,29.0,7.2,6.8,53,3,5,2
23.02.2019 04:00:00,12.0,47.0,14.5,0,0.44,0,1.1,2.6,3.7,60.0,0,84.0,1.7,0,26.0,26.0,7.6,7.4,53,4,5,2
23.02.2019 05:00:00,15.0,46.0,14.5,0,0.43,0,1.2,2.9,4.0,69.0,0,81.0,2.0,0,28.0,33.0,6.4,6.1,53,5,5,2
23.02.2019 06:00:00,16.0,48.0,14.5,0,0.44,0,1.2,3.0,4.2,71.0,0,79.0,1.9,0,33.0,29.0,5.6,5.3,53,6,5,2
23.02.2019 07:00:00,17.0,47.0,14.8,0,0.44,0,1.2,3.3,4.6,74.0,0,78.0,1.8,0,37.0,33.0,6.2,5.2,53,7,5,2
23.02.2019 08:00:00,18.0,48.0,14.8,0,0.44,0,1.4,3.6,5.0,68.0,0,78.0,1.8,0,46.0,51.0,8.8,6.7,53,8,5,2
23.02.2019 09:00:00,16.0,48.0,14.9,0,0.42,0,1.6,3.5,5.1,59.0,0,77.0,1.8,0,48.0,47.0,7.7,7.1,53,9,5,2
23.02.2019 10:00:00,15.0,46.0,15.0,0,0.41,0,1.8,4.7,6.5,61.0,0,76.0,1.8,0,52.0,50.0,7.3,6.1,53,10,5,2
23.02.2019 11:00:00,16.0,45.0,15.1,0,0.0,0,1.351,7.432,9.718,62.0,0,78.0,1.524,0,45.0,47.0,5.7,5.5,53,11,5,2
23.02.2019 12:00:00,16.0,46.681,14.8,0,0.38,0,1.9,4.9,6.8,58.0,0,82.0,1.8,0,33.0,30.0,5.8,5.1,53,12,5,2
23.02.2019 13:00:00,15.0,49.0,14.8,0,0.34,0,1.5,3.6,5.1,58.0,0,81.0,1.7,0,36.0,34.0,5.0,5.2,53,13,5,2
23.02.2019 14:00:00,14.0,50.0,14.7,0,0.33,0,1.6,4.1,5.7,59.0,0,82.0,1.8,0,35.0,34.0,4.8,4.3,53,14,5,2
23.02.2019 15:00:00,11.0,52.0,14.8,0,0.32,0,1.6,4.2,5.8,58.0,0,81.0,2.1,0,32.0,27.0,4.6,4.2,53,15,5,2
23.02.2019 16:00:00,11.0,53.0,15.1,0,0.33,0,1.6,3.6,5.1,59.0,0,81.0,1.9,0,26.0,24.0,6.3,5.3,53,16,5,2
23.02.2019 17:00:00,13.0,52.0,15.0,0,0.33,0,1.4,4.0,5.4,51.0,0.2,87.0,1.9,0,26.0,30.0,5.1,5.3,53,17,5,2
23.02.2019 18:00:00,15.0,52.0,15.1,0,0.33,0,1.5,3.5,4.9,53.0,1.2,89.0,1.9,0,30.0,34.0,5.8,4.9,53,18,5,2
23.02.2019 19:00:00,15.0,52.0,15.1,0,0.28,0,1.4,3.0,4.4,41.0,0.2,89.0,1.8,0,40.0,49.0,6.7,5.2,53,19,5,2
23.02.2019 20:00:00,14.0,52.0,15.4,0,0.27,0,1.1,2.4,3.5,53.0,0.2,87.0,1.6,0,40.0,45.0,6.2,5.7,53,20,5,2
23.02.2019 21:00:00,13.0,52.0,15.7,0,0.27,0,1.2,1.9,3.2,51.0,0,87.0,1.8,0,47.0,47.0,7.5,6.7,53,21,5,2
23.02.2019 22:00:00,11.0,51.0,15.7,0,0.25,0,1.2,2.0,3.2,40.0,0.4,88.0,1.9,0,51.0,52.0,6.3,6.4,53,22,5,2
23.02.2019 23:00:00,11.0,52.0,16.0,0,0.23,0,1.0,1.5,2.5,44.0,1.2,84.0,1.8,0,50.0,50.0,6.4,7.1,53,23,5,2
23.02.2019 24:00:00,11.0,52.0,16.1,0,0.22,0,1.1,1.6,2.6,51.0,5.4,89.0,1.7,0,46.0,41.0,6.0,5.7,53,24,5,2
24.02.2019 01:00:00,12.0,52.0,15.9,0,0.22,0,1.1,1.7,2.8,40.0,2.2,91.0,2.4,0,36.0,34.0,6.0,5.3,54,1,6,2
24.02.2019 02:00:00,8.0,52.0,15.9,0,0.24,0,-0.1,1.1,1.0,47.0,4.0,92.0,1.7,0,31.0,27.0,5.7,5.1,54,2,6,2
24.02.2019 03:00:00,7.0,52.0,16.1,0,0.23,0,0.0,1.3,1.3,44.0,3.6,93.0,1.6,0,32.0,44.0,6.3,6.2,54,3,6,2
24.02.2019 04:00:00,8.0,53.0,16.3,0,0.22,0,0.0,1.2,1.1,35.0,2.2,92.0,1.5,0,48.0,47.0,7.9,8.2,54,4,6,2
24.02.2019 05:00:00,4.0,54.0,16.1,0,0.21,0,0.1,0.9,1.0,34.0,4.6,93.0,1.6,0,46.0,52.0,8.1,7.8,54,5,6,2
24.02.2019 06:00:00,4.0,57.0,16.0,0,0.22,0,0.0,0.8,0.8,32.0,5.2,93.0,1.4,0,44.0,34.0,4.4,6.1,54,6,6,2
24.02.2019 07:00:00,8.0,58.0,16.0,0,0.28,0,0.1,1.7,1.8,37.0,2.4,93.0,1.6,0,44.0,43.0,6.4,5.4,54,7,6,2
24.02.2019 08:00:00,9.0,60.0,16.3,0,0.33,0,0.1,1.7,1.8,46.0,2.6,91.0,1.6,0,45.0,43.0,6.5,5.8,54,8,6,2
24.02.2019 09:00:00,11.0,59.0,16.2,0,0.33,0,0.2,3.2,3.5,45.0,4.4,92.0,1.5,0,28.0,23.0,6.4,5.4,54,9,6,2
24.02.2019 10:00:00,10.0,57.0,16.0,0,0.32,0,0.4,4.1,4.5,42.0,2.8,92.0,1.6,0,24.0,20.0,6.8,5.9,54,10,6,2
24.02.2019 11:00:00,11.0,57.0,16.3,0,0.32,0,0.6,3.3,3.9,49.0,2.6,92.0,1.7,0,27.0,36.0,4.7,4.7,54,11,6,2
24.02.2019 12:00:00,15.0,58.0,16.3,0,0.34,0,0.3,3.4,3.7,46.0,2.6,91.0,1.5,0,38.0,37.0,4.8,4.6,54,12,6,2
24.02.2019 13:00:00,14.0,58.0,16.3,0,0.35,0,0.5,4.1,4.6,52.0,2.8,91.0,1.5,0,36.0,30.0,4.1,3.9,54,13,6,2
24.02.2019 14:00:00,12.0,59.0,16.3,0,0.34,0,0.5,3.4,3.9,38.0,3.2,91.0,1.7,0,27.0,27.0,4.0,4.3,54,14,6,2
24.02.2019 15:00:00,11.0,59.0,16.1,0,0.35,0,0.5,4.6,5.2,40.0,3.8,92.0,1.6,0,27.0,22.0,4.1,3.4,54,15,6,2
24.02.2019 16:00:00,12.0,57.0,16.2,0,0.37,0,0.3,5.3,5.6,32.0,3.4,93.0,1.6,0,7.0,16.0,3.8,3.1,54,16,6,2
24.02.2019 17:00:00,15.0,62.0,16.2,0,0.37,0,0.1,2.5,2.6,48.0,3.2,93.0,1.4,0,16.0,16.0,4.8,4.8,54,17,6,2
24.02.2019 18:00:00,15.0,62.0,16.1,0,0.37,0,0.1,2.7,2.7,37.0,2.0,93.0,1.4,0,21.0,23.0,6.4,4.9,54,18,6,2
24.02.2019 19:00:00,11.0,60.0,16.0,0,0.37,0,0.0,2.9,2.9,36.0,0.6,92.0,1.6,0,20.0,21.0,3.0,4.2,54,19,6,2
24.02.2019 20:00:00,9.0,50.0,15.8,0,0.4,0,0.1,9.3,9.4,20.0,0.6,92.0,1.6,0,288.0,210.0,1.1,0.4,54,20,6,2
24.02.2019 21:00:00,9.0,45.0,15.9,0,0.41,0,0.3,11.0,11.0,23.0,0.8,93.0,1.6,0,22.0,14.0,1.6,0.6,54,21,6,2
24.02.2019 22:00:00,7.0,55.0,16.6,0,0.35,0,0.4,4.8,5.2,36.0,0.4,90.0,1.6,0,12.0,358.0,2.5,2.6,54,22,6,2
24.02.2019 23:00:00,8.0,51.0,16.7,0,0.35,0,0.2,6.2,6.4,37.0,0,89.0,1.5,0,16.0,20.0,4.1,2.0,54,23,6,2
24.02.2019 24:00:00,7.0,59.0,17.1,0,0.31,0,-0.1,1.4,1.3,48.0,0,88.0,1.6,0,23.0,27.0,4.1,4.0,54,24,6,2
25.02.2019 01:00:00,6.0,59.0,17.0,0,0.3,0,0.1,1.3,1.4,37.0,0.2,90.0,1.2,0,21.0,23.0,3.2,3.7,55,1,0,2
25.02.2019 02:00:00,7.0,58.0,17.1,0,0.29,0,0.5,1.1,1.5,39.0,0.2,89.0,1.9,0,27.0,60.0,1.0,2.5,55,2,0,2
25.02.2019 03:00:00,11.0,49.0,16.6,0,0.28,0,0.3,1.5,1.8,20.0,0,93.0,1.9,0,179.0,211.0,1.8,0.5,55,3,0,2
25.02.2019 04:00:00,11.0,49.0,16.4,0,0.28,0,0.3,1.1,1.4,17.0,0,94.0,2.0,0,212.0,205.0,0.9,1.6,55,4,0,2
25.02.2019 05:00:00,9.0,50.0,16.7,0,0.27,0,0.2,1.1,1.3,13.0,0,93.0,2.0,0,233.0,199.0,0.7,0.6,55,5,0,2
25.02.2019 06:00:00,7.0,55.0,17.2,0,0.25,0,0.4,1.5,1.9,29.0,0.4,91.0,2.1,0,0.2,20.0,4.8,2.5,55,6,0,2
25.02.2019 07:00:00,10.0,40.0,17.3,0,0.33,0,1.0,11.0,12.0,31.0,0,91.0,2.0,0,357.0,50.0,0.9,0.4,55,7,0,2
25.02.2019 08:00:00,12.0,45.0,17.4,0,0.3,0,1.3,8.6,9.8,35.0,0.4,92.0,2.3,0,20.0,24.0,6.1,3.1,55,8,0,2
25.02.2019 09:00:00,11.0,53.0,17.7,0,0.24,0,0.6,2.8,3.4,41.0,0.2,89.0,2.0,0,25.0,24.0,4.7,4.3,55,9,0,2
25.02.2019 10:00:00,11.0,51.0,17.8,0,0.24,0,0.8,4.2,5.1,49.0,0.4,88.0,2.0,0,17.0,22.0,4.2,3.9,55,10,0,2
25.02.2019 11:00:00,11.0,52.0,17.9,0,0.22,0,1.0,4.2,5.2,54.0,0.4,87.0,1.9,0,27.0,27.0,4.4,4.1,55,11,0,2
25.02.2019 12:00:00,11.0,53.0,18.1,0,0.22,0,1.1,4.1,5.2,58.0,0,85.0,1.8,0,27.0,26.0,4.8,3.9,55,12,0,2
25.02.2019 13:00:00,11.0,53.0,18.3,0,0.21,0,1.0,4.2,5.2,53.0,0,84.0,1.9,0,26.0,31.0,3.5,3.8,55,13,0,2
25.02.2019 14:00:00,12.0,55.0,18.1,0,0.21,0,0.8,3.9,4.6,61.0,0,83.0,1.9,0,37.0,43.0,3.7,3.1,55,14,0,2
25.02.2019 15:00:00,12.0,57.0,18.2,0,0.21,0,0.7,4.3,5.0,56.0,0,82.0,1.8,0,32.0,25.0,3.9,3.1,55,15,0,2
25.02.2019 16:00:00,12.0,58.0,18.1,0,0.19,0,0.7,2.9,3.6,55.0,0,83.0,1.8,0,40.0,34.0,3.7,3.7,55,16,0,2
25.02.2019 17:00:00,12.0,57.0,18.2,0,0.21,0,0.9,4.4,5.3,50.0,0,82.0,1.6,0,32.0,25.0,4.9,4.1,55,17,0,2
25.02.2019 18:00:00,14.0,57.0,18.2,0,0.2,0,0.8,2.8,3.6,56.0,0,83.0,1.5,0,26.0,35.0,4.1,4.8,55,18,0,2
25.02.2019 19:00:00,13.0,59.0,18.2,0,0.2,0,0.7,2.6,3.2,61.0,0,82.0,1.8,0,27.0,23.0,5.7,5.0,55,19,0,2
25.02.2019 20:00:00,13.0,60.0,18.0,0,0.19,0,0.4,2.0,2.4,62.0,0,83.0,1.7,0,35.0,40.0,7.1,5.2,55,20,0,2
25.02.2019 21:00:00,17.0,61.0,17.9,0,0.2,0,0.4,1.8,2.2,62.0,0,83.0,1.5,0,42.0,43.0,5.1,5.1,55,21,0,2
25.02.2019 22:00:00,18.0,63.0,17.8,0,0.2,0,0.4,1.4,1.8,55.0,0,81.0,1.5,0,49.0,50.0,7.5,6.0,55,22,0,2
25.02.2019 23:00:00,15.0,63.0,18.1,0,0.21,0,0.3,1.6,1.9,67.0,0,81.0,1.5,0,44.0,40.0,6.0,5.4,55,23,0,2
25.02.2019 24:00:00,15.0,61.0,17.9,0,0.21,0,0.3,1.5,1.8,59.0,0,82.0,1.7,0,44.0,33.0,5.4,6.0,55,24,0,2
26.02.2019 01:00:00,15.0,61.0,17.8,0,0.21,0,0.4,1.2,1.6,70.0,0,82.0,2.5,0,31.0,30.0,5.2,5.1,56,1,1,2
26.02.2019 02:00:00,15.0,60.0,17.8,0,0.22,0,0.6,0.8,1.4,63.0,0,82.0,1.4,0,42.0,58.0,4.1,4.1,56,2,1,2
26.02.2019 03:00:00,15.0,60.0,17.9,0,0.22,0,0.6,0.7,1.3,50.0,0,78.0,1.4,0,55.0,50.0,7.7,5.2,56,3,1,2
26.02.2019 04:00:00,14.0,59.0,17.9,0,0.21,0,0.6,0.7,1.3,54.0,0,78.0,1.5,0,49.0,43.0,4.6,5.8,56,4,1,2
26.02.2019 05:00:00,12.0,58.0,17.9,0,0.21,0,0.6,0.9,1.5,55.0,0,78.0,1.4,0,47.0,46.0,5.1,5.1,56,5,1,2
26.02.2019 06:00:00,10.0,58.0,17.9,0,0.22,0,0.7,0.8,1.4,53.0,0,79.0,1.3,0,48.0,49.0,5.4,5.3,56,6,1,2
26.02.2019 07:00:00,11.0,56.0,18.0,0,0.22,0,0.7,1.6,2.3,67.0,0,80.0,1.4,0,46.0,46.0,4.1,4.8,56,7,1,2
26.02.2019 08:00:00,14.0,55.0,17.9,0,0.22,0,0.9,2.8,3.7,61.0,0,81.0,1.2,0,46.0,47.0,4.5,4.8,56,8,1,2
26.02.2019 09:00:00,11.0,55.0,17.8,0,0.21,0,0.9,2.3,3.2,60.0,0,81.0,1.2,0,48.0,50.0,5.7,5.4,56,9,1,2
26.02.2019 10:00:00,11.0,55.0,18.0,0,0.2,0,1.0,2.0,3.0,67.0,0,81.0,1.2,0,48.0,46.0,6.2,5.6,56,10,1,2
26.02.2019 11:00:00,12.0,56.0,18.1,0,0.21,0,1.1,2.3,3.4,70.0,0,79.0,1.3,0,49.0,49.0,5.6,5.8,56,11,1,2
26.02.2019 12:00:00,14.0,54.0,18.3,0,0.21,0,1.2,3.1,4.4,62.0,0,79.0,1.1,0,48.0,51.0,5.4,5.6,56,12,1,2
26.02.2019 13:00:00,14.0,54.0,18.1,0,0.21,0,0.9,2.5,3.4,75.0,0,80.0,1.3,0,45.0,38.0,4.0,4.1,56,13,1,2
26.02.2019 14:00:00,14.0,54.0,17.9,0,0.21,0,1.0,3.1,4.1,57.0,0,80.0,1.0,0,51.0,61.0,2.8,4.1,56,14,1,2
26.02.2019 15:00:00,13.0,51.0,18.1,0,0.23,0,1.5,8.4,9.9,55.0,0,79.0,1.4,0,66.0,65.0,3.3,2.9,56,15,1,2
26.02.2019 16:00:00,12.0,53.0,18.2,0,0.23,0,1.2,5.3,6.5,51.0,0,79.0,1.3,0,68.0,63.0,3.4,1.9,56,16,1,2
26.02.2019 17:00:00,12.0,55.0,18.3,0,0.22,0,1.0,4.1,5.1,53.0,0,79.0,1.2,0,58.0,54.0,4.3,3.7,56,17,1,2
26.02.2019 18:00:00,13.0,59.0,18.5,0,0.22,0,0.6,1.8,2.5,50.0,0,80.0,1.2,0,56.0,52.0,4.6,4.3,56,18,1,2
26.02.2019 19:00:00,14.0,60.0,18.7,0,0.23,0,0.7,2.1,2.8,54.0,0,80.0,1.3,0,56.0,52.0,4.0,3.9,56,19,1,2
26.02.2019 20:00:00,11.0,61.0,19.0,0,0.24,0,0.7,1.5,2.2,57.0,0,80.0,1.8,0,50.0,48.0,4.1,4.1,56,20,1,2
26.02.2019 21:00:00,12.0,49.0,18.8,0,0.27,0,0.8,6.1,6.9,56.0,0,82.0,1.6,0,56.0,146.0,0.8,2.2,56,21,1,2
26.02.2019 22:00:00,14.0,31.0,17.8,0,0.29,0,0.9,7.7,8.6,36.0,0,89.0,1.7,0,205.0,210.0,1.6,1.3,56,22,1,2
26.02.2019 23:00:00,12.0,33.0,17.7,0,0.28,0,0.9,3.8,4.7,28.0,0,90.0,1.7,0,213.0,213.0,3.3,2.8,56,23,1,2
26.02.2019 24:00:00,14.0,36.0,17.8,0,0.3,0,0.8,3.7,4.5,37.0,0,90.0,1.6,0,217.0,217.0,3.0,3.0,56,24,1,2
27.02.2019 01:00:00,13.0,36.0,17.4,0,0.31,0,0.5,2.4,3.0,33.0,0,91.0,1.1,0,216.0,218.0,3.2,3.3,57,1,2,2
27.02.2019 02:00:00,13.0,26.0,17.0,0,0.29,0,2.5,5.5,8.0,32.0,0,93.0,1.9,0,213.0,211.0,3.4,3.4,57,2,2,2
27.02.2019 03:00:00,15.0,27.0,17.3,0,0.28,0,0.3,2.0,2.3,29.0,0,93.0,2.1,0,214.0,215.0,3.3,3.4,57,3,2,2
27.02.2019 04:00:00,14.0,35.0,18.2,0,0.29,0,0.4,2.0,2.4,31.0,0,91.0,2.2,0,237.0,325.0,2.5,1.3,57,4,2,2
27.02.2019 05:00:00,15.0,58.0,18.8,0,0.35,0,0.4,1.9,2.3,56.0,0,90.0,2.1,0,300.0,301.0,1.4,1.4,57,5,2,2
27.02.2019 06:00:00,20.0,58.0,18.7,0,0.37,0,0.6,2.1,2.7,58.0,0,92.0,2.0,0,276.0,236.0,1.1,0.7,57,6,2,2
27.02.2019 07:00:00,25.0,42.0,18.3,0,0.41,0,0.8,5.4,6.2,47.0,0,94.0,2.0,0,234.0,241.0,1.4,1.6,57,7,2,2
27.02.2019 08:00:00,24.0,38.0,18.5,0,0.49,0,1.5,14.0,15.0,50.0,0,94.0,2.2,0,249.0,310.0,0.8,0.5,57,8,2,2
27.02.2019 09:00:00,23.0,51.0,19.0,0,0.44,0,0.5,8.2,8.8,61.0,0,91.0,2.2,0,261.0,341.0,1.2,0.5,57,9,2,2
27.02.2019 10:00:00,24.0,51.0,19.6,0,0.4,0,1.0,11.0,12.0,87.0,0,88.0,2.6,0,343.0,351.0,1.4,1.6,57,10,2,2
27.02.2019 11:00:00,27.0,52.0,19.9,0,0.4,0,1.1,10.0,11.0,92.0,0,86.0,2.2,0,342.0,350.0,1.2,1.0,57,11,2,2
27.02.2019 12:00:00,13.167,53.0,19.9,0,0.42,0,1.3,6.2,7.5,49.028,0,86.0,1.581,0,20.0,32.0,1.4,1.4,57,12,2,2
27.02.2019 13:00:00,27.0,61.0,19.9,0,0.4,0,0.8,6.5,7.3,108.0,0,87.0,1.3,0,25.0,23.0,1.4,1.6,57,13,2,2
27.02.2019 14:00:00,28.0,63.0,19.9,0,0.37,0,0.8,5.7,6.5,125.0,0,87.0,1.2,0,42.0,46.0,1.9,1.4,57,14,2,2
27.02.2019 15:00:00,26.0,64.0,20.4,0,0.36,0,1.0,5.3,6.3,116.0,0,85.0,1.4,0,44.0,43.0,2.0,1.9,57,15,2,2
27.02.2019 16:00:00,25.0,65.0,20.5,0,0.35,0,0.6,4.8,5.4,102.0,0,85.0,1.5,0,51.0,46.0,2.2,2.3,57,16,2,2
27.02.2019 17:00:00,26.0,61.0,20.3,0,0.37,0,0.5,7.4,7.9,107.0,0,86.0,1.3,0,45.0,59.0,1.0,1.4,57,17,2,2
27.02.2019 18:00:00,27.0,56.0,20.2,0,0.4,0,0.5,10.0,11.0,88.0,0,87.0,1.7,0,54.0,166.0,0.5,0.7,57,18,2,2
27.02.2019 19:00:00,28.0,33.0,20.0,0,0.47,0,0.5,15.0,15.0,70.0,0,89.0,1.6,0,194.0,179.0,1.9,0.8,57,19,2,2
27.02.2019 20:00:00,28.0,20.0,19.6,0,0.51,0,1.0,15.0,16.0,65.0,0,91.0,1.5,0,215.0,210.0,1.8,1.3,57,20,2,2
27.02.2019 21:00:00,29.0,10.0,19.1,0,0.58,0,3.1,15.0,18.0,50.0,0,93.0,1.7,0,213.0,229.0,2.4,1.3,57,21,2,2
27.02.2019 22:00:00,32.0,14.0,19.1,0,0.6,0,1.7,12.0,14.0,50.0,0,93.0,1.7,0,217.0,210.0,1.2,1.8,57,22,2,2
27.02.2019 23:00:00,32.0,12.0,19.2,0,0.6,0,1.9,12.0,14.0,56.0,0,92.0,1.7,0,203.0,196.0,1.9,1.5,57,23,2,2
27.02.2019 24:00:00,33.0,14.0,19.2,0,0.56,0,1.1,8.8,10.0,49.0,0,93.0,1.9,0,211.0,219.0,2.3,1.7,57,24,2,2
28.02.2019 01:00:00,33.0,25.0,19.4,0,0.48,0,0.6,6.1,6.7,58.0,0,93.0,2.0,0,253.0,318.0,2.2,0.9,58,1,3,2
28.02.2019 02:00:00,26.0,49.0,19.9,0,0.28,0,1.0,2.8,3.8,68.0,0,92.0,2.0,0,331.0,337.0,2.5,2.6,58,2,3,2
28.02.2019 03:00:00,20.0,54.0,19.9,0,0.24,0,0.9,2.0,2.9,65.0,0,91.0,1.5,0,354.0,12.0,3.8,2.9,58,3,3,2
28.02.2019 04:00:00,19.0,49.0,19.6,0,0.21,0,1.0,1.9,2.9,44.0,0.2,92.0,1.5,0,350.0,349.0,2.6,2.4,58,4,3,2
28.02.2019 05:00:00,14.0,49.0,19.2,0,0.21,0,0.9,2.1,3.0,34.0,0.4,93.0,1.2,0,0.2,6.1,2.9,3.2,58,5,3,2
28.02.2019 06:00:00,11.0,48.0,18.9,0,0.22,0,0.8,2.4,3.2,34.0,0.2,93.0,1.4,0,7.5,19.0,3.6,2.9,58,6,3,2
28.02.2019 07:00:00,11.0,42.0,18.9,0,0.24,0,1.1,5.9,7.0,27.0,0,93.0,1.6,0,1.2,304.0,1.3,1.5,58,7,3,2
28.02.2019 08:00:00,7.0,39.0,18.9,0,0.26,0,1.4,6.6,7.9,23.0,0,92.0,1.2,0,357.0,21.0,3.7,1.8,58,8,3,2
28.02.2019 09:00:00,9.0,38.0,19.2,0,0.24,0,1.6,6.3,7.9,55.0,0,90.0,1.3,0,35.0,46.0,4.7,2.8,58,9,3,2
28.02.2019 10:00:00,11.0,40.0,19.1,0,0.23,0,1.6,5.2,6.8,50.0,0.2,91.0,1.2,0,32.0,25.0,4.1,3.5,58,10,3,2
28.02.2019 11:00:00,10.0,44.0,18.5,0,0.22,0,1.6,4.2,5.8,29.0,0.4,93.0,1.1,0,21.0,22.0,7.0,6.6,58,11,3,2
28.02.2019 12:00:00,7.0,47.0,17.8,0,0.23,0,1.4,3.3,4.7,19.0,0.8,95.0,1.0,0,21.0,20.0,7.0,6.7,58,12,3,2
28.02.2019 13:00:00,6.0,49.0,17.3,0,0.22,0,1.5,3.4,4.8,26.0,0.8,96.0,0.9,0,20.0,20.0,7.6,6.9,58,13,3,2
28.02.2019 14:00:00,9.0,51.0,17.0,0,0.23,0,1.5,4.6,6.1,35.0,0.4,94.0,0.9,0,22.0,28.0,4.4,5.9,58,14,3,2
28.02.2019 15:00:00,13.0,52.0,17.5,0,0.24,0,1.8,5.5,7.3,53.0,0,90.0,1.0,0,28.0,42.0,3.5,3.7,58,15,3,2
28.02.2019 16:00:00,11.0,54.0,17.8,0,0.23,0,1.4,4.3,5.7,60.0,0,87.0,0.8,0,43.0,45.0,3.8,3.4,58,16,3,2
28.02.2019 17:00:00,10.0,55.0,18.0,0,0.24,0,1.3,3.7,5.0,55.0,0,86.0,0.8,0,47.0,48.0,4.3,3.7,58,17,3,2
28.02.2019 18:00:00,10.0,53.0,18.2,0,0.26,0,1.4,4.2,5.6,60.0,0,87.0,0.9,0,37.0,36.0,4.5,3.6,58,18,3,2
28.02.2019 19:00:00,11.0,53.0,18.1,0,0.25,0,1.2,3.6,4.8,46.0,0,87.0,0.6,0,29.0,27.0,5.1,4.5,58,19,3,2
28.02.2019 20:00:00,14.0,54.0,17.9,0,0.25,0,1.4,3.1,4.5,48.0,0,86.0,0.5,0,36.0,40.0,3.8,3.7,58,20,3,2
28.02.2019 21:00:00,15.0,55.0,17.9,0,0.24,0,0.8,2.1,3.0,59.0,0,85.0,0.6,0,45.0,28.0,4.2,4.3,58,21,3,2
28.02.2019 22:00:00,14.0,55.0,18.0,0,0.25,0,0.8,1.9,2.7,54.0,0,84.0,0.5,0,46.0,50.0,4.6,4.0,58,22,3,2
28.02.2019 23:00:00,13.0,54.0,18.1,0,0.25,0,1.0,2.0,3.0,54.0,0,83.0,0.5,0,51.0,71.0,2.3,3.4,58,23,3,2
28.02.2019 24:00:00,13.0,36.0,17.5,0,0.28,0,1.0,5.0,6.0,24.0,0,89.0,0.2,0,144.0,79.0,1.7,0.6,58,24,3,2
01.03.2019 01:00:00,12.0,45.0,17.9,0,0.29,0,1.1,3.1,4.2,30.0,0,89.0,1.6,0,65.0,53.0,4.3,2.1,59,1,4,3
01.03.2019 02:00:00,11.0,52.0,18.5,0,0.31,0,1.4,1.7,3.1,45.0,0,87.0,1.5,0,50.0,48.0,3.8,3.9,59,2,4,3
01.03.2019 03:00:00,11.0,53.0,18.8,0,0.3,0,1.5,1.9,3.4,50.0,0,86.0,1.5,0,42.0,42.0,4.4,3.3,59,3,4,3
01.03.2019 04:00:00,10.0,54.0,18.9,0,0.29,0,1.6,2.2,3.8,42.0,0,86.0,1.6,0,41.0,36.0,3.8,4.1,59,4,4,3
01.03.2019 05:00:00,7.0,55.0,18.9,0,0.29,0,1.5,1.6,3.0,38.0,0,86.0,1.4,0,49.0,50.0,6.1,5.5,59,5,4,3
01.03.2019 06:00:00,9.0,55.0,18.9,0,0.29,0,1.4,1.8,3.2,40.0,0,86.0,1.5,0,52.0,50.0,6.6,5.8,59,6,4,3
01.03.2019 07:00:00,11.0,55.0,18.7,0,0.29,0,1.5,1.9,3.4,45.0,0,88.0,1.3,0,47.0,47.0,6.9,6.2,59,7,4,3
01.03.2019 08:00:00,11.0,55.0,18.6,0,0.29,0,1.5,2.0,3.6,33.0,0,88.0,1.5,0,48.0,48.0,7.1,6.8,59,8,4,3
01.03.2019 09:00:00,14.0,54.0,18.5,0,0.29,0,1.4,2.3,3.7,39.0,0,90.0,1.3,0,49.0,50.0,5.3,5.7,59,9,4,3
01.03.2019 10:00:00,15.0,52.0,19.0,0,0.3,0,1.9,4.9,6.9,40.0,0,88.0,1.3,0,55.0,71.0,3.4,4.3,59,10,4,3
01.03.2019 11:00:00,11.0,53.0,19.3,0,0.32,0,2.0,4.3,6.2,40.0,0,87.0,1.3,0,53.0,49.0,4.2,3.8,59,11,4,3
01.03.2019 12:00:00,9.0,55.0,19.5,0,0.29,0,1.7,2.8,4.5,42.0,0,85.0,1.2,0,50.0,51.0,4.4,4.6,59,12,4,3
01.03.2019 13:00:00,13.0,55.0,19.5,0,0.3,0,1.8,3.6,5.3,45.0,0,86.0,1.4,0,52.0,51.0,3.1,3.6,59,13,4,3
01.03.2019 14:00:00,15.0,53.0,19.6,0,0.32,0,1.9,6.1,8.0,69.0,0,87.0,1.5,0,41.0,34.0,2.0,2.2,59,14,4,3
01.03.2019 15:00:00,14.0,54.0,19.7,0,0.32,0,1.6,5.5,7.1,72.0,0,87.0,1.9,0,16.0,17.0,3.7,2.9,59,15,4,3
01.03.2019 16:00:00,11.0,55.0,19.7,0,0.31,0,1.8,4.5,6.3,68.0,0,88.0,1.8,0,22.0,21.0,3.6,4.2,59,16,4,3
01.03.2019 17:00:00,10.0,55.0,19.3,0,0.3,0,1.8,3.6,5.3,58.0,0,92.0,1.8,0,18.0,10.0,3.6,3.9,59,17,4,3
01.03.2019 18:00:00,13.0,53.0,19.1,0,0.31,0,1.8,5.4,7.2,62.0,0,94.0,1.9,0,16.0,19.0,3.3,3.4,59,18,4,3
01.03.2019 19:00:00,16.0,51.0,19.0,0,0.33,0,1.7,5.7,7.4,48.0,0,96.0,1.9,0,16.0,3.5,2.2,3.0,59,19,4,3
01.03.2019 20:00:00,19.0,50.0,19.1,0,0.32,0,1.6,5.4,7.0,52.0,0.2,96.0,1.7,0,20.0,23.0,3.5,2.6,59,20,4,3
01.03.2019 21:00:00,17.0,55.0,19.2,0,0.28,0,1.5,3.0,4.5,57.0,0,95.0,1.6,0,23.0,20.0,3.8,3.7,59,21,4,3
01.03.2019 22:00:00,15.0,55.0,19.3,0,0.28,0,1.6,2.8,4.5,67.0,0,95.0,1.6,0,25.0,20.0,4.5,3.4,59,22,4,3
01.03.2019 23:00:00,16.0,51.0,19.3,0,0.29,0,1.4,4.4,5.8,59.0,0,95.0,1.6,0,350.0,344.0,1.6,1.4,59,23,4,3
01.03.2019 24:00:00,19.0,50.0,19.3,0,0.29,0,1.3,4.6,5.9,65.0,0,95.0,1.3,0,344.0,247.0,0.8,0.6,59,24,4,3
02.03.2019 01:00:00,17.0,53.0,19.5,0,0.28,0,1.3,3.0,4.3,58.0,0.2,95.0,1.7,0,354.0,358.0,1.9,1.7,60,1,5,3
02.03.2019 02:00:00,13.0,56.0,19.7,0,0.28,0,0.6,1.8,2.4,73.0,0,94.0,1.4,0,35.0,79.0,1.3,1.2,60,2,5,3
02.03.2019 03:00:00,13.0,57.0,19.8,0,0.3,0,0.4,1.5,1.9,92.0,0,93.0,1.4,0,45.0,28.0,2.1,1.6,60,3,5,3
02.03.2019 04:00:00,19.0,50.0,19.6,0,0.32,0,0.3,2.2,2.5,81.0,0,94.0,1.7,0,5.2,212.0,0.8,0.7,60,4,5,3
02.03.2019 05:00:00,22.0,43.0,19.3,0,0.32,0,0.5,2.2,2.7,51.0,0,96.0,1.4,0,212.0,216.0,2.0,1.4,60,5,5,3
02.03.2019 06:00:00,17.0,45.0,19.3,0,0.32,0,0.5,1.7,2.1,43.0,0,96.0,1.4,0,216.0,220.0,1.5,1.8,60,6,5,3
02.03.2019 07:00:00,16.0,36.0,19.3,0,0.35,0,0.7,4.5,5.3,35.0,0,96.0,1.5,0,214.0,213.0,1.5,1.8,60,7,5,3
02.03.2019 08:00:00,18.0,33.0,19.6,0,0.39,0,0.9,6.8,7.7,44.0,0,95.0,1.8,0,215.0,206.0,1.5,1.4,60,8,5,3
02.03.2019 09:00:00,23.0,40.0,20.2,0,0.43,0,0.5,8.9,9.4,71.0,0,93.0,1.6,0,200.0,184.0,0.6,0.9,60,9,5,3
02.03.2019 10:00:00,28.0,55.0,20.8,0,0.41,0,0.5,5.8,6.3,131.0,0,91.0,1.6,0,48.0,51.0,1.4,1.3,60,10,5,3
02.03.2019 11:00:00,32.0,54.0,21.2,0,0.41,0,1.4,8.0,9.4,123.0,0,89.0,6.4,0,36.0,28.0,2.0,1.9,60,11,5,3
02.03.2019 12:00:00,37.0,57.0,21.7,0,0.43,0,1.9,6.8,8.7,111.0,0,86.0,5.0,0,6.9,338.0,3.5,2.8,60,12,5,3
02.03.2019 13:00:00,41.0,59.0,21.2,0,0.46,0,0.9,5.9,6.8,173.0,0,88.0,1.2,0,348.0,4.4,3.3,2.9,60,13,5,3
02.03.2019 14:00:00,44.0,60.0,20.9,0,0.47,0,0.6,6.3,6.9,210.0,0,90.0,1.2,0,11.0,21.0,2.0,2.3,60,14,5,3
02.03.2019 15:00:00,43.0,61.0,21.0,0,0.46,0,0.7,5.0,5.7,192.0,0,89.0,1.3,0,4.1,356.0,3.8,2.9,60,15,5,3
02.03.2019 16:00:00,46.0,58.0,21.1,0,0.49,0,1.0,7.7,8.7,115.0,0,89.0,0.9,0,352.0,2.6,1.9,3.0,60,16,5,3
02.03.2019 17:00:00,45.0,57.0,21.5,0,0.49,0,0.7,7.8,8.5,116.0,0,88.0,2.3,0,134.0,161.0,3.7,1.7,60,17,5,3
02.03.2019 18:00:00,46.0,47.0,21.7,0,0.52,0,0.7,13.0,14.0,115.0,0,87.0,3.3,0,327.0,344.0,2.7,0.5,60,18,5,3
02.03.2019 19:00:00,51.0,55.0,20.4,0,0.49,0,0.5,9.2,9.7,109.0,0,92.0,1.3,0,336.0,11.0,0.9,1.9,60,19,5,3
02.03.2019 20:00:00,54.0,49.0,20.3,0,0.5,0,0.6,11.0,11.0,127.0,0,93.0,1.4,0,15.0,30.0,0.6,0.5,60,20,5,3
02.03.2019 21:00:00,53.0,49.0,20.3,0,0.49,0,0.7,10.0,11.0,121.0,0,93.0,1.1,0,327.0,323.0,1.6,0.7,60,21,5,3
02.03.2019 22:00:00,49.0,53.0,20.0,0,0.46,0,0.4,5.7,6.1,110.0,0,93.0,1.0,0,1.8,136.0,0.9,1.2,60,22,5,3
02.03.2019 23:00:00,48.0,50.0,20.0,0,0.47,0,0.5,5.2,5.6,120.0,0,93.0,0.9,0,1.4,332.0,1.1,0.6,60,23,5,3
02.03.2019 24:00:00,48.0,49.0,19.9,0,0.44,0,0.4,4.7,5.1,91.0,0,93.0,1.0,0,321.0,315.0,1.0,0.7,60,24,5,3
03.03.2019 01:00:00,48.0,50.0,19.8,0,0.43,0,0.3,3.8,4.0,87.0,0,93.0,1.1,0,279.0,263.0,0.5,0.3,61,1,6,3
03.03.2019 02:00:00,46.0,50.0,19.7,0,0.44,0,0.6,3.4,4.1,97.0,0,94.0,2.1,0,328.0,331.0,1.9,1.0,61,2,6,3
03.03.2019 03:00:00,41.0,49.0,19.7,0,0.41,0,0.8,3.7,4.5,80.0,0,94.0,2.0,0,0.8,17.0,0.9,1.2,61,3,6,3
03.03.2019 04:00:00,35.0,50.0,19.6,0,0.39,0,0.9,2.7,3.6,79.0,0,94.0,1.8,0,333.0,215.0,0.5,0.4,61,4,6,3
03.03.2019 05:00:00,33.0,48.0,19.5,0,0.39,0,0.7,2.3,3.0,74.0,0,95.0,2.2,0,244.0,252.0,1.3,0.7,61,5,6,3
03.03.2019 06:00:00,35.0,46.0,19.5,0,0.41,0,0.5,3.2,3.7,75.0,0,95.0,1.9,0,335.0,339.0,1.4,0.8,61,6,6,3
03.03.2019 07:00:00,36.0,44.0,19.5,0,0.39,0,0.7,3.2,3.9,68.0,0,95.0,2.1,0,300.0,144.0,0.7,0.5,61,7,6,3
03.03.2019 08:00:00,32.0,45.0,19.6,0,0.38,0,0.8,4.3,5.1,63.0,0,94.0,1.9,0,342.0,16.0,2.4,1.6,61,8,6,3
03.03.2019 09:00:00,24.0,48.0,19.6,0,0.37,0,1.0,4.9,5.9,38.0,0,95.0,2.0,0,33.0,124.0,1.7,2.3,61,9,6,3
03.03.2019 10:00:00,17.0,46.0,19.7,0,0.37,0,0.9,4.9,5.8,31.0,0,95.0,1.8,0,175.0,65.0,1.1,0.4,61,10,6,3
03.03.2019 11:00:00,20.0,42.0,20.2,0,0.39,0,1.5,10.0,12.0,47.0,2.0,95.0,3.0,0,32.0,16.0,2.9,1.3,61,11,6,3
03.03.2019 12:00:00,15.0,51.0,19.3,0,0.29,0,1.3,4.4,5.7,32.0,4.0,93.0,2.0,0,13.0,5.6,4.5,4.7,61,12,6,3
03.03.2019 13:00:00,7.0,49.0,17.9,0,0.2,0,1.2,3.2,4.4,12.0,2.8,93.0,1.8,0,357.0,342.0,5.2,5.0,61,13,6,3
03.03.2019 14:00:00,6.0,51.0,17.2,0,0.18,0,1.3,3.0,4.2,6.0,4.2,89.0,1.8,0,285.0,219.0,2.1,1.4,61,14,6,3
03.03.2019 15:00:00,7.0,43.0,17.5,0,0.21,0,1.1,6.1,7.2,15.0,0.2,90.0,1.7,0,212.0,232.0,0.5,1.3,61,15,6,3
03.03.2019 16:00:00,7.0,32.0,17.9,0,0.26,0,1.4,9.0,10.0,6.0,0.4,92.0,1.9,0,219.0,210.0,2.4,1.1,61,16,6,3
03.03.2019 17:00:00,8.0,37.0,17.5,0,0.27,0,1.5,12.0,13.0,5.0,0.8,90.0,1.9,0,208.0,212.0,3.2,3.0,61,17,6,3
03.03.2019 18:00:00,6.0,45.0,17.8,0,0.22,0,1.2,5.5,6.7,6.0,0,88.0,1.8,0,283.0,309.0,2.2,1.6,61,18,6,3
03.03.2019 19:00:00,4.0,39.0,17.7,0,0.23,0,1.1,5.0,6.1,6.0,0.2,91.0,1.7,0,244.0,276.0,3.3,2.4,61,19,6,3
03.03.2019 20:00:00,8.0,41.0,18.2,0,0.25,0,1.1,6.2,7.2,6.0,0,89.0,1.7,0,323.0,332.0,5.0,2.4,61,20,6,3
03.03.2019 21:00:00,11.0,45.0,18.0,0,0.34,0,1.2,4.7,5.8,21.0,0,90.0,1.7,0,329.0,325.0,3.4,4.0,61,21,6,3
03.03.2019 22:00:00,12.0,45.0,18.0,0,0.33,0,1.2,4.1,5.3,23.0,0,88.0,1.8,0,315.0,309.0,2.7,2.1,61,22,6,3
03.03.2019 23:00:00,12.0,46.0,17.9,0,0.33,0,1.1,3.5,4.6,17.0,0,87.0,1.6,0,287.0,297.0,1.4,1.0,61,23,6,3
03.03.2019 24:00:00,10.0,47.0,17.9,0,0.32,0,0.9,2.7,3.6,21.0,0,86.0,1.5,0,276.0,235.0,1.0,1.1,61,24,6,3
04.03.2019 01:00:00,7.0,48.0,17.8,0,0.31,0,0.7,2.2,2.9,17.0,0,86.0,1.3,0,279.0,285.0,1.3,0.9,62,1,0,3
04.03.2019 02:00:00,8.0,49.0,17.8,0,0.3,0,0.6,1.6,2.2,20.0,0,85.0,2.4,0,299.0,298.0,1.7,1.2,62,2,0,3
04.03.2019 03:00:00,7.0,48.0,17.8,0,0.32,0,0.8,1.5,2.3,23.0,0,85.0,2.5,0,309.0,332.0,2.0,1.1,62,3,0,3
04.03.2019 04:00:00,8.0,49.0,17.8,0,0.32,0,0.6,1.5,2.1,21.0,0,84.0,2.5,0,319.0,326.0,2.7,1.7,62,4,0,3
04.03.2019 05:00:00,8.0,49.0,17.8,0,0.33,0,0.6,1.4,2.1,13.0,0,84.0,2.5,0,332.0,23.0,3.9,1.2,62,5,0,3
04.03.2019 06:00:00,7.0,45.0,18.1,0,0.41,0,0.8,2.1,2.9,38.0,0,84.0,2.6,0,19.0,19.0,4.7,4.4,62,6,0,3
04.03.2019 07:00:00,10.0,45.0,18.1,0,0.43,0,0.9,3.0,3.9,40.0,0,83.0,2.6,0,21.0,22.0,4.1,5.1,62,7,0,3
04.03.2019 08:00:00,11.0,43.0,18.1,0,0.45,0,1.3,5.1,6.4,44.0,0,80.0,2.6,0,22.0,23.0,5.3,4.0,62,8,0,3
04.03.2019 09:00:00,12.0,45.0,18.0,0,0.45,0,1.2,4.3,5.4,41.0,0,79.0,2.8,0,23.0,25.0,4.5,4.6,62,9,0,3
04.03.2019 10:00:00,11.0,46.0,18.2,0,0.44,0,1.3,5.0,6.2,31.0,0,77.0,2.9,0,33.0,42.0,4.0,3.9,62,10,0,3
04.03.2019 11:00:00,10.0,51.0,18.2,0,0.47,0,1.4,2.9,4.3,29.0,0,77.0,2.7,0,46.0,47.0,5.7,5.2,62,11,0,3
04.03.2019 12:00:00,15.0,56.0,18.1,0,0.48,0,1.0,2.6,3.7,33.0,0,75.0,2.9,0,48.0,50.0,7.0,6.3,62,12,0,3
04.03.2019 13:00:00,15.0,58.0,18.1,0,0.5,0,0.8,2.2,3.0,32.0,0,74.0,2.4,0,49.0,48.0,7.5,6.8,62,13,0,3
04.03.2019 14:00:00,15.0,58.0,18.0,0,0.51,0,1.1,2.6,3.7,37.0,0,73.0,2.5,0,53.0,51.0,6.2,6.2,62,14,0,3
04.03.2019 15:00:00,14.0,59.0,18.1,0,0.5,0,1.0,2.6,3.6,42.0,0,71.0,2.3,0,51.0,50.0,7.6,6.4,62,15,0,3
04.03.2019 16:00:00,15.0,62.0,17.8,0,0.49,0,0.9,2.1,3.0,41.0,0,71.0,2.4,0,49.0,49.0,7.0,6.9,62,16,0,3
04.03.2019 17:00:00,16.0,64.0,17.6,0,0.5,0,1.0,3.0,3.9,48.0,0,72.0,2.4,0,51.0,54.0,7.0,6.6,62,17,0,3
04.03.2019 18:00:00,18.0,65.0,17.4,0,0.48,0,1.4,2.8,4.2,46.0,0,72.0,2.4,0,55.0,61.0,5.4,6.0,62,18,0,3
04.03.2019 19:00:00,18.0,63.0,17.3,0,0.47,0,1.2,2.9,4.1,40.0,0,71.0,2.3,0,64.0,66.0,5.1,4.6,62,19,0,3
04.03.2019 20:00:00,18.0,63.0,17.1,0,0.46,0,1.0,2.6,3.6,42.0,0,72.0,2.1,0,64.0,63.0,5.2,5.1,62,20,0,3
04.03.2019 21:00:00,19.0,64.0,17.2,0,0.45,0,0.9,2.8,3.7,49.0,0,74.0,2.2,0,70.0,77.0,3.2,3.9,62,21,0,3
04.03.2019 22:00:00,19.0,62.0,17.4,0,0.42,0,0.7,2.9,3.6,57.0,0,75.0,2.3,0,63.0,58.0,6.0,4.7,62,22,0,3
04.03.2019 23:00:00,19.0,64.0,17.1,0,0.35,0,0.8,2.5,3.4,51.0,0,76.0,1.9,0,58.0,59.0,5.8,6.1,62,23,0,3
04.03.2019 24:00:00,20.0,65.0,17.1,0,0.31,0,0.9,2.6,3.5,59.0,0,77.0,2.3,0,53.0,55.0,7.1,7.5,62,24,0,3
05.03.2019 01:00:00,25.0,67.0,17.1,0,0.32,0,0.8,2.3,3.2,72.0,0,77.0,3.2,0,60.0,61.0,5.3,5.8,63,1,1,3
05.03.2019 02:00:00,29.0,65.0,17.2,0,0.36,0,1.5,2.3,3.8,66.0,0,77.0,1.8,0,69.0,76.0,4.1,4.0,63,2,1,3
05.03.2019 03:00:00,32.0,62.0,17.3,0,0.37,0,1.7,2.1,3.8,81.0,0,79.0,1.6,0,67.0,65.0,4.7,4.7,63,3,1,3
05.03.2019 04:00:00,32.0,63.0,17.4,0,0.35,0,1.4,2.1,3.6,74.0,0,80.0,1.5,0,58.0,52.0,5.9,5.7,63,4,1,3
05.03.2019 05:00:00,31.0,62.0,17.6,0,0.34,0,1.6,2.2,3.8,74.0,0,80.0,1.5,0,63.0,67.0,3.7,4.6,63,5,1,3
05.03.2019 06:00:00,32.0,52.0,17.9,0,0.38,0,1.4,2.4,3.8,78.0,0,81.0,1.3,0,76.0,88.0,2.8,3.0,63,6,1,3
05.03.2019 07:00:00,31.0,42.0,18.1,0,0.41,0,1.9,8.9,11.0,62.0,0,81.0,4.1,0,202.0,213.0,2.5,1.4,63,7,1,3
05.03.2019 08:00:00,26.0,33.0,17.6,0,0.43,0,2.2,8.6,11.0,50.0,0,85.0,2.0,0,220.0,225.0,1.7,2.7,63,8,1,3
05.03.2019 09:00:00,23.0,38.0,19.2,0,0.44,0,2.7,11.0,13.0,48.0,0,79.0,2.0,0,174.0,131.0,1.6,1.1,63,9,1,3
05.03.2019 10:00:00,22.0,49.0,20.4,0,0.37,0,2.1,10.0,12.0,31.0,0,75.0,3.7,0,128.0,85.0,1.5,1.5,63,10,1,3
05.03.2019 11:00:00,23.889,51.403,21.3,0,0.0,0,1.197,7.556,9.304,59.417,0,73.0,1.687,0,111.0,88.0,2.8,2.1,63,11,1,3
05.03.2019 12:00:00,9.0,51.363,23.1,0,0.35,0,2.7,6.0,8.6,24.0,0,68.0,3.4,0,144.0,188.0,4.6,2.3,63,12,1,3
05.03.2019 13:00:00,11.0,50.0,24.0,0,0.34,0,2.1,3.3,5.4,19.0,0,64.0,1.4,0,178.0,180.0,5.5,4.2,63,13,1,3
05.03.2019 14:00:00,11.0,57.0,24.4,0,0.33,0,1.5,2.3,3.8,12.0,0,63.0,1.5,0,157.0,138.0,2.6,2.8,63,14,1,3
05.03.2019 15:00:00,8.0,58.0,25.0,0,0.34,0,1.3,2.6,3.9,14.0,0,62.0,1.4,0,157.0,163.0,3.0,2.1,63,15,1,3
05.03.2019 16:00:00,9.0,59.0,24.9,0,0.35,0,1.4,3.5,4.9,13.0,0,64.0,1.5,0,173.0,177.0,3.5,2.6,63,16,1,3
05.03.2019 17:00:00,11.0,56.0,24.6,0,0.39,0,1.5,6.1,7.6,20.0,0,66.0,1.9,0,193.0,192.0,1.7,2.4,63,17,1,3
05.03.2019 18:00:00,19.0,53.0,21.6,0,0.45,0,1.7,11.0,13.0,63.0,0,78.0,2.3,0,338.0,331.0,7.4,5.2,63,18,1,3
05.03.2019 19:00:00,21.0,52.0,17.7,0,0.4,0,1.7,6.8,8.5,33.0,0,87.0,2.2,0,326.0,334.0,6.6,5.2,63,19,1,3
05.03.2019 20:00:00,13.0,53.0,16.8,0,0.35,0,1.9,4.6,6.5,18.0,0,87.0,2.0,0,328.0,189.0,2.1,3.4,63,20,1,3
05.03.2019 21:00:00,10.0,42.0,17.3,0,0.4,0,1.8,9.0,11.0,16.0,0,88.0,2.0,0,214.0,211.0,4.9,2.1,63,21,1,3
05.03.2019 22:00:00,6.0,48.0,17.8,0,0.38,0,1.7,6.3,8.0,8.0,0,85.0,2.1,0,214.0,214.0,4.3,4.1,63,22,1,3
05.03.2019 23:00:00,4.0,51.0,18.6,0,0.35,0,1.6,4.2,5.8,6.0,0,81.0,2.0,0,233.0,239.0,6.7,5.1,63,23,1,3
05.03.2019 24:00:00,3.0,49.0,19.2,0,0.33,0,1.5,3.0,4.4,7.0,0,78.0,1.9,0,240.0,234.0,4.7,5.9,63,24,1,3
06.03.2019 01:00:00,2.0,46.0,19.5,0,0.32,0,1.4,4.1,5.6,7.0,0,77.0,1.6,0,215.0,185.0,1.9,3.0,64,1,2,3
06.03.2019 02:00:00,2.0,48.0,19.7,0,0.25,0,0.0,1.3,1.3,7.0,0,78.0,2.0,0,237.0,223.0,2.4,2.7,64,2,2,3
06.03.2019 03:00:00,3.0,45.0,19.1,0,0.26,0,0.4,1.8,2.2,8.0,0,83.0,2.1,0,234.0,233.0,5.7,5.4,64,3,2,3
06.03.2019 04:00:00,8.0,42.0,19.0,0,0.27,0,0.3,3.6,3.9,9.0,0,83.0,2.4,0,243.0,242.0,2.9,4.2,64,4,2,3
06.03.2019 05:00:00,11.0,44.0,19.2,0,0.26,0,0.4,2.8,3.2,5.0,0.4,82.0,2.2,0,226.0,225.0,3.8,3.4,64,5,2,3
06.03.2019 06:00:00,7.0,43.0,19.0,0,0.24,0,0.2,2.9,3.1,5.0,0,85.0,2.2,0,232.0,198.0,1.2,2.4,64,6,2,3
06.03.2019 07:00:00,7.0,37.0,19.0,0,0.26,0,0.4,6.5,6.9,10.0,0,85.0,2.1,0,224.0,232.0,3.1,1.7,64,7,2,3
06.03.2019 08:00:00,9.0,45.0,19.7,0,0.23,0,0.5,4.4,4.9,17.0,0,80.0,2.3,0,224.0,233.0,4.0,4.5,64,8,2,3
06.03.2019 09:00:00,9.0,47.0,20.9,0,0.21,0,0.6,3.8,4.4,14.0,0,71.0,2.0,0,227.0,235.0,3.7,4.0,64,9,2,3
06.03.2019 10:00:00,11.0,49.0,20.1,0,0.28,0,0.5,4.4,4.9,20.0,0,82.0,2.0,0,359.0,16.0,6.4,3.6,64,10,2,3
06.03.2019 11:00:00,9.0,48.0,18.5,0,0.33,0,0.8,6.1,6.9,21.0,0,90.0,2.0,0,341.0,334.0,4.1,3.6,64,11,2,3
06.03.2019 12:00:00,7.0,51.0,18.7,0,0.33,0,1.0,3.5,4.5,21.0,0,88.0,1.9,0,331.0,329.0,5.1,4.5,64,12,2,3
06.03.2019 13:00:00,7.0,54.0,19.0,0,0.32,0,0.9,4.8,5.6,15.0,0.2,87.0,1.9,0,353.0,359.0,5.4,3.9,64,13,2,3
06.03.2019 14:00:00,5.0,61.0,18.2,0,0.29,0,1.0,5.2,6.3,21.0,0,87.0,1.7,0,6.6,15.0,6.1,4.9,64,14,2,3
06.03.2019 15:00:00,7.0,63.0,18.1,0,0.29,0,1.3,4.7,5.9,32.0,0,86.0,1.9,0,20.0,21.0,7.2,6.9,64,15,2,3
06.03.2019 16:00:00,11.0,57.0,17.7,0,0.35,0,1.3,3.2,4.5,36.0,0,83.0,1.7,0,22.0,19.0,8.0,7.4,64,16,2,3
06.03.2019 17:00:00,12.0,61.0,17.5,0,0.36,0,0.4,1.3,1.8,49.0,0,80.0,1.6,0,22.0,22.0,8.5,7.9,64,17,2,3
06.03.2019 18:00:00,14.0,64.0,17.4,0,0.38,0,0.4,1.5,1.9,57.0,0.4,80.0,1.5,0,23.0,22.0,8.1,8.0,64,18,2,3
06.03.2019 19:00:00,17.0,63.0,17.0,0,0.38,0,0.3,1.7,2.0,53.0,2.0,82.0,1.5,0,25.0,31.0,5.7,6.7,64,19,2,3
06.03.2019 20:00:00,17.0,65.0,16.7,0,0.38,0,0.4,1.7,2.1,56.0,1.6,84.0,1.4,0,25.0,32.0,5.1,5.9,64,20,2,3
06.03.2019 21:00:00,11.0,66.0,16.7,0,0.33,0,0.4,1.7,2.0,53.0,0.4,83.0,1.2,0,25.0,26.0,5.2,5.5,64,21,2,3
06.03.2019 22:00:00,9.0,70.0,16.3,0,0.34,0,0.3,1.2,1.5,54.0,2.2,84.0,1.4,0,37.0,44.0,5.4,3.9,64,22,2,3
06.03.2019 23:00:00,13.0,67.0,16.2,0,0.36,0,0.1,1.4,1.5,54.0,1.2,85.0,1.2,0,29.0,21.0,4.3,4.1,64,23,2,3
06.03.2019 24:00:00,12.0,65.0,16.1,0,0.33,0,0.2,1.1,1.3,63.0,0.6,86.0,1.2,0,22.0,22.0,7.5,4.4,64,24,2,3
07.03.2019 01:00:00,8.0,66.0,16.5,0,0.3,0,0.3,0.5,0.8,56.0,0,82.0,2.3,0,22.0,22.0,8.1,8.1,65,1,3,3
07.03.2019 02:00:00,10.0,67.0,16.4,0,0.28,0,1.5,1.5,2.9,60.0,0,82.0,1.6,0,23.0,24.0,5.8,6.5,65,2,3,3
07.03.2019 03:00:00,11.0,68.0,16.1,0,0.27,0,1.5,1.6,3.0,59.0,1.4,85.0,1.7,0,22.0,23.0,7.5,7.8,65,3,3,3
07.03.2019 04:00:00,14.0,69.0,15.7,0,0.26,0,1.4,1.6,3.1,49.0,0.2,85.0,1.5,0,26.0,24.0,7.6,6.3,65,4,3,3
07.03.2019 05:00:00,15.0,67.0,15.9,0,0.22,0,1.5,1.3,2.7,59.0,0,82.0,1.3,0,29.0,32.0,6.7,6.0,65,5,3,3
07.03.2019 06:00:00,15.0,63.0,16.3,0,0.2,0,1.6,1.5,3.1,76.0,0,76.0,1.7,0,37.0,27.0,6.6,5.4,65,6,3,3
07.03.2019 07:00:00,17.0,63.0,15.5,0,0.19,0,1.6,1.8,3.4,59.0,0.4,77.0,1.3,0,28.0,30.0,4.3,5.1,65,7,3,3
07.03.2019 08:00:00,18.0,61.0,15.3,0,0.2,0,1.7,3.9,5.6,54.0,0.6,77.0,1.2,0,54.0,46.0,3.9,4.5,65,8,3,3
07.03.2019 09:00:00,22.0,64.0,15.3,0,0.26,0,1.9,3.9,5.8,71.0,2.2,83.0,1.4,0,41.0,49.0,8.2,6.4,65,9,3,3
07.03.2019 10:00:00,35.0,68.0,15.3,0,0.34,0,1.6,2.9,4.5,96.0,1.0,81.0,1.5,0,48.0,46.0,8.3,8.7,65,10,3,3
07.03.2019 11:00:00,42.0,68.0,15.8,0,0.32,0,1.6,3.6,5.2,95.0,0.6,73.0,1.3,0,45.0,43.0,7.6,8.1,65,11,3,3
07.03.2019 12:00:00,36.0,68.0,15.1,0,0.3,0,1.9,3.3,5.2,91.0,1.8,75.0,1.3,0,46.0,45.0,8.3,7.6,65,12,3,3
07.03.2019 13:00:00,36.0,72.0,15.1,0,0.38,0,1.8,3.7,5.5,95.0,0.4,75.0,1.4,0,47.0,49.0,8.9,7.5,65,13,3,3
07.03.2019 14:00:00,58.0,81.0,15.2,0,0.55,0,1.8,5.3,7.0,151.0,0.4,77.0,1.3,0,39.0,23.0,6.6,6.5,65,14,3,3
07.03.2019 15:00:00,82.0,80.0,14.9,0,0.6,0,1.8,6.5,8.3,174.0,2.0,83.0,1.1,0,28.0,28.0,8.8,6.7,65,15,3,3
07.03.2019 16:00:00,70.0,76.0,14.2,0,0.44,0,1.8,4.9,6.7,124.0,1.0,83.0,0.8,0,40.0,47.0,9.2,7.7,65,16,3,3
07.03.2019 17:00:00,49.0,75.0,14.4,0,0.4,0,1.8,4.4,6.2,121.0,1.0,80.0,0.7,0,41.0,30.0,6.9,6.9,65,17,3,3
07.03.2019 18:00:00,43.0,73.0,13.9,0,0.37,0,1.9,4.7,6.6,109.0,1.8,80.0,0.9,0,26.0,27.0,5.5,6.8,65,18,3,3
07.03.2019 19:00:00,39.0,72.0,14.0,0,0.39,0,1.6,3.9,5.5,102.0,2.0,83.0,0.5,0,42.0,40.0,6.7,6.2,65,19,3,3
07.03.2019 20:00:00,36.0,72.0,13.7,0,0.39,0,1.7,4.0,5.6,91.0,1.2,85.0,0.4,0,31.0,34.0,5.3,5.7,65,20,3,3
07.03.2019 21:00:00,36.0,72.0,13.8,0,0.41,0,1.5,3.6,5.1,80.0,1.2,85.0,0.3,0,43.0,46.0,9.4,7.4,65,21,3,3
07.03.2019 22:00:00,32.0,74.0,14.0,0,0.44,0,1.5,3.1,4.7,77.0,0.6,83.0,-0.1,0,49.0,48.0,9.2,9.3,65,22,3,3
07.03.2019 23:00:00,32.0,73.0,14.2,0,0.45,0,1.4,3.0,4.3,88.0,0.6,82.0,-0.2,0,50.0,57.0,5.2,7.5,65,23,3,3
07.03.2019 24:00:00,36.0,72.0,14.5,0,0.46,0,1.3,3.0,4.4,79.0,2.0,84.0,-0.1,0,50.0,49.0,9.7,8.2,65,24,3,3
08.03.2019 01:00:00,32.0,69.0,14.8,0,0.47,0,1.4,3.0,4.4,68.0,1.6,84.0,1.2,0,49.0,46.0,9.6,9.4,66,1,4,3
08.03.2019 02:00:00,24.0,64.0,14.5,0,0.28,0,1.2,1.7,2.8,50.0,1.4,85.0,1.9,0,50.0,50.0,10.0,9.9,66,2,4,3
08.03.2019 03:00:00,16.0,62.0,14.5,0,0.22,0,1.0,1.5,2.5,48.0,3.8,86.0,2.0,0,45.0,44.0,6.5,7.5,66,3,4,3
08.03.2019 04:00:00,12.0,61.0,14.4,0,0.19,0,1.0,1.4,2.4,50.0,2.2,88.0,1.7,0,42.0,47.0,8.4,6.6,66,4,4,3
08.03.2019 05:00:00,11.0,61.0,14.3,0,0.18,0,0.9,1.1,2.0,41.0,2.8,88.0,1.8,0,48.0,49.0,7.6,8.8,66,5,4,3
08.03.2019 06:00:00,9.0,60.0,14.4,0,0.18,0,0.9,0.9,1.8,37.0,1.0,87.0,1.8,0,49.0,47.0,7.9,7.9,66,6,4,3
08.03.2019 07:00:00,8.0,58.0,14.8,0,0.17,0,1.1,1.0,2.2,35.0,0.8,87.0,2.0,0,49.0,50.0,8.0,8.4,66,7,4,3
08.03.2019 08:00:00,11.0,58.0,14.8,0,0.17,0,0.9,1.2,2.1,33.0,1.0,86.0,2.1,0,50.0,50.0,7.9,8.0,66,8,4,3
08.03.2019 09:00:00,11.0,57.0,15.0,0,0.16,0,1.0,1.2,2.2,35.0,1.6,88.0,2.0,0,48.0,49.0,8.2,7.9,66,9,4,3
08.03.2019 10:00:00,9.0,55.0,15.5,0,0.17,0,1.4,2.2,3.6,38.0,3.2,90.0,1.9,0,45.0,38.0,5.6,6.4,66,10,4,3
08.03.2019 11:00:00,10.0,53.0,15.7,0,0.17,0,1.6,3.8,5.4,46.0,2.8,91.0,1.7,0,37.0,36.0,6.6,5.3,66,11,4,3
08.03.2019 12:00:00,8.0,54.0,15.8,0,0.17,0,1.5,3.3,4.7,39.0,1.4,92.0,1.9,0,30.0,25.0,7.4,5.9,66,12,4,3
08.03.2019 13:00:00,10.0,54.0,16.1,0,0.16,0,1.4,3.3,4.8,37.0,2.4,93.0,1.5,0,28.0,27.0,5.4,5.6,66,13,4,3
08.03.2019 14:00:00,11.0,55.0,16.2,0,0.16,0,1.3,1.9,3.1,42.0,2.6,93.0,1.4,0,21.0,23.0,6.7,6.7,66,14,4,3
08.03.2019 15:00:00,18.028,60.097,16.2,0,0.16,0,1.2,2.5,3.7,50.0,1.2,94.0,1.5,0,27.0,26.0,5.7,5.8,66,15,4,3
08.03.2019 16:00:00,9.0,54.0,16.5,0,0.16,0,1.162,7.078,8.804,29.0,2.2,95.0,1.4,0,40.0,34.0,4.8,4.8,66,16,4,3
08.03.2019 17:00:00,7.0,54.0,16.7,0,0.16,0,1.4,3.5,5.0,37.0,1.4,95.0,1.3,0,31.0,37.0,5.2,4.6,66,17,4,3
08.03.2019 18:00:00,7.0,56.0,17.0,0,0.15,0,1.3,2.0,3.3,31.0,1.0,95.0,1.5,0,47.0,46.0,5.9,5.8,66,18,4,3
08.03.2019 19:00:00,9.0,55.0,17.3,0,0.15,0,1.2,2.2,3.4,41.0,1.2,96.0,1.3,0,30.0,27.0,5.8,5.2,66,19,4,3
08.03.2019 20:00:00,7.0,57.0,17.9,0,0.15,0,1.2,1.5,2.7,31.0,2.6,96.0,1.4,0,47.0,55.0,7.1,6.4,66,20,4,3
08.03.2019 21:00:00,5.0,56.0,18.6,0,0.15,0,1.1,1.3,2.4,37.0,2.8,96.0,1.1,0,49.0,67.0,2.0,6.1,66,21,4,3
08.03.2019 22:00:00,3.0,55.0,18.8,0,0.16,0,1.0,2.1,3.1,30.0,2.6,95.0,1.0,0,63.0,82.0,2.0,2.9,66,22,4,3
08.03.2019 23:00:00,2.0,53.0,18.8,0,0.16,0,0.9,3.1,4.1,7.0,1.2,94.0,1.0,0,119.0,114.0,2.3,1.7,66,23,4,3
08.03.2019 24:00:00,2.0,45.0,18.5,0,0.18,0,0.8,4.7,5.5,11.0,0,95.0,1.5,0,208.0,217.0,2.3,1.6,66,24,4,3
09.03.2019 01:00:00,3.0,38.0,18.0,0,0.18,0,0.9,4.8,5.7,5.0,0.6,96.0,2.7,0,215.0,219.0,2.3,1.7,67,1,5,3
09.03.2019 02:00:00,3.0,36.0,17.7,0,0.18,0,1.2,2.5,3.6,4.0,1.6,96.0,1.6,0,215.0,215.0,2.9,2.7,67,2,5,3
09.03.2019 03:00:00,4.0,38.0,17.5,0,0.18,0,0.8,2.1,2.9,5.0,1.0,96.0,1.5,0,215.0,210.0,2.8,2.8,67,3,5,3
09.03.2019 04:00:00,4.0,38.0,17.4,0,0.23,0,0.7,2.9,3.6,4.0,0.2,95.0,1.3,0,216.0,219.0,2.9,2.4,67,4,5,3
09.03.2019 05:00:00,2.0,38.0,17.1,0,0.24,0,0.8,2.1,2.9,6.0,0.2,95.0,1.4,0,221.0,222.0,2.8,2.3,67,5,5,3
09.03.2019 06:00:00,2.0,40.0,17.2,0,0.25,0,1.0,1.7,2.7,5.0,1.6,94.0,1.4,0,224.0,230.0,2.9,2.6,67,6,5,3
09.03.2019 07:00:00,4.0,35.0,17.1,0,0.28,0,1.0,3.4,4.4,5.0,1.4,95.0,1.2,0,219.0,228.0,2.3,2.8,67,7,5,3
09.03.2019 08:00:00,3.0,32.0,17.2,0,0.29,0,1.1,4.4,5.4,6.0,2.8,96.0,1.1,0,224.0,207.0,1.6,2.1,67,8,5,3
09.03.2019 09:00:00,4.0,28.0,17.5,0,0.36,0,2.5,13.0,15.0,4.0,3.4,96.0,1.7,0,206.0,207.0,1.1,0.7,67,9,5,3
09.03.2019 10:00:00,5.0,35.0,17.8,0,0.32,0,2.4,10.0,13.0,2.0,4.8,96.0,2.0,0,205.0,237.0,0.5,0.6,67,10,5,3
09.03.2019 11:00:00,6.0,38.0,18.4,0,0.33,0,2.6,12.0,14.0,50.672,2.6,96.0,2.2,0,210.0,183.0,0.8,0.8,67,11,5,3
09.03.2019 12:00:00,6.0,44.0,19.0,0,0.29,0,2.0,9.3,11.0,26.0,1.6,95.0,2.0,0,37.0,39.0,0.9,0.9,67,12,5,3
09.03.2019 13:00:00,6.0,40.0,19.5,0,0.33,0,3.3,12.0,16.0,18.0,0,95.0,2.2,0,49.0,53.0,1.9,1.2,67,13,5,3
09.03.2019 14:00:00,6.0,34.0,19.7,0,0.37,0,3.6,17.0,20.0,23.0,0.4,93.0,1.9,0,348.0,319.0,1.6,1.5,67,14,5,3
09.03.2019 15:00:00,7.0,39.0,19.5,0,0.33,0,2.2,14.0,16.0,24.0,2.8,94.0,1.4,0,49.0,62.0,0.7,0.7,67,15,5,3
09.03.2019 16:00:00,9.0,35.0,19.5,0,0.37,0,2.2,17.0,20.0,30.0,2.4,96.0,1.0,0,81.0,199.0,0.5,0.1,67,16,5,3
09.03.2019 17:00:00,10.0,30.0,19.5,0,0.46,0,3.0,22.0,25.0,28.0,0.2,96.0,1.0,0,353.0,6.6,1.5,1.3,67,17,5,3
09.03.2019 18:00:00,8.0,44.0,18.5,0,0.28,0,1.5,9.2,11.0,20.0,0.4,96.0,0.4,0,337.0,323.0,2.9,2.9,67,18,5,3
09.03.2019 19:00:00,7.0,40.0,18.3,0,0.29,0,1.7,11.0,13.0,13.0,0.6,95.0,0.1,0,331.0,150.0,0.9,0.9,67,19,5,3
09.03.2019 20:00:00,8.0,37.0,18.4,0,0.27,0,1.7,11.0,13.0,20.0,0.4,95.0,0.2,0,323.0,315.0,2.0,1.3,67,20,5,3
09.03.2019 21:00:00,9.0,39.0,18.6,0,0.26,0,1.5,9.0,11.0,20.0,0.4,93.0,0.0,0,315.0,270.0,0.7,1.5,67,21,5,3
09.03.2019 22:00:00,12.0,38.0,18.5,0,0.26,0,1.0,5.6,6.5,3.0,0,94.0,0.0,0,244.0,253.0,0.6,1.0,67,22,5,3
09.03.2019 23:00:00,11.0,32.0,18.6,0,0.28,0,1.2,9.5,11.0,25.0,0,93.0,-0.2,0,283.0,229.0,1.7,0.3,67,23,5,3
09.03.2019 24:00:00,7.0,41.0,18.8,0,0.25,0,1.0,3.8,4.8,14.0,0.2,94.0,-0.4,0,324.0,335.0,2.9,2.0,67,24,5,3
10.03.2019 01:00:00,5.0,48.0,19.0,0,0.23,0,0.8,2.9,3.7,15.0,6.2,94.0,1.7,0,335.0,347.0,1.4,3.6,68,1,6,3
10.03.2019 02:00:00,5.0,45.0,18.7,0,0.24,0,0.2,2.1,2.3,17.0,2.0,94.0,1.1,0,320.0,256.0,0.9,0.7,68,2,6,3
10.03.2019 03:00:00,5.0,40.0,18.7,0,0.25,0,0.3,2.4,2.7,10.0,1.6,94.0,1.1,0,253.0,242.0,1.5,1.0,68,3,6,3
10.03.2019 04:00:00,2.0,32.0,18.3,0,0.28,0,0.1,3.4,3.5,5.0,1.8,96.0,1.1,0,215.0,214.0,2.2,1.7,68,4,6,3
10.03.2019 05:00:00,2.0,38.0,18.2,0,0.23,0,0.2,3.4,3.6,9.0,2.2,94.0,1.2,0,229.0,225.0,2.9,2.7,68,5,6,3
10.03.2019 06:00:00,3.0,47.0,18.2,0,0.19,0,0.4,1.8,2.2,9.0,0.4,90.0,0.8,0,232.0,325.0,1.5,3.5,68,6,6,3
10.03.2019 07:00:00,9.0,42.0,18.5,0,0.23,0,0.6,3.8,4.3,28.0,0,91.0,0.7,0,359.0,11.0,4.7,1.9,68,7,6,3
10.03.2019 08:00:00,10.0,44.0,17.7,0,0.25,0,0.6,2.6,3.2,18.0,5.2,93.0,0.7,0,5.1,14.0,5.3,4.8,68,8,6,3
10.03.2019 09:00:00,3.0,43.0,17.0,0,0.28,0,0.7,2.9,3.6,33.0,1.4,94.0,1.4,0,14.0,18.0,5.5,5.2,68,9,6,3
10.03.2019 10:00:00,4.0,41.0,16.7,0,0.31,0,0.7,3.1,3.8,29.0,0.6,93.0,1.4,0,16.0,21.0,6.1,5.9,68,10,6,3
10.03.2019 11:00:00,6.0,41.0,16.4,0,0.33,0,0.9,2.9,3.8,36.0,0.2,92.0,1.6,0,19.0,19.0,5.9,6.1,68,11,6,3
10.03.2019 12:00:00,3.0,41.0,16.0,0,0.36,0,0.9,3.4,4.2,38.0,0.2,90.0,1.5,0,12.0,18.0,5.6,4.3,68,12,6,3
10.03.2019 13:00:00,6.0,42.0,16.1,0,0.36,0,0.8,3.1,3.9,34.0,0.2,89.0,1.5,0,12.0,18.0,4.6,4.4,68,13,6,3
10.03.2019 14:00:00,6.0,38.0,15.7,0,0.36,0,1.2,5.7,6.9,16.0,1.0,91.0,1.7,0,347.0,333.0,1.6,2.3,68,14,6,3
10.03.2019 15:00:00,2.0,35.0,15.8,0,0.37,0,1.5,8.3,9.8,14.0,0.2,92.0,2.3,0,330.0,325.0,1.7,1.4,68,15,6,3
10.03.2019 16:00:00,6.0,44.0,16.3,0,0.38,0,0.9,5.2,6.1,48.0,0,85.0,1.8,0,7.8,2.5,4.4,3.7,68,16,6,3
10.03.2019 17:00:00,11.0,50.0,16.7,0,0.36,0,0.4,2.9,3.3,52.0,0,82.0,1.8,0,19.0,20.0,4.9,5.0,68,17,6,3
10.03.2019 18:00:00,12.0,44.0,16.4,0,0.4,0,0.8,8.3,9.1,54.0,0,82.0,1.5,0,0.6,2.8,2.7,2.3,68,18,6,3
10.03.2019 19:00:00,12.0,45.0,16.3,0,0.39,0,1.0,8.4,9.4,51.0,0,80.0,1.3,0,12.0,359.0,2.6,2.0,68,19,6,3
10.03.2019 20:00:00,15.0,56.0,16.4,0,0.38,0,0.7,6.9,7.5,74.0,0,78.0,0.9,0,14.0,30.0,1.4,2.8,68,20,6,3
10.03.2019 21:00:00,24.0,52.0,16.2,0,0.38,0,0.8,9.6,10.0,76.0,0,80.0,0.8,0,36.0,202.0,1.6,0.7,68,21,6,3
10.03.2019 22:00:00,25.0,41.0,15.0,0,0.36,0,0.5,7.0,7.5,69.0,0,91.0,0.8,0,207.0,197.0,1.5,1.8,68,22,6,3
10.03.2019 23:00:00,24.0,45.0,14.9,0,0.36,0,0.3,5.1,5.4,43.0,0,91.0,0.7,0,208.0,210.0,1.8,1.4,68,23,6,3
10.03.2019 24:00:00,28.0,45.0,14.9,0,0.36,0,0.4,4.5,4.9,47.0,0,91.0,0.4,0,211.0,231.0,2.0,2.1,68,24,6,3
11.03.2019 01:00:00,34.0,45.722,16.4,0,0.42,0,0.4,3.7,4.2,92.0,0,79.0,1.7,0,51.0,47.0,3.8,2.9,69,1,0,3
11.03.2019 02:00:00,34.0,74.0,17.3,0,0.35,0,0.2,3.1,3.3,81.0,0,74.0,1.9,0,47.0,48.0,3.8,3.6,69,2,0,3
11.03.2019 03:00:00,26.0,63.0,17.3,0,0.3,0,-0.1,2.7,2.7,79.0,0,76.0,1.4,0,38.0,37.0,4.3,4.1,69,3,0,3
11.03.2019 04:00:00,19.0,57.0,17.1,0,0.26,0,0.1,2.5,2.6,65.0,0,77.0,0.8,0,26.0,24.0,5.3,4.4,69,4,0,3
11.03.2019 05:00:00,16.0,52.0,17.0,0,0.26,0,0.1,2.2,2.3,75.0,0,78.0,0.8,0,26.0,27.0,4.7,4.8,69,5,0,3
11.03.2019 06:00:00,19.0,51.0,17.0,0,0.28,0,0.2,2.6,2.9,72.0,0,78.0,0.4,0,28.0,33.0,4.2,4.3,69,6,0,3
11.03.2019 07:00:00,19.0,54.0,17.0,0,0.28,0,0.4,3.8,4.2,69.0,0,75.0,0.3,0,36.0,37.0,4.8,4.0,69,7,0,3
11.03.2019 08:00:00,18.0,53.0,17.0,0,0.29,0,0.7,4.9,5.6,75.0,0,74.0,0.1,0,42.0,44.0,4.3,4.0,69,8,0,3
11.03.2019 09:00:00,15.0,55.0,17.0,0,0.27,0,0.5,3.5,4.0,58.0,0,72.0,1.606,0,46.0,42.0,4.1,5.0,69,9,0,3
11.03.2019 10:00:00,14.0,55.0,17.1,0,0.25,0,0.5,4.1,4.6,56.0,0,71.0,1.601,0,45.0,42.0,3.7,3.7,69,10,0,3
11.03.2019 11:00:00,12.0,56.0,17.2,0,0.24,0,0.8,4.6,5.4,54.0,0,71.0,1.601,0,41.0,40.0,3.6,3.6,69,11,0,3
11.03.2019 12:00:00,12.0,59.0,17.3,0,0.25,0,0.5,4.2,4.7,55.0,0,70.0,1.6,0,43.0,42.0,3.4,3.2,69,12,0,3
11.03.2019 13:00:00,14.0,62.0,17.5,0,0.27,0,0.6,5.9,6.5,60.0,0,71.0,1.599,0,30.0,21.0,3.3,3.2,69,13,0,3
11.03.2019 14:00:00,16.0,64.0,17.5,0,0.26,0,0.8,4.8,5.6,54.0,0,71.0,1.598,0,25.0,19.0,2.5,2.9,69,14,0,3
11.03.2019 15:00:00,15.0,64.0,17.5,0,0.25,0,0.3,4.6,4.9,53.0,0,71.0,1.598,0,23.0,11.0,2.1,2.1,69,15,0,3
11.03.2019 16:00:00,16.0,66.0,17.9,0,0.24,0,0.3,4.0,4.4,45.0,0,70.0,1.597,0,35.0,38.0,1.8,1.6,69,16,0,3
11.03.2019 17:00:00,17.0,68.0,18.0,0,0.27,0,0.4,6.1,6.5,44.0,0,68.0,1.596,0,32.0,36.0,1.5,1.5,69,17,0,3
11.03.2019 18:00:00,18.0,58.0,17.7,0,0.34,0,0.4,12.0,12.0,48.0,0,70.0,1.595,0,65.0,220.0,1.4,0.6,69,18,0,3
11.03.2019 19:00:00,20.0,30.0,16.1,0,0.38,0,0.9,13.0,14.0,25.0,0,85.0,1.595,0,207.0,220.0,2.5,2.0,69,19,0,3
11.03.2019 20:00:00,17.0,30.0,14.9,0,0.31,0,0.5,6.7,7.2,34.0,0,89.0,1.594,0,216.0,215.0,3.1,3.0,69,20,0,3
11.03.2019 21:00:00,15.0,27.0,14.2,0,0.29,0,0.6,5.8,6.5,26.0,0,91.0,1.593,0,214.0,214.0,3.8,3.4,69,21,0,3
11.03.2019 22:00:00,15.0,32.0,13.9,0,0.28,0,0.4,3.6,4.0,33.0,0,91.0,1.592,0,217.0,217.0,3.7,3.7,69,22,0,3
11.03.2019 23:00:00,18.0,34.0,13.7,0,0.28,0,0.1,3.1,3.2,32.0,0,91.0,1.601,0,216.0,215.0,4.5,4.1,69,23,0,3
11.03.2019 24:00:00,18.0,35.0,13.6,0,0.29,0,-0.2,2.2,2.0,32.0,0,91.0,1.61,0,214.0,213.0,5.0,4.7,69,24,0,3
12.03.2019 01:00:00,16.0,37.0,13.3,0,0.3,0,0.0,2.2,2.2,26.0,0,90.0,1.3,0,216.0,214.0,4.5,4.6,70,1,1,3
12.03.2019 02:00:00,19.0,38.0,13.3,0,0.3,0,0.7,2.6,3.3,33.0,0,90.0,2.0,0,216.0,216.0,4.6,4.6,70,2,1,3
12.03.2019 03:00:00,24.0,38.0,13.3,0,0.3,0,0.5,2.6,3.1,35.0,0,90.0,1.6,0,217.0,214.0,4.7,4.6,70,3,1,3
12.03.2019 04:00:00,24.0,39.0,13.1,0,0.29,0,0.5,1.9,2.4,34.0,0,90.0,1.4,0,216.0,214.0,5.0,4.6,70,4,1,3
12.03.2019 05:00:00,22.0,40.0,13.0,0,0.27,0,0.5,1.5,2.0,34.0,0,89.0,1.3,0,213.0,213.0,5.2,5.1,70,5,1,3
12.03.2019 06:00:00,20.0,39.0,12.9,0,0.28,0,0.6,2.3,2.9,32.0,0,88.0,1.9,0,216.0,215.0,5.3,5.0,70,6,1,3
12.03.2019 07:00:00,19.0,37.0,13.1,0,0.31,0,0.8,5.4,6.2,40.0,0,88.0,11.0,0,215.0,213.0,4.7,4.7,70,7,1,3
12.03.2019 08:00:00,20.0,37.0,15.2,0,0.37,0,1.8,9.1,11.0,30.0,0,81.0,7.7,0,206.0,189.0,2.9,3.8,70,8,1,3
12.03.2019 09:00:00,24.0,50.0,18.7,0,0.4,0,2.4,10.0,13.0,47.0,0,66.0,6.8,0,190.0,189.0,1.4,2.0,70,9,1,3
12.03.2019 10:00:00,24.0,65.0,21.2,0,0.37,0,1.9,12.0,14.0,62.0,0,55.0,7.0,0,92.0,78.0,4.2,2.3,70,10,1,3
12.03.2019 11:00:00,28.0,69.0,22.0,0,0.31,0,2.3,13.0,15.0,65.0,0,53.0,10.0,0,76.0,75.0,4.5,4.3,70,11,1,3
12.03.2019 12:00:00,27.0,79.0,22.1,0,0.29,0,1.2,4.7,5.8,66.0,0,57.0,5.9,0,59.0,66.0,5.2,5.2,70,12,1,3
12.03.2019 13:00:00,23.0,79.0,21.8,0,0.28,0,0.8,4.5,5.3,59.0,0,61.0,5.9,0,71.0,69.0,5.4,5.3,70,13,1,3
12.03.2019 14:00:00,21.0,80.0,22.0,0,0.27,0,1.0,4.5,5.5,59.0,0,61.0,5.3,0,73.0,72.0,6.0,5.4,70,14,1,3
12.03.2019 15:00:00,19.0,75.0,22.2,0,0.26,0,1.1,6.5,7.6,59.0,0,59.0,4.9,0,75.0,74.0,4.7,4.9,70,15,1,3
12.03.2019 16:00:00,18.0,75.0,22.4,0,0.26,0,1.2,6.6,7.8,62.0,0,60.0,4.8,0,76.0,75.0,4.1,3.9,70,16,1,3
12.03.2019 17:00:00,20.0,71.0,22.7,0,0.27,0,0.8,9.0,9.8,54.0,0,54.0,5.8,0,96.0,106.0,3.5,3.5,70,17,1,3
12.03.2019 18:00:00,22.0,65.0,22.2,0,0.29,0,0.6,12.0,13.0,50.0,0,53.0,4.8,0,114.0,89.0,1.0,1.6,70,18,1,3
12.03.2019 19:00:00,23.0,44.0,19.7,0,0.38,0,0.6,17.0,17.0,52.0,0,68.0,4.4,0,187.0,198.0,2.9,1.6,70,19,1,3
12.03.2019 20:00:00,23.0,33.0,17.1,0,0.34,0,1.2,13.0,14.0,37.0,0,82.0,4.4,0,192.0,202.0,3.7,2.9,70,20,1,3
12.03.2019 21:00:00,22.0,35.0,16.1,0,0.31,0,1.1,8.3,9.4,40.0,0,84.0,4.2,0,204.0,214.0,4.4,4.0,70,21,1,3
12.03.2019 22:00:00,19.0,42.0,15.9,0,0.27,0,0.7,5.2,5.8,40.0,0,83.0,4.2,0,209.0,210.0,5.1,4.7,70,22,1,3
12.03.2019 23:00:00,19.0,46.0,16.1,0,0.25,0,0.5,3.6,4.2,35.0,0,82.0,4.2,0,206.0,204.0,4.7,4.7,70,23,1,3
12.03.2019 24:00:00,19.0,45.0,15.9,0,0.24,0,0.4,3.0,3.3,34.0,0,83.0,4.2,0,205.0,207.0,5.1,4.6,70,24,1,3
13.03.2019 01:00:00,17.0,47.0,15.8,0,0.23,0,0.4,2.3,2.7,35.0,0,83.0,1.5,0,204.0,203.0,4.5,4.5,71,1,2,3
13.03.2019 02:00:00,16.0,48.0,15.8,0,0.23,0,1.3,2.0,3.3,32.0,0,83.0,1.5,0,208.0,212.0,5.0,4.5,71,2,2,3
13.03.2019 03:00:00,15.0,47.0,15.6,0,0.23,0,1.2,1.7,2.9,35.0,0,84.0,1.6,0,213.0,214.0,4.6,4.5,71,3,2,3
13.03.2019 04:00:00,15.0,44.0,15.3,0,0.22,0,1.4,1.5,2.8,33.0,0,86.0,1.8,0,211.0,211.0,5.1,4.8,71,4,2,3
13.03.2019 05:00:00,16.0,43.0,15.6,0,0.23,0,1.2,1.8,3.0,31.0,0,85.0,2.0,0,206.0,197.0,3.5,4.0,71,5,2,3
13.03.2019 06:00:00,17.0,38.0,15.9,0,0.25,0,1.3,2.4,3.7,32.0,0,86.0,2.1,0,196.0,201.0,3.5,3.4,71,6,2,3
13.03.2019 07:00:00,16.0,34.0,16.7,0,0.29,0,1.8,7.7,9.5,29.0,0,84.0,2.3,0,199.0,196.0,2.8,3.0,71,7,2,3
13.03.2019 08:00:00,19.0,32.0,18.4,0,0.38,0,3.8,17.0,20.0,36.0,0,80.0,4.2,0,179.0,128.0,2.5,1.5,71,8,2,3
13.03.2019 09:00:00,19.0,63.0,21.3,0,0.28,0,2.0,13.0,15.0,44.0,0,67.0,9.8,0,112.0,114.0,4.3,3.5,71,9,2,3
13.03.2019 10:00:00,19.0,67.0,22.2,0,0.26,0,2.0,10.0,12.0,53.0,0,61.0,6.8,0,107.0,104.0,4.3,3.2,71,10,2,3
13.03.2019 11:00:00,19.0,71.0,22.0,0,0.26,0,1.8,6.9,8.7,54.0,0,60.0,5.4,0,101.0,106.0,3.4,2.8,71,11,2,3
13.03.2019 12:00:00,20.0,71.0,22.6,0,0.25,0,1.7,8.1,9.8,49.0,0,56.0,8.3,0,114.0,120.0,3.8,4.2,71,12,2,3
13.03.2019 13:00:00,19.0,72.0,22.8,0,0.26,0,1.7,7.1,8.7,51.0,0,52.0,6.7,0,112.0,114.0,4.2,3.9,71,13,2,3
13.03.2019 14:00:00,19.0,75.0,22.9,0,0.27,0,1.5,5.6,7.2,55.0,0,52.0,4.7,0,111.0,110.0,4.9,4.2,71,14,2,3
13.03.2019 15:00:00,22.0,77.0,22.8,0,0.28,0,1.3,5.1,6.4,59.0,0,55.0,4.1,0,111.0,115.0,3.3,3.9,71,15,2,3
13.03.2019 16:00:00,24.0,77.0,22.7,0,0.28,0,1.3,4.5,5.8,60.0,0,55.0,3.2,0,139.0,138.0,4.0,3.4,71,16,2,3
13.03.2019 17:00:00,24.0,76.0,21.4,0,0.28,0,1.3,4.1,5.3,46.0,0,64.0,3.2,0,142.0,141.0,4.2,3.6,71,17,2,3
13.03.2019 18:00:00,25.0,69.0,20.5,0,0.3,0,1.4,9.3,11.0,41.0,0,70.0,4.6,0,135.0,166.0,2.2,2.1,71,18,2,3
13.03.2019 19:00:00,26.0,64.0,20.0,0,0.35,0,1.3,11.0,12.0,40.0,0,71.0,3.3,0,197.0,197.0,3.1,2.5,71,19,2,3
13.03.2019 20:00:00,23.0,72.0,20.0,0,0.31,0,1.4,7.4,8.8,38.0,0,69.0,3.1,0,197.0,190.0,3.3,3.6,71,20,2,3
13.03.2019 21:00:00,22.0,66.0,19.3,0,0.3,0,1.5,8.2,9.7,38.0,0,73.0,3.1,0,202.0,204.0,2.6,2.3,71,21,2,3
13.03.2019 22:00:00,24.0,63.0,18.8,0,0.3,0,1.2,6.9,8.1,42.0,0,75.0,3.1,0,198.0,196.0,2.7,2.6,71,22,2,3
13.03.2019 23:00:00,24.0,64.0,19.2,0,0.28,0,1.2,5.7,6.8,44.0,0,74.0,3.0,0,195.0,200.0,2.9,2.6,71,23,2,3
13.03.2019 24:00:00,23.0,59.0,18.9,0,0.28,0,1.4,5.3,6.7,41.0,0,76.0,3.2,0,197.0,215.0,2.5,2.3,71,24,2,3
14.03.2019 01:00:00,23.0,59.0,18.9,0,0.26,0,1.2,3.3,4.5,50.0,0,76.0,2.3,0,200.0,197.0,2.8,2.2,72,1,3,3
14.03.2019 02:00:00,23.0,53.0,18.1,0,0.24,0,0.6,3.6,4.2,40.0,0,79.0,0.7,0,199.0,203.0,3.5,3.1,72,2,3,3
14.03.2019 03:00:00,21.0,49.0,17.7,0,0.23,0,0.5,2.2,2.7,42.0,0,82.0,0.8,0,200.0,209.0,3.3,3.1,72,3,3,3
14.03.2019 04:00:00,22.0,63.0,19.4,0,0.23,0,0.4,1.7,2.2,39.0,0,73.0,0.6,0,210.0,215.0,4.7,4.0,72,4,3,3
14.03.2019 05:00:00,20.0,64.0,19.5,0,0.23,0,0.3,1.9,2.2,40.0,0,72.0,0.6,0,213.0,217.0,4.8,4.9,72,5,3,3
14.03.2019 06:00:00,19.0,61.0,19.5,0,0.23,0,0.6,2.2,2.8,39.0,0,72.0,0.8,0,212.0,215.0,4.7,4.9,72,6,3,3
14.03.2019 07:00:00,18.0,56.0,19.6,0,0.26,0,0.8,4.8,5.6,39.0,0,72.0,1.7,0,212.0,212.0,4.4,4.3,72,7,3,3
14.03.2019 08:00:00,19.0,46.0,20.4,0,0.33,0,1.1,13.0,14.0,40.0,0,71.0,1.3,0,209.0,204.0,2.0,3.0,72,8,3,3
14.03.2019 09:00:00,19.0,58.0,22.5,0,0.29,0,1.3,7.6,8.9,44.0,0,64.0,1.3,0,186.0,191.0,2.9,2.2,72,9,3,3
14.03.2019 10:00:00,18.0,65.0,24.1,0,0.24,0,0.7,5.2,5.9,44.0,0,57.0,1.2,0,207.0,214.0,2.2,3.3,72,10,3,3
14.03.2019 11:00:00,17.0,64.0,24.7,0,0.28,0,0.5,6.4,6.9,41.0,0,56.0,1.0,0,217.0,251.0,2.1,2.6,72,11,3,3
14.03.2019 12:00:00,19.0,49.0,23.5,0,0.5,0,1.5,21.0,22.0,39.0,0,61.0,1.3,0,220.0,190.0,2.4,1.6,72,12,3,3
14.03.2019 13:00:00,28.0,47.0,23.4,0,0.56,0,1.7,24.0,26.0,66.0,0,67.0,2.3,0,213.0,226.0,2.3,1.4,72,13,3,3
14.03.2019 14:00:00,33.0,59.0,23.0,0,0.35,0,1.6,12.0,13.0,67.0,0,71.0,1.7,0,341.0,353.0,6.2,3.0,72,14,3,3
14.03.2019 15:00:00,27.0,64.0,19.5,0,0.21,0,0.9,4.7,5.6,69.0,0,86.0,1.1,0,327.0,324.0,5.3,5.4,72,15,3,3
14.03.2019 16:00:00,24.0,64.0,18.8,0,0.21,0,0.9,5.4,6.3,62.0,0,86.0,0.9,0,326.0,335.0,3.8,3.4,72,16,3,3
14.03.2019 17:00:00,23.0,63.0,18.2,0,0.22,0,0.8,6.7,7.5,64.0,0,87.0,0.6,0,340.0,348.0,5.4,3.4,72,17,3,3
14.03.2019 18:00:00,19.0,65.0,17.9,0,0.22,0,0.9,5.8,6.7,44.0,0,85.0,0.5,0,336.0,327.0,4.9,4.1,72,18,3,3
14.03.2019 19:00:00,17.0,64.0,18.0,0,0.2,0,0.7,3.8,4.5,46.0,0,85.0,0.4,0,328.0,320.0,4.2,3.6,72,19,3,3
14.03.2019 20:00:00,16.0,61.0,18.4,0,0.2,0,0.6,3.9,4.6,55.0,0,85.0,0.5,0,12.0,22.0,10.0,5.4,72,20,3,3
14.03.2019 21:00:00,15.0,64.0,18.1,0,0.19,0,0.4,2.1,2.6,49.0,0,86.0,0.1,0,22.0,21.0,10.0,10.0,72,21,3,3
14.03.2019 22:00:00,15.0,63.0,17.9,0,0.19,0,0.6,2.4,3.1,54.0,0,84.0,0.3,0,22.0,21.0,7.9,8.3,72,22,3,3
14.03.2019 23:00:00,15.0,64.0,17.8,0,0.18,0,0.5,2.0,2.5,67.0,0,85.0,0.8,0,20.0,21.0,6.8,7.1,72,23,3,3
14.03.2019 24:00:00,13.0,64.0,17.6,0,0.18,0,0.4,1.6,2.1,64.0,0,85.0,0.4,0,20.0,23.0,7.2,5.9,72,24,3,3
15.03.2019 01:00:00,11.0,63.0,17.4,0,0.18,0,0.5,1.6,2.1,48.0,0,86.0,0.4,0,20.0,19.0,9.2,8.0,73,1,4,3
15.03.2019 02:00:00,10.0,64.0,17.0,0,0.2,0,-0.1,1.2,1.1,50.0,1.2,88.0,1.4,0,19.0,18.0,7.4,7.0,73,2,4,3
15.03.2019 03:00:00,11.0,65.0,16.3,0,0.21,0,0.0,1.2,1.2,42.0,1.4,88.0,1.4,0,15.0,13.0,6.7,6.3,73,3,4,3
15.03.2019 04:00:00,12.0,64.0,16.1,0,0.22,0,-0.1,1.4,1.3,39.0,4.2,89.0,1.4,0,11.0,9.8,5.8,5.2,73,4,4,3
15.03.2019 05:00:00,10.0,64.0,16.0,0,0.22,0,0.2,1.4,1.6,34.0,1.6,87.0,1.5,0,10.0,359.0,4.1,5.4,73,5,4,3
15.03.2019 06:00:00,7.0,64.0,16.2,0,0.22,0,0.2,1.5,1.7,47.0,0.4,83.0,1.3,0,5.7,11.0,4.6,4.1,73,6,4,3
15.03.2019 07:00:00,7.0,55.0,16.2,0,0.26,0,0.4,6.8,7.2,36.0,0,84.0,1.6,0,348.0,210.0,1.7,1.7,73,7,4,3
15.03.2019 08:00:00,8.0,49.0,16.2,0,0.28,0,0.9,9.6,10.0,19.0,0,85.0,1.6,0,316.0,344.0,2.0,1.1,73,8,4,3
15.03.2019 09:00:00,11.0,62.0,17.4,0,0.24,0,0.4,4.0,4.4,77.0,0,77.0,1.7,0,14.0,7.9,6.0,4.8,73,9,4,3
15.03.2019 10:00:00,13.0,66.0,17.5,0,0.23,0,0.4,3.6,3.9,58.0,0,76.0,1.8,0,14.0,11.0,6.1,6.0,73,10,4,3
15.03.2019 11:00:00,19.014,68.0,17.6,0,0.23,0,11.0,2.9,13.0,47.0,1.173,73.0,1.988,0,16.0,18.0,7.4,6.6,73,11,4,3
15.03.2019 12:00:00,9.0,68.0,17.8,0,0.21,0,1.327,9.228,11.151,63.0,0,73.0,1.877,0,19.0,20.0,7.8,7.6,73,12,4,3
15.03.2019 13:00:00,11.0,63.0,18.0,0,0.2,0,0.4,3.0,3.3,70.0,0,69.0,1.4,0,21.0,19.0,6.5,7.1,73,13,4,3
15.03.2019 14:00:00,14.0,73.0,18.0,0,0.21,0,0.3,2.8,3.1,65.0,0,64.0,1.7,0,19.0,19.0,5.1,6.0,73,14,4,3
15.03.2019 15:00:00,14.0,75.0,17.8,0,0.22,0,0.5,4.0,4.5,67.0,0,63.0,1.8,0,21.0,25.0,3.7,4.3,73,15,4,3
15.03.2019 16:00:00,15.0,75.0,17.7,0,0.23,0,0.4,4.8,5.3,75.0,0,63.0,1.4,0,24.0,25.0,3.3,3.0,73,16,4,3
15.03.2019 17:00:00,17.0,71.0,17.9,0,0.23,0,0.4,5.4,5.8,89.0,0,64.0,1.5,0,27.0,36.0,3.2,3.0,73,17,4,3
15.03.2019 18:00:00,15.0,73.0,17.8,0,0.23,0,0.4,4.6,5.0,87.0,0,65.0,1.4,0,29.0,28.0,3.5,3.5,73,18,4,3
15.03.2019 19:00:00,15.0,73.0,17.9,0,0.23,0,0.2,4.6,4.8,98.0,0,66.0,1.2,0,31.0,28.0,3.2,3.5,73,19,4,3
15.03.2019 20:00:00,14.0,74.0,18.3,0,0.21,0,0.2,3.3,3.5,92.0,0,63.0,1.0,0,37.0,47.0,4.4,3.9,73,20,4,3
15.03.2019 21:00:00,12.0,62.0,18.0,0,0.23,0,0.5,5.3,5.8,76.0,0,64.0,0.9,0,54.0,132.0,1.4,3.2,73,21,4,3
15.03.2019 22:00:00,11.0,40.0,16.3,0,0.25,0,0.4,8.9,9.3,30.0,0,76.0,0.7,0,189.0,205.0,1.3,0.7,73,22,4,3
15.03.2019 23:00:00,10.0,45.0,16.2,0,0.22,0,0.1,5.1,5.3,27.0,0,75.0,0.9,0,195.0,216.0,3.0,2.0,73,23,4,3
15.03.2019 24:00:00,11.0,42.0,15.6,0,0.22,0,0.0,4.3,4.3,25.0,0,78.0,0.8,0,199.0,208.0,2.6,2.5,73,24,4,3
16.03.2019 01:00:00,9.0,41.0,15.6,0,0.22,0,0.1,4.4,4.5,30.0,0,78.0,1.8,0,204.0,182.0,2.9,3.0,74,1,5,3
16.03.2019 02:00:00,9.0,43.0,15.8,0,0.2,0,0.8,4.0,4.8,20.0,0,76.0,2.1,0,193.0,194.0,2.6,2.5,74,2,5,3
16.03.2019 03:00:00,11.0,49.0,16.8,0,0.2,0,0.5,3.3,3.8,31.0,0,69.0,2.0,0,191.0,167.0,1.8,1.7,74,3,5,3
16.03.2019 04:00:00,14.0,70.0,19.6,0,0.2,0,0.6,2.9,3.5,53.0,0,48.0,2.3,0,80.0,77.0,4.4,3.1,74,4,5,3
16.03.2019 05:00:00,15.0,70.0,19.5,0,0.19,0,0.5,3.0,3.5,49.0,0,48.0,2.6,0,105.0,192.0,1.9,1.6,74,5,5,3
16.03.2019 06:00:00,11.0,53.0,18.2,0,0.21,0,0.5,6.2,6.8,41.0,0,56.0,5.9,0,191.0,197.0,2.0,1.9,74,6,5,3
16.03.2019 07:00:00,12.0,46.0,18.0,0,0.25,0,0.9,11.0,12.0,29.0,0,56.0,6.1,0,195.0,197.0,2.3,1.7,74,7,5,3
16.03.2019 08:00:00,13.0,53.0,18.6,0,0.24,0,1.1,11.0,12.0,37.0,0,50.0,6.2,0,174.0,143.0,2.7,1.8,74,8,5,3
16.03.2019 09:00:00,12.0,69.0,20.0,0,0.21,0,0.9,5.4,6.3,47.0,0,43.0,3.2,0,117.0,127.0,3.6,3.5,74,9,5,3
16.03.2019 10:00:00,12.0,69.0,20.3,0,0.21,0,1.0,5.6,6.6,43.0,0,43.0,3.7,0,114.0,110.0,4.8,5.3,74,10,5,3
16.03.2019 11:00:00,14.0,70.0,20.3,0,0.21,0,0.8,5.7,6.5,45.0,0,46.0,2.2,0,115.0,119.0,5.3,3.6,74,11,5,3
16.03.2019 12:00:00,16.0,70.0,20.5,0,0.21,0,0.7,5.4,6.1,48.0,0,48.0,2.0,0,93.0,83.0,4.8,3.5,74,12,5,3
16.03.2019 13:00:00,16.0,72.0,20.6,0,0.23,0,0.7,5.7,6.4,58.0,0,52.0,1.5,0,86.0,105.0,3.3,3.2,74,13,5,3
16.03.2019 14:00:00,15.0,76.0,20.4,0,0.24,0,0.7,5.2,5.9,61.0,0,55.0,1.6,0,93.0,87.0,4.3,3.7,74,14,5,3
16.03.2019 15:00:00,15.0,76.0,20.1,0,0.26,0,0.8,6.1,6.9,55.0,0,59.0,1.5,0,84.0,75.0,2.1,2.6,74,15,5,3
16.03.2019 16:00:00,19.0,66.0,19.2,0,0.28,0,1.0,9.0,10.0,54.0,0,66.0,1.8,0,159.0,192.0,1.5,1.0,74,16,5,3
16.03.2019 17:00:00,19.0,50.0,18.0,0,0.3,0,0.9,13.0,14.0,43.0,0,75.0,2.5,0,197.0,190.0,2.5,2.1,74,17,5,3
16.03.2019 18:00:00,17.0,44.0,17.5,0,0.29,0,0.8,12.0,13.0,34.0,0,78.0,1.4,0,194.0,201.0,2.2,1.8,74,18,5,3
16.03.2019 19:00:00,17.0,37.0,16.6,0,0.28,0,1.1,9.9,11.0,30.0,0,86.0,0.8,0,205.0,218.0,3.8,2.9,74,19,5,3
16.03.2019 20:00:00,16.0,38.0,16.3,0,0.24,0,1.0,7.3,8.3,28.0,0,88.0,0.9,0,213.0,212.0,4.2,3.9,74,20,5,3
16.03.2019 21:00:00,18.0,41.0,17.0,0,0.23,0,0.8,7.6,8.4,30.0,0,86.0,1.5,0,191.0,148.0,1.8,1.9,74,21,5,3
16.03.2019 22:00:00,20.0,51.0,18.1,0,0.23,0,0.9,5.9,6.8,32.0,0,83.0,0.6,0,150.0,195.0,2.2,1.6,74,22,5,3
16.03.2019 23:00:00,19.0,33.0,17.0,0,0.23,0,0.9,6.6,7.5,31.0,0.4,90.0,0.4,0,200.0,201.0,2.6,2.3,74,23,5,3
16.03.2019 24:00:00,16.0,35.0,16.9,0,0.22,0,0.9,5.1,6.0,30.0,0,92.0,0.0,0,213.0,224.0,3.4,2.9,74,24,5,3
17.03.2019 01:00:00,15.0,40.0,17.1,0,0.22,0,0.8,4.0,4.8,27.0,0.2,92.0,1.2,0,214.0,213.0,3.4,3.0,75,1,6,3
17.03.2019 02:00:00,15.0,39.0,17.1,0,0.21,0,0.7,2.3,2.9,26.0,0,93.0,1.6,0,208.0,201.0,2.6,2.8,75,2,6,3
17.03.2019 03:00:00,15.0,37.0,17.1,0,0.21,0,0.7,2.2,2.9,24.0,0,93.0,1.7,0,204.0,196.0,2.8,2.4,75,3,6,3
17.03.2019 04:00:00,14.0,38.0,17.4,0,0.21,0,0.7,2.1,2.7,27.0,1.0,93.0,1.5,0,196.0,219.0,2.8,2.0,75,4,6,3
17.03.2019 05:00:00,14.0,33.0,17.1,0,0.21,0,0.8,3.1,3.9,29.0,0.2,95.0,1.3,0,214.0,215.0,2.9,2.7,75,5,6,3
17.03.2019 06:00:00,14.0,29.0,17.0,0,0.22,0,1.1,4.3,5.4,20.0,0,95.0,1.3,0,211.0,207.0,2.8,2.9,75,6,6,3
17.03.2019 07:00:00,15.0,27.0,17.1,0,0.23,0,0.9,4.3,5.2,18.0,0,94.0,1.1,0,213.0,213.0,3.0,3.0,75,7,6,3
17.03.2019 08:00:00,14.0,28.0,17.3,0,0.25,0,0.9,5.4,6.3,24.0,0,94.0,1.0,0,214.0,207.0,2.0,2.5,75,8,6,3
17.03.2019 09:00:00,14.0,31.0,18.1,0,0.26,0,1.5,6.2,7.7,20.0,0,92.0,1.2,0,215.0,219.0,1.5,2.0,75,9,6,3
17.03.2019 10:00:00,15.0,43.0,19.5,0,0.3,0,1.4,11.0,13.0,25.0,0,86.0,1.8,0,17.0,34.0,0.7,0.3,75,10,6,3
17.03.2019 11:00:00,15.0,55.0,20.0,0,0.25,0,1.2,9.4,11.0,23.0,0,85.0,1.6,0,102.0,83.0,2.3,1.3,75,11,6,3
17.03.2019 12:00:00,12.0,63.0,20.2,0,0.22,0,1.0,4.6,5.5,14.0,0,89.0,0.9,0,78.0,68.0,2.9,2.4,75,12,6,3
17.03.2019 13:00:00,9.0,59.0,20.4,0,0.23,0,1.2,6.8,8.0,18.0,0,89.0,0.9,0,94.0,79.0,3.4,2.3,75,13,6,3
17.03.2019 14:00:00,7.0,61.0,20.1,0,0.22,0,1.1,7.0,8.1,21.0,0,90.0,0.9,0,88.0,88.0,2.3,2.8,75,14,6,3
17.03.2019 15:00:00,11.0,62.0,19.9,0,0.22,0,1.3,6.7,8.0,24.0,0,91.0,0.6,0,89.0,64.0,2.8,2.3,75,15,6,3
17.03.2019 16:00:00,11.0,62.0,19.6,0,0.22,0,1.0,6.0,7.0,21.0,0,93.0,0.4,0,102.0,83.0,2.2,2.0,75,16,6,3
17.03.2019 17:00:00,11.0,65.0,19.6,0,0.21,0,0.9,4.4,5.3,26.0,0,94.0,0.2,0,79.0,88.0,2.8,3.0,75,17,6,3
17.03.2019 18:00:00,11.0,64.0,19.6,0,0.21,0,0.8,5.7,6.5,21.0,0,94.0,1.0,0,70.0,61.0,4.9,3.5,75,18,6,3
17.03.2019 19:00:00,11.0,66.0,19.4,0,0.21,0,0.8,3.8,4.5,31.0,2.8,95.0,0.4,0,63.0,54.0,3.2,3.6,75,19,6,3
17.03.2019 20:00:00,14.0,66.0,19.4,0,0.21,0,0.7,3.6,4.3,33.0,4.4,94.0,0.4,0,70.0,72.0,3.8,3.3,75,20,6,3
17.03.2019 21:00:00,14.0,66.0,19.1,0,0.2,0,0.9,3.4,4.3,35.0,0.4,95.0,0.8,0,57.0,51.0,3.8,3.4,75,21,6,3
17.03.2019 22:00:00,11.0,66.0,19.3,0,0.2,0,0.8,2.6,3.3,36.0,0.4,95.0,0.2,0,46.0,18.0,1.5,3.0,75,22,6,3
17.03.2019 23:00:00,12.0,63.0,19.5,0,0.21,0,0.7,4.7,5.4,32.0,3.4,96.0,0.8,0,46.0,61.0,3.4,2.3,75,23,6,3
17.03.2019 24:00:00,12.0,65.0,19.4,0,0.19,0,0.8,2.2,3.0,33.0,0.4,96.0,-0.3,0,77.0,98.0,1.8,2.2,75,24,6,3
18.03.2019 01:00:00,10.0,64.0,19.3,0,0.18,0,0.7,2.1,2.8,27.0,0.4,95.0,1.8,0,120.0,163.0,0.9,0.7,76,1,0,3
18.03.2019 02:00:00,8.0,58.0,19.3,0,0.18,0,0.7,1.3,2.0,27.0,0.4,95.0,1.9,0,204.0,215.0,2.2,0.8,76,2,0,3
18.03.2019 03:00:00,11.0,51.0,19.1,0,0.18,0,0.6,2.2,2.9,19.0,1.2,96.0,2.2,0,218.0,215.0,2.2,1.5,76,3,0,3
18.03.2019 04:00:00,12.0,43.0,19.1,0,0.18,0,0.5,2.4,3.0,19.0,0,96.0,1.8,0,213.0,216.0,2.0,1.9,76,4,0,3
18.03.2019 05:00:00,10.0,37.0,19.1,0,0.18,0,0.5,2.2,2.7,20.0,0,96.0,1.3,0,215.0,222.0,2.5,2.4,76,5,0,3
18.03.2019 06:00:00,8.0,34.0,19.2,0,0.19,0,0.5,2.5,2.9,14.0,0,95.0,0.9,0,218.0,221.0,1.9,2.1,76,6,0,3
18.03.2019 07:00:00,8.0,23.0,19.3,0,0.25,0,1.6,9.5,11.0,13.0,0,95.0,0.9,0,215.0,213.0,3.4,2.2,76,7,0,3
18.03.2019 08:00:00,10.0,23.0,19.5,0,0.34,0,3.4,16.0,20.0,17.0,0,95.0,1.9,0,222.0,224.0,1.0,0.8,76,8,0,3
18.03.2019 09:00:00,10.0,22.0,19.7,0,0.34,0,2.9,15.0,18.0,16.0,0,94.0,1.9,0,212.0,187.0,1.0,1.7,76,9,0,3
18.03.2019 10:00:00,11.0,27.0,20.7,0,0.35,0,2.9,13.0,15.0,18.0,0,91.0,1.3,0,221.0,244.0,1.8,1.8,76,10,0,3
18.03.2019 11:00:00,15.0,33.0,22.0,0,0.39,0,3.2,15.0,19.0,34.0,0,83.0,1.2,0,350.0,27.0,1.9,0.9,76,11,0,3
18.03.2019 12:00:00,18.0,37.0,21.8,0,0.36,0,2.7,13.0,16.0,41.0,0,85.0,1.6,0,39.0,37.0,1.9,1.5,76,12,0,3
18.03.2019 13:00:00,19.0,53.0,22.4,0,0.3,0,1.6,7.4,8.9,41.0,0,84.0,1.1,0,8.0,355.0,4.9,3.2,76,13,0,3
18.03.2019 14:00:00,22.0,62.0,21.9,0,0.25,0,1.1,6.2,7.3,55.0,0,87.0,0.3,0,4.5,19.0,2.8,3.5,76,14,0,3
18.03.2019 15:00:00,25.0,67.0,23.3,0,0.28,0,1.1,6.5,7.6,52.0,0,77.0,0.2,0,260.0,259.0,3.6,1.5,76,15,0,3
18.03.2019 16:00:00,24.0,65.0,23.3,0,0.26,0,1.0,6.7,7.8,44.0,0,76.0,-0.1,0,349.0,21.0,2.6,2.3,76,16,0,3
18.03.2019 17:00:00,22.0,67.0,21.9,0,0.26,0,0.5,5.4,5.9,53.0,0,83.0,1.934,0,24.0,19.0,2.0,1.7,76,17,0,3
18.03.2019 18:00:00,21.0,63.0,21.4,0,0.28,0,0.8,8.9,9.7,51.0,0,85.0,1.933,0,20.0,0.1,2.6,1.8,76,18,0,3
18.03.2019 19:00:00,20.0,58.0,20.9,0,0.3,0,0.8,8.8,9.5,47.0,0,87.0,1.932,0,52.0,236.0,0.6,0.3,76,19,0,3
18.03.2019 20:00:00,28.0,26.0,20.4,0,0.4,0,2.5,23.0,26.0,64.0,0,90.0,0.2,0,187.0,186.0,0.8,0.4,76,20,0,3
18.03.2019 21:00:00,30.0,18.0,19.8,0,0.4,0,0.4,19.0,20.0,43.0,0,92.0,-0.4,0,202.0,199.0,0.5,0.9,76,21,0,3
18.03.2019 22:00:00,24.0,57.0,20.1,0,0.25,0,-0.5,6.1,5.6,41.0,0,90.0,-0.3,0,3.6,19.0,3.2,2.2,76,22,0,3
18.03.2019 23:00:00,19.0,65.0,19.9,0,0.21,0,0.5,2.5,3.0,39.0,0,89.0,1.942,0,18.0,13.0,1.8,2.1,76,23,0,3
18.03.2019 24:00:00,15.0,63.0,19.8,0,0.21,0,0.6,3.4,4.0,37.0,0,89.0,1.941,0,16.0,34.0,2.1,1.6,76,24,0,3
19.03.2019 01:00:00,18.0,62.0,19.7,0,0.2,0,0.7,3.2,3.9,29.0,0,89.0,2.0,0,17.0,358.0,1.5,2.3,77,1,1,3
19.03.2019 02:00:00,19.0,56.0,19.5,0,0.19,0,0.5,1.7,2.2,30.0,0,89.0,1.9,0,255.0,210.0,0.8,0.2,77,2,1,3
19.03.2019 03:00:00,18.0,47.0,19.2,0,0.2,0,0.4,2.5,2.9,26.0,0,91.0,1.5,0,291.0,344.0,0.5,0.3,77,3,1,3
19.03.2019 04:00:00,15.0,53.0,19.5,0,0.21,0,0.7,2.6,3.3,30.0,0,89.0,1.4,0,3.1,20.0,2.3,0.9,77,4,1,3
19.03.2019 05:00:00,17.0,61.0,19.5,0,0.2,0,0.7,1.7,2.4,37.0,0,86.0,1.3,0,3.4,357.0,2.5,2.4,77,5,1,3
19.03.2019 06:00:00,19.0,63.0,19.6,0,0.22,0,0.7,2.0,2.6,37.0,0,84.0,1.0,0,19.0,22.0,3.4,2.6,77,6,1,3
19.03.2019 07:00:00,15.0,60.0,19.7,0,0.24,0,0.8,4.6,5.4,29.0,0,84.0,1.1,0,27.0,27.0,2.7,2.6,77,7,1,3
19.03.2019 08:00:00,16.0,56.0,19.8,0,0.28,0,0.9,6.4,7.3,28.0,0,83.0,0.7,0,30.0,37.0,2.9,2.5,77,8,1,3
19.03.2019 09:00:00,15.0,54.0,20.1,0,0.25,0,0.8,6.7,7.6,32.0,0,83.0,0.6,0,24.0,21.0,3.0,2.4,77,9,1,3
19.03.2019 10:00:00,11.0,55.0,20.8,0,0.25,0,1.0,6.2,7.2,22.0,0,81.0,0.5,0,16.0,22.0,2.7,2.3,77,10,1,3
19.03.2019 11:00:00,10.0,51.0,21.0,0,0.26,0,1.1,8.8,10.0,28.0,0,81.0,0.5,0,355.0,334.0,2.8,2.3,77,11,1,3
19.03.2019 12:00:00,9.0,55.0,20.9,0,0.24,0,1.0,3.7,4.6,18.0,0,81.0,0.1,0,27.0,50.0,5.9,2.9,77,12,1,3
19.03.2019 13:00:00,11.0,58.0,21.0,0,0.25,0,0.6,1.9,2.5,23.0,0,76.0,0.2,0,50.0,51.0,4.5,5.2,77,13,1,3
19.03.2019 14:00:00,14.0,58.0,21.0,0,0.25,0,0.9,4.7,5.6,31.0,0,76.0,0.8,0,57.0,55.0,4.0,3.8,77,14,1,3
19.03.2019 15:00:00,15.0,56.0,21.1,0,0.25,0,1.2,6.3,7.5,27.0,0,77.0,0.6,0,71.0,69.0,3.7,3.0,77,15,1,3
19.03.2019 16:00:00,15.0,58.0,21.0,0,0.26,0,0.7,5.1,5.7,31.0,0,79.0,0.7,0,84.0,72.0,3.2,2.4,77,16,1,3
19.03.2019 17:00:00,14.0,59.0,21.0,0,0.27,0,0.6,4.6,5.2,36.0,0,80.0,1.0,0,103.0,117.0,2.3,1.6,77,17,1,3
19.03.2019 18:00:00,15.0,57.0,20.8,0,0.27,0,0.5,4.0,4.5,28.0,0,83.0,1.4,0,115.0,120.0,2.5,2.7,77,18,1,3
19.03.2019 19:00:00,13.0,57.0,20.7,0,0.26,0,0.4,3.6,3.9,30.0,0,85.0,1.5,0,123.0,131.0,2.0,2.2,77,19,1,3
19.03.2019 20:00:00,11.0,41.0,20.6,0,0.33,0,0.6,12.0,13.0,31.0,0,86.0,2.9,0,167.0,210.0,0.5,0.6,77,20,1,3
19.03.2019 21:00:00,14.0,28.0,20.4,0,0.36,0,0.9,15.0,16.0,28.0,0,88.0,3.0,0,199.0,211.0,1.3,1.0,77,21,1,3
19.03.2019 22:00:00,14.0,36.0,20.7,0,0.3,0,0.2,9.5,9.7,19.0,0,87.0,3.1,0,183.0,189.0,1.2,1.0,77,22,1,3
19.03.2019 23:00:00,11.0,25.0,20.1,0,0.3,0,0.3,7.9,8.2,18.0,0,90.0,2.4,0,206.0,207.0,3.3,2.4,77,23,1,3
19.03.2019 24:00:00,11.0,28.0,19.4,0,0.28,0,0.5,4.4,4.9,11.0,0,92.0,2.2,0,209.0,209.0,3.9,3.6,77,24,1,3
20.03.2019 01:00:00,10.0,29.0,19.2,0,0.26,0,0.6,2.6,3.2,6.0,0,91.0,1.7,0,210.0,216.0,4.1,3.5,78,1,2,3
20.03.2019 02:00:00,8.0,36.0,19.9,0,0.26,0,0.4,1.0,1.4,9.0,0,88.0,2.0,0,212.0,217.0,5.1,4.5,78,2,2,3
20.03.2019 03:00:00,9.0,37.0,20.1,0,0.26,0,0.1,0.7,0.8,10.0,0,86.0,1.6,0,212.0,212.0,5.0,5.2,78,3,2,3
20.03.2019 04:00:00,9.0,38.0,20.2,0,0.26,0,0.4,0.7,1.1,35.0,0,85.0,1.6,0,219.0,219.0,5.6,5.1,78,4,2,3
20.03.2019 05:00:00,11.0,40.0,20.8,0,0.26,0,0.1,0.8,0.9,13.0,0,83.0,1.5,0,216.0,217.0,6.0,5.7,78,5,2,3
20.03.2019 06:00:00,11.0,42.0,21.8,0,0.27,0,0.1,1.2,1.2,16.0,0,79.0,1.9,0,220.0,228.0,4.8,4.5,78,6,2,3
20.03.2019 07:00:00,11.0,35.0,21.1,0,0.29,0,0.3,2.0,2.3,15.0,0,83.0,1.7,0,224.0,231.0,5.0,4.1,78,7,2,3
20.03.2019 08:00:00,14.0,38.0,22.4,0,0.31,0,0.2,3.0,3.3,16.0,0,78.0,1.8,0,216.0,219.0,3.2,4.2,78,8,2,3
20.03.2019 09:00:00,17.0,34.0,24.4,0,0.39,0,1.2,6.7,7.9,23.0,0,73.0,2.3,0,175.0,216.0,1.1,1.2,78,9,2,3
20.03.2019 10:00:00,14.0,41.0,25.2,0,0.37,0,2.3,9.7,12.0,23.0,0,70.0,2.9,0,353.0,353.0,4.7,2.7,78,10,2,3
20.03.2019 11:00:00,11.0,47.0,25.0,0,0.38,0,1.6,9.4,11.0,37.0,0,72.0,3.7,0,10.0,26.0,3.1,3.5,78,11,2,3
20.03.2019 12:00:00,22.0,55.0,25.2,0,0.49,0,2.8,18.0,21.0,59.0,0,74.0,5.2,0,31.0,36.0,2.5,2.4,78,12,2,3
20.03.2019 13:00:00,31.0,72.0,25.7,0,0.43,0,1.1,12.0,13.0,59.0,0,72.0,4.3,0,30.0,40.0,2.6,2.6,78,13,2,3
20.03.2019 14:00:00,35.0,89.0,25.0,0,0.44,0,0.8,10.0,11.0,79.0,0,77.0,4.1,0,37.0,17.0,1.8,1.9,78,14,2,3
20.03.2019 15:00:00,41.0,101.0,25.0,0,0.45,0,0.6,10.0,11.0,76.0,0,76.0,4.0,0,31.0,47.0,1.7,1.5,78,15,2,3
20.03.2019 16:00:00,41.0,97.0,24.6,0,0.39,0,0.6,7.0,7.6,85.0,0,79.0,3.5,0,37.0,17.0,1.2,1.5,78,16,2,3
20.03.2019 17:00:00,36.0,79.0,24.5,0,0.37,0,0.5,14.0,15.0,85.0,0,78.0,4.7,0,27.0,56.0,0.7,1.0,78,17,2,3
20.03.2019 18:00:00,29.0,67.0,24.8,0,0.41,0,0.1,11.0,12.0,58.0,0,76.0,3.2,0,44.0,115.0,0.7,0.4,78,18,2,3
20.03.2019 19:00:00,27.0,35.0,23.4,0,0.5,0,0.2,17.0,17.0,56.0,0,85.0,1.6,0,208.0,211.0,2.9,1.8,78,19,2,3
20.03.2019 20:00:00,28.0,38.0,23.0,0,0.41,0,-0.1,9.0,8.9,43.0,0,86.0,1.8,0,220.0,223.0,2.3,2.8,78,20,2,3
20.03.2019 21:00:00,27.0,40.0,23.4,0,0.43,0,-0.1,11.0,11.0,50.0,0,84.0,2.4,0,207.0,193.0,1.1,1.6,78,21,2,3
20.03.2019 22:00:00,29.0,24.0,23.6,0,0.53,0,0.4,18.0,19.0,50.0,0,85.0,2.4,0,184.0,181.0,0.5,0.3,78,22,2,3
20.03.2019 23:00:00,33.0,21.0,23.6,0,0.53,0,1.6,22.0,24.0,72.0,0,86.0,2.9,0,341.0,345.0,0.9,0.4,78,23,2,3
20.03.2019 24:00:00,34.0,17.0,23.1,0,0.53,0,-0.3,16.0,16.0,66.0,0,90.0,2.4,0,210.0,205.0,1.8,1.5,78,24,2,3
21.03.2019 01:00:00,36.0,14.0,22.2,0,0.52,0,1.284,10.304,12.103,58.0,0,93.0,2.5,0,200.0,210.0,2.1,1.7,79,1,3,3
21.03.2019 02:00:00,32.0,12.0,21.7,0,0.45,0,0.5,7.3,7.8,51.0,0,94.0,3.0,0,204.0,203.0,1.1,1.5,79,2,3,3
21.03.2019 03:00:00,29.0,9.7,21.6,0,0.45,0,0.4,6.8,7.2,52.0,0,94.0,2.8,0,204.0,209.0,1.5,1.5,79,3,3,3
21.03.2019 04:00:00,30.0,8.1,21.3,0,0.43,0,-0.1,6.7,6.6,49.0,0,95.0,2.8,0,200.0,190.0,0.5,0.7,79,4,3,3
21.03.2019 05:00:00,31.0,12.0,22.2,0,0.51,0,-0.2,11.0,11.0,62.0,0,93.0,3.7,0,165.0,165.0,0.5,0.2,79,5,3,3
21.03.2019 06:00:00,26.0,20.0,23.4,0,0.38,0,-0.1,9.6,9.5,51.0,0,84.0,4.8,0,213.0,207.0,2.0,0.7,79,6,3,3
21.03.2019 07:00:00,19.0,23.0,24.5,0,0.32,0,1.6,9.0,11.0,51.0,0,76.0,5.4,0,208.0,195.0,2.3,0.8,79,7,3,3
21.03.2019 08:00:00,24.0,16.0,24.4,0,0.48,0,4.8,13.0,17.0,47.0,0,80.0,5.9,0,203.0,211.0,1.7,2.1,79,8,3,3
21.03.2019 09:00:00,28.0,21.0,26.0,0,0.48,0,5.5,12.0,17.0,40.0,0,73.0,6.1,0,169.0,70.0,2.5,1.0,79,9,3,3
21.03.2019 10:00:00,27.0,31.0,27.2,0,0.45,0,5.8,18.0,24.0,47.0,0,68.0,7.2,0,86.0,57.0,3.1,2.7,79,10,3,3
21.03.2019 11:00:00,32.0,39.0,25.4,0,0.41,0,5.5,16.0,22.0,65.0,0,76.0,8.1,0,18.0,20.0,1.3,2.0,79,11,3,3
21.03.2019 12:00:00,36.0,56.0,25.7,0,0.39,0,3.3,9.7,13.0,67.0,0,75.0,7.0,0,26.0,36.0,2.7,2.0,79,12,3,3
21.03.2019 13:00:00,32.0,67.0,26.8,0,0.39,0,2.5,5.8,8.4,63.0,0,72.0,5.3,0,20.0,33.0,3.2,3.7,79,13,3,3
21.03.2019 14:00:00,28.0,61.0,25.9,0,0.0,0,1.281,10.37,12.474,66.0,0,79.0,2.045,0,49.0,48.0,2.4,2.8,79,14,3,3
21.03.2019 15:00:00,21.056,47.299,27.8,0,0.28,0,3.6,7.1,11.0,40.833,0,72.0,2.044,0,97.0,117.0,2.4,1.9,79,15,3,3
21.03.2019 16:00:00,16.0,49.0,27.2,0,0.23,0,3.3,6.9,10.0,45.0,0,77.0,2.044,0,124.0,142.0,2.5,2.7,79,16,3,3
21.03.2019 17:00:00,19.0,45.0,25.8,0,0.23,0,3.3,8.5,12.0,56.0,0,83.0,3.7,0,116.0,120.0,2.2,2.4,79,17,3,3
21.03.2019 18:00:00,15.0,40.0,24.9,0,0.22,0,2.9,9.5,12.0,57.0,0,87.0,4.0,0,111.0,103.0,2.3,2.3,79,18,3,3
21.03.2019 19:00:00,15.0,41.0,24.1,0,0.22,0,2.1,8.7,11.0,58.0,0,90.0,1.0,0,54.0,10.0,1.1,1.2,79,19,3,3
21.03.2019 20:00:00,19.0,37.0,24.0,0,0.2,0,2.1,6.4,8.5,53.0,0,91.0,0.9,0,228.0,216.0,2.0,0.3,79,20,3,3
21.03.2019 21:00:00,17.0,25.0,23.9,0,0.25,0,2.1,8.8,11.0,47.0,0,91.0,0.3,0,231.0,5.1,2.3,0.6,79,21,3,3
21.03.2019 22:00:00,16.0,27.0,22.6,0,0.18,0,1.6,5.5,7.1,48.0,0,93.0,-0.1,0,358.0,355.0,3.7,2.7,79,22,3,3
21.03.2019 23:00:00,18.0,28.0,22.3,0,0.19,0,1.7,4.3,6.0,39.0,0,91.0,-0.4,0,353.0,316.0,1.6,2.9,79,23,3,3
21.03.2019 24:00:00,18.0,32.0,22.4,0,0.2,0,1.9,3.5,5.4,39.0,0,89.0,2.06,0,343.0,332.0,2.3,2.3,79,24,3,3
22.03.2019 01:00:00,15.0,33.0,22.4,0,0.21,0,2.1,3.6,5.7,33.0,0,87.0,2.06,0,330.0,326.0,0.5,1.0,80,1,4,3
22.03.2019 02:00:00,15.0,31.0,22.4,0,0.21,0,1.2,2.6,3.7,31.0,0,87.0,2.06,0,306.0,299.0,1.5,0.5,80,2,4,3
22.03.2019 03:00:00,16.0,43.0,22.2,0,0.27,0,0.9,2.3,3.1,57.0,0,89.0,2.061,0,348.0,332.0,2.6,2.4,80,3,4,3
22.03.2019 04:00:00,18.0,50.0,21.4,0,0.29,0,1.2,2.5,3.7,75.0,0,90.0,2.062,0,355.0,355.0,2.4,2.8,80,4,4,3
22.03.2019 05:00:00,19.0,52.0,21.1,0,0.28,0,1.2,2.3,3.4,88.0,0,90.0,2.063,0,350.0,6.8,4.3,2.5,80,5,4,3
22.03.2019 06:00:00,18.0,58.0,20.5,0,0.25,0,1.4,1.8,3.2,92.0,0.2,89.0,2.064,0,19.0,21.0,7.5,6.0,80,6,4,3
22.03.2019 07:00:00,16.0,58.0,20.5,0,0.24,0,1.5,2.8,4.3,96.0,0.2,88.0,2.079,0,29.0,43.0,5.2,4.7,80,7,4,3
22.03.2019 08:00:00,19.0,57.0,20.6,0,0.23,0,1.5,3.1,4.6,88.0,0,87.0,2.08,0,47.0,46.0,5.7,6.0,80,8,4,3
22.03.2019 09:00:00,20.0,57.0,20.8,0,0.21,0,1.5,2.3,3.8,74.0,0,86.0,2.081,0,50.0,49.0,5.9,6.1,80,9,4,3
22.03.2019 10:00:00,19.0,56.0,21.1,0,0.22,0,1.5,3.1,4.6,79.0,0,85.0,2.082,0,54.0,52.0,4.5,4.8,80,10,4,3
22.03.2019 11:00:00,17.0,56.0,21.0,0,0.25,0,1.7,5.7,7.4,83.0,2.6,89.0,2.083,0,31.0,26.0,4.5,4.2,80,11,4,3
22.03.2019 12:00:00,18.0,62.0,20.5,0,0.26,0,1.9,4.3,6.2,75.0,1.0,91.0,2.084,0,25.0,24.0,5.9,5.1,80,12,4,3
22.03.2019 13:00:00,15.0,63.0,20.3,0,0.26,0,1.9,4.1,6.0,79.0,1.0,90.0,2.086,0,26.0,23.0,8.9,5.9,80,13,4,3
22.03.2019 14:00:00,16.0,61.0,19.8,0,0.27,0,1.9,3.1,5.0,70.0,1.8,92.0,2.087,0,23.0,23.0,8.0,7.5,80,14,4,3
22.03.2019 15:00:00,19.0,55.0,19.0,0,0.25,0,1.9,3.3,5.1,61.0,1.6,94.0,2.088,0,23.0,29.0,4.8,7.6,80,15,4,3
22.03.2019 16:00:00,17.0,52.0,18.6,0,0.22,0,1.9,3.5,5.5,64.0,1.8,95.0,2.089,0,24.0,24.0,8.4,6.9,80,16,4,3
22.03.2019 17:00:00,15.0,52.0,18.3,0,0.21,0,1.9,3.0,4.9,55.0,1.4,95.0,2.09,0,24.0,25.0,7.4,7.7,80,17,4,3
22.03.2019 18:00:00,15.0,51.0,18.1,0,0.21,0,1.8,3.3,5.2,61.0,0.6,95.0,2.104,0,30.0,39.0,5.8,5.6,80,18,4,3
22.03.2019 19:00:00,12.0,52.0,18.0,0,0.2,0,1.7,2.8,4.5,57.0,1.4,94.0,2.105,0,36.0,24.0,8.1,5.6,80,19,4,3
22.03.2019 20:00:00,11.0,53.0,17.8,0,0.2,0,1.4,2.8,4.2,56.0,1.8,93.0,2.107,0,24.0,26.0,6.1,7.7,80,20,4,3
22.03.2019 21:00:00,11.0,54.0,17.7,0,0.2,0,1.7,2.7,4.4,53.0,0.2,92.0,2.108,0,32.0,23.0,7.1,5.5,80,21,4,3
22.03.2019 22:00:00,10.0,54.0,17.7,0,0.18,0,1.6,2.1,3.7,42.0,0.4,92.0,2.094,0,25.0,22.0,8.0,7.1,80,22,4,3
22.03.2019 23:00:00,6.0,53.0,17.3,0,0.17,0,1.6,1.8,3.4,37.0,0.6,93.0,2.095,0,23.0,21.0,9.6,9.2,80,23,4,3
22.03.2019 24:00:00,4.0,52.0,17.2,0,0.17,0,1.7,1.5,3.2,39.0,0.4,93.0,2.096,0,26.0,31.0,5.0,6.2,80,24,4,3
23.03.2019 01:00:00,5.0,52.0,17.2,0,0.17,0,1.4,1.7,3.1,47.0,0.4,92.0,2.098,0,32.0,37.0,5.6,5.5,81,1,5,3
23.03.2019 02:00:00,7.0,52.0,17.1,0,0.19,0,0.3,2.5,2.9,52.0,0,91.0,2.099,0,36.0,40.0,6.6,5.6,81,2,5,3
23.03.2019 03:00:00,6.0,53.0,17.0,0,0.18,0,0.3,2.0,2.3,47.0,0.2,91.0,2.1,0,32.0,36.0,7.3,6.1,81,3,5,3
23.03.2019 04:00:00,2.0,54.0,16.6,0,0.17,0,0.3,2.1,2.4,45.0,0.2,91.0,2.102,0,26.0,30.0,5.5,7.0,81,4,5,3
23.03.2019 05:00:00,5.0,55.0,16.7,0,0.18,0,0.4,2.0,2.5,57.0,0,88.0,2.103,0,26.0,25.0,9.6,6.3,81,5,5,3
23.03.2019 06:00:00,8.0,56.0,16.6,0,0.17,0,0.3,2.2,2.4,48.0,0.2,88.0,2.105,0,23.0,23.0,11.0,10.0,81,6,5,3
23.03.2019 07:00:00,9.0,55.0,16.8,0,0.16,0,0.5,2.2,2.7,67.0,0,81.0,2.107,0,27.0,24.0,8.6,7.1,81,7,5,3
23.03.2019 08:00:00,8.0,55.0,16.5,0,0.17,0,0.6,2.4,3.0,56.0,0,85.0,2.108,0,27.0,33.0,6.4,7.7,81,8,5,3
23.03.2019 09:00:00,9.0,55.0,16.3,0,0.17,0,0.6,3.4,4.0,55.0,0,85.0,2.11,0,34.0,35.0,6.5,6.3,81,9,5,3
23.03.2019 10:00:00,9.0,53.0,16.4,0,0.18,0,1.0,4.4,5.3,53.0,0,85.0,2.111,0,32.0,28.0,6.1,6.2,81,10,5,3
23.03.2019 11:00:00,9.0,52.0,16.6,0,0.17,0,1.2,4.9,6.1,68.0,0,83.0,2.113,0,30.0,38.0,5.5,5.4,81,11,5,3
23.03.2019 12:00:00,8.0,52.0,16.6,0,0.16,0,1.1,4.3,5.4,68.0,0,81.0,2.115,0,34.0,40.0,5.6,5.4,81,12,5,3
23.03.2019 13:00:00,7.0,52.0,16.9,0,0.17,0,1.2,4.4,5.6,83.0,0,78.0,2.116,0,38.0,35.0,5.8,5.2,81,13,5,3
23.03.2019 14:00:00,9.0,53.0,17.0,0,0.16,0,0.9,3.2,4.1,63.0,0,78.0,2.118,0,24.0,22.0,9.9,8.0,81,14,5,3
23.03.2019 15:00:00,11.0,54.0,16.6,0,0.16,0,0.6,3.0,3.6,61.0,0,80.0,2.12,0,23.0,22.0,10.0,8.3,81,15,5,3
23.03.2019 16:00:00,11.0,54.0,16.7,0,0.17,0,0.9,3.1,3.9,75.0,0,74.0,2.093,0,24.0,23.0,7.9,7.6,81,16,5,3
23.03.2019 17:00:00,10.0,56.0,17.0,0,0.17,0,0.6,2.3,2.9,70.0,0,73.0,2.094,0,24.0,24.0,8.2,7.8,81,17,5,3
23.03.2019 18:00:00,11.0,56.0,16.9,0,0.17,0,0.7,2.7,3.4,68.0,0,74.0,2.096,0,35.0,43.0,7.2,6.3,81,18,5,3
23.03.2019 19:00:00,15.0,56.0,16.8,0,0.18,0,0.7,2.8,3.5,79.0,0,74.0,2.098,0,29.0,45.0,7.4,7.1,81,19,5,3
23.03.2019 20:00:00,13.0,60.0,16.7,0,0.18,0,0.4,2.5,2.8,71.0,0,71.0,2.099,0,38.0,48.0,11.0,7.7,81,20,5,3
23.03.2019 21:00:00,12.0,62.0,17.0,0,0.19,0,0.7,2.6,3.3,77.0,0,72.0,2.101,0,41.0,40.0,9.9,7.5,81,21,5,3
23.03.2019 22:00:00,14.0,64.0,16.9,0,0.18,0,0.4,2.3,2.7,58.0,0,69.0,2.102,0,47.0,44.0,7.7,8.8,81,22,5,3
23.03.2019 23:00:00,11.0,63.0,16.6,0,0.19,0,0.5,2.8,3.2,76.0,0.4,76.0,2.104,0,36.0,31.0,5.9,5.9,81,23,5,3
23.03.2019 24:00:00,11.0,64.0,15.8,0,0.19,0,0.4,2.6,2.9,57.0,2.0,85.0,2.106,0,47.0,52.0,9.0,7.7,81,24,5,3
24.03.2019 01:00:00,12.0,64.0,15.7,0,0.18,0,0.4,2.2,2.5,42.0,0.2,85.0,2.107,0,50.0,52.0,7.5,9.0,82,1,6,3
24.03.2019 02:00:00,11.0,63.0,16.0,0,0.18,0,0.5,1.4,1.9,53.0,0,80.0,2.109,0,52.0,49.0,8.9,7.6,82,2,6,3
24.03.2019 03:00:00,13.0,65.0,16.3,0,0.2,0,0.3,1.5,1.8,51.0,0.2,78.0,2.097,0,49.0,46.0,8.7,9.0,82,3,6,3
24.03.2019 04:00:00,14.0,67.0,16.4,0,0.2,0,0.5,1.4,1.9,48.0,0,77.0,2.099,0,48.0,49.0,9.2,8.9,82,4,6,3
24.03.2019 05:00:00,13.0,66.0,16.8,0,0.2,0,0.3,1.4,1.7,55.0,0.2,75.0,2.101,0,55.0,66.0,6.0,7.3,82,5,6,3
24.03.2019 06:00:00,12.0,65.0,16.9,0,0.2,0,0.3,1.6,2.0,46.0,1.4,74.0,2.103,0,76.0,106.0,2.9,3.9,82,6,6,3
24.03.2019 07:00:00,13.0,64.0,17.6,0,0.21,0,0.4,2.0,2.5,53.0,0,70.0,2.105,0,75.0,78.0,4.2,3.6,82,7,6,3
24.03.2019 08:00:00,11.0,63.0,18.1,0,0.21,0,0.8,2.7,3.4,47.0,0,70.0,2.107,0,86.0,74.0,4.1,3.7,82,8,6,3
24.03.2019 09:00:00,10.0,62.0,18.4,0,0.22,0,0.8,3.5,4.3,53.0,0,74.0,2.109,0,88.0,72.0,3.6,3.9,82,9,6,3
24.03.2019 10:00:00,13.0,47.0,17.7,0,0.28,0,0.9,11.0,12.0,34.0,0.2,80.0,2.111,0,180.0,196.0,1.9,1.6,82,10,6,3
24.03.2019 11:00:00,11.0,36.0,17.3,0,0.29,0,1.6,11.0,13.0,27.0,0,87.0,2.113,0,210.0,208.0,3.1,2.1,82,11,6,3
24.03.2019 12:00:00,9.0,29.0,17.0,0,0.3,0,1.8,12.0,14.0,20.0,0.2,92.0,2.115,0,211.0,197.0,2.5,2.4,82,12,6,3
24.03.2019 13:00:00,8.0,56.0,18.2,0,0.24,0,1.1,4.5,5.6,40.0,0,88.0,2.047,0,55.0,55.0,8.0,5.0,82,13,6,3
24.03.2019 14:00:00,11.0,65.0,18.5,0,0.21,0,0.7,2.0,2.7,33.0,0.4,90.0,2.049,0,51.0,51.0,8.4,8.6,82,14,6,3
24.03.2019 15:00:00,12.0,57.0,18.6,0,0.23,0,0.8,4.9,5.7,33.0,1.2,90.0,2.051,0,76.0,45.0,1.9,1.5,82,15,6,3
24.03.2019 16:00:00,10.0,56.0,19.0,0,0.22,0,0.7,4.5,5.2,41.0,0.2,88.0,2.053,0,66.0,139.0,1.0,2.1,82,16,6,3
24.03.2019 17:00:00,12.0,31.0,18.4,0,0.32,0,0.9,14.0,15.0,21.0,0.4,93.0,2.055,0,209.0,206.0,1.3,1.3,82,17,6,3
24.03.2019 18:00:00,11.0,30.0,18.1,0,0.3,0,1.2,9.8,11.0,23.0,0,95.0,2.057,0,217.0,223.0,2.5,1.5,82,18,6,3
24.03.2019 19:00:00,7.0,29.0,18.0,0,0.25,0,1.1,7.8,8.9,10.0,0.2,95.0,2.031,0,210.0,211.0,2.6,2.3,82,19,6,3
24.03.2019 20:00:00,34.0,27.0,18.0,0,0.3,0,1.4,9.8,11.0,93.0,0,95.0,2.046,0,212.0,208.0,1.8,2.1,82,20,6,3
24.03.2019 21:00:00,35.0,24.0,17.9,0,0.26,0,1.2,7.2,8.4,20.0,0,95.0,1.7,0,214.0,219.0,3.0,2.8,82,21,6,3
24.03.2019 22:00:00,11.0,30.0,18.0,0,0.24,0,1.1,5.2,6.3,16.0,0,95.0,1.5,0,213.0,210.0,2.9,3.0,82,22,6,3
24.03.2019 23:00:00,11.0,29.0,18.1,0,0.23,0,0.8,5.4,6.2,13.0,0,95.0,0.6,0,206.0,210.0,2.9,2.7,82,23,6,3
24.03.2019 24:00:00,8.0,32.0,18.1,0,0.21,0,0.5,3.6,4.1,10.0,0,95.0,-0.3,0,215.0,219.0,3.6,3.2,82,24,6,3
25.03.2019 01:00:00,7.0,34.0,18.2,0,0.2,0,0.4,2.1,2.5,10.0,0,94.0,2.1,0,216.0,220.0,2.3,2.9,83,1,0,3
25.03.2019 02:00:00,7.0,34.0,18.2,0,0.19,0,0.8,1.2,1.9,11.0,0,92.0,2.5,0,216.0,214.0,2.5,2.8,83,2,0,3
25.03.2019 03:00:00,4.0,34.0,18.3,0,0.2,0,0.6,1.2,1.9,9.0,0,90.0,2.9,0,220.0,227.0,1.5,2.6,83,3,0,3
25.03.2019 04:00:00,7.0,34.0,18.6,0,0.21,0,0.7,1.1,1.8,16.0,0,88.0,3.5,0,224.0,213.0,2.5,1.6,83,4,0,3
25.03.2019 05:00:00,10.0,26.0,18.0,0,0.23,0,0.8,1.6,2.3,8.0,0,92.0,3.6,0,215.0,214.0,3.0,3.0,83,5,0,3
25.03.2019 06:00:00,7.0,23.0,18.2,0,0.25,0,0.8,2.3,3.1,9.0,0,91.0,3.3,0,221.0,224.0,4.2,3.2,83,6,0,3
25.03.2019 07:00:00,7.0,23.0,18.6,0,0.27,0,1.1,3.7,4.7,8.0,0,89.0,3.6,0,223.0,226.0,2.3,2.7,83,7,0,3
25.03.2019 08:00:00,9.0,16.0,19.2,0,0.4,0,5.8,14.0,20.0,23.0,0,87.0,4.2,0,214.0,224.0,1.0,1.0,83,8,0,3
25.03.2019 09:00:00,11.0,21.0,19.6,0,0.39,0,2.5,12.0,15.0,23.0,5.6,89.0,4.2,0,224.0,164.0,4.4,0.7,83,9,0,3
25.03.2019 10:00:00,12.0,12.0,19.4,0,0.55,0,7.3,20.0,27.0,16.0,0.2,91.0,4.4,0,219.0,230.0,3.2,2.5,83,10,0,3
25.03.2019 11:00:00,13.0,27.0,20.0,0,0.36,0,3.4,14.0,18.0,24.0,0.6,91.0,3.9,0,307.0,339.0,1.3,1.5,83,11,0,3
25.03.2019 12:00:00,11.0,45.0,19.8,0,0.23,0,2.0,8.2,10.0,19.0,0.6,93.0,3.7,0,332.0,326.0,3.2,2.9,83,12,0,3
25.03.2019 13:00:00,8.0,50.0,19.2,0,0.19,0,1.7,6.9,8.5,11.0,5.4,93.0,3.6,0,337.0,348.0,4.8,3.7,83,13,0,3
25.03.2019 14:00:00,5.0,50.0,18.9,0,0.21,0,1.6,7.1,8.7,10.0,2.8,93.0,3.7,0,312.0,332.0,1.8,1.1,83,14,0,3
25.03.2019 15:00:00,4.0,53.0,19.3,0,0.23,0,1.5,6.4,7.9,14.0,0.2,91.0,3.6,0,336.0,336.0,4.7,2.9,83,15,0,3
25.03.2019 16:00:00,7.0,60.0,18.6,0,0.22,0,1.2,5.2,6.4,12.0,0,92.0,3.7,0,335.0,335.0,4.8,4.3,83,16,0,3
25.03.2019 17:00:00,10.0,59.0,18.3,0,0.25,0,1.2,6.2,7.3,17.0,0,93.0,3.8,0,337.0,340.0,4.2,3.5,83,17,0,3
25.03.2019 18:00:00,8.0,62.0,18.1,0,0.23,0,1.2,4.6,5.8,10.0,0,94.0,3.3,0,334.0,336.0,3.5,3.9,83,18,0,3
25.03.2019 19:00:00,7.0,61.0,18.1,0,0.24,0,1.0,4.3,5.3,15.0,0,94.0,3.5,0,329.0,321.0,2.6,3.0,83,19,0,3
25.03.2019 20:00:00,9.0,57.0,18.3,0,0.25,0,1.2,6.1,7.3,17.0,0,92.0,3.0,0,305.0,322.0,1.5,1.1,83,20,0,3
25.03.2019 21:00:00,11.0,57.0,18.6,0,0.25,0,1.1,4.5,5.6,22.0,0,91.0,2.8,0,309.0,317.0,1.1,1.3,83,21,0,3
25.03.2019 22:00:00,12.0,54.0,18.8,0,0.26,0,0.9,7.6,8.6,22.0,0,90.0,2.3,0,335.0,333.0,1.4,1.5,83,22,0,3
25.03.2019 23:00:00,10.0,61.0,18.9,0,0.24,0,0.7,2.7,3.4,25.0,0,87.0,2.2,0,12.0,21.0,4.4,2.8,83,23,0,3
25.03.2019 24:00:00,7.0,60.0,18.8,0,0.23,0,0.8,1.8,2.6,26.0,0,84.0,1.8,0,21.0,20.0,5.7,5.4,83,24,0,3
26.03.2019 01:00:00,7.0,58.0,18.7,0,0.23,0,0.7,1.2,1.9,37.0,0,83.0,2.2,0,20.0,357.0,1.2,3.2,84,1,1,3
26.03.2019 02:00:00,7.0,54.0,18.6,0,0.25,0,0.7,1.6,2.3,32.0,0,83.0,2.7,0,39.0,46.0,2.7,2.1,84,2,1,3
26.03.2019 03:00:00,8.0,55.0,18.9,0,0.27,0,0.6,1.4,2.0,35.0,0,80.0,2.7,0,37.0,37.0,2.5,2.3,84,3,1,3
26.03.2019 04:00:00,7.0,55.0,18.9,0,0.27,0,0.6,1.5,2.1,35.0,0,79.0,2.9,0,38.0,40.0,3.5,2.8,84,4,1,3
26.03.2019 05:00:00,9.0,57.0,18.9,0,0.28,0,0.8,1.6,2.4,46.0,0,80.0,2.6,0,43.0,42.0,4.6,3.5,84,5,1,3
26.03.2019 06:00:00,9.0,54.0,19.0,0,0.29,0,0.7,1.7,2.5,44.0,0,80.0,2.0,0,42.0,35.0,3.7,3.6,84,6,1,3
26.03.2019 07:00:00,9.0,54.0,19.3,0,0.29,0,0.6,2.1,2.8,37.0,0,79.0,1.8,0,48.0,49.0,5.6,5.0,84,7,1,3
26.03.2019 08:00:00,10.0,53.0,19.4,0,0.28,0,0.8,1.9,2.7,32.0,0,78.0,2.0,0,49.0,48.0,6.6,5.6,84,8,1,3
26.03.2019 09:00:00,9.0,53.0,19.3,0,0.28,0,0.8,2.3,3.1,39.0,0,77.0,1.6,0,47.0,47.0,6.1,5.9,84,9,1,3
26.03.2019 10:00:00,12.0,54.0,19.2,0,0.28,0,0.9,2.0,2.9,37.0,0,76.0,1.5,0,47.0,47.0,5.5,5.6,84,10,1,3
26.03.2019 11:00:00,10.472,55.0,19.4,0,0.28,0,1.284,10.014,12.28,36.208,0,74.0,2.094,0,48.0,46.0,4.5,4.9,84,11,1,3
26.03.2019 12:00:00,8.0,48.0,19.7,0,0.29,0,1.4,5.5,6.9,48.0,0,73.0,2.094,0,42.0,35.0,3.4,3.5,84,12,1,3
26.03.2019 13:00:00,10.0,54.0,19.9,0,0.28,0,1.6,5.2,6.8,55.0,0,74.0,1.4,0,30.0,35.0,3.0,3.6,84,13,1,3
26.03.2019 14:00:00,11.0,62.0,20.1,0,0.27,0,1.1,4.3,5.3,41.0,0,74.0,1.1,0,47.0,40.0,3.4,3.6,84,14,1,3
26.03.2019 15:00:00,15.0,65.0,20.3,0,0.27,0,1.4,5.0,6.5,38.0,0,73.0,1.5,0,53.0,53.0,4.0,3.7,84,15,1,3
26.03.2019 16:00:00,19.0,65.0,20.4,0,0.27,0,1.1,5.9,7.0,48.0,0,74.0,1.5,0,57.0,58.0,3.9,3.5,84,16,1,3
26.03.2019 17:00:00,17.0,64.0,20.4,0,0.27,0,1.1,6.4,7.5,41.0,0,74.0,1.2,0,68.0,78.0,3.1,3.2,84,17,1,3
26.03.2019 18:00:00,16.0,68.0,20.3,0,0.26,0,0.9,4.6,5.5,38.0,0,75.0,1.0,0,82.0,71.0,2.4,2.0,84,18,1,3
26.03.2019 19:00:00,18.0,70.0,20.4,0,0.25,0,0.8,3.9,4.7,47.0,0,77.0,0.9,0,72.0,66.0,2.5,2.1,84,19,1,3
26.03.2019 20:00:00,16.0,61.0,20.4,0,0.27,0,1.0,7.6,8.6,40.0,0,78.0,1.2,0,125.0,216.0,0.9,0.4,84,20,1,3
26.03.2019 21:00:00,16.0,46.0,19.9,0,0.29,0,0.8,9.0,9.8,33.0,0,83.0,0.9,0,205.0,191.0,1.7,1.3,84,21,1,3
26.03.2019 22:00:00,18.0,36.0,18.9,0,0.26,0,0.9,7.5,8.4,30.0,0,87.0,1.3,0,213.0,212.0,3.4,2.8,84,22,1,3
26.03.2019 23:00:00,17.0,33.0,18.1,0,0.25,0,0.8,4.8,5.7,22.0,0,90.0,1.2,0,213.0,211.0,3.6,3.6,84,23,1,3
26.03.2019 24:00:00,15.0,33.0,17.8,0,0.24,0,0.8,3.6,4.4,21.0,0,91.0,0.6,0,210.0,211.0,3.9,3.7,84,24,1,3
27.03.2019 01:00:00,13.0,32.0,17.7,0,0.24,0,0.7,2.3,3.1,20.0,0,91.0,1.9,0,212.0,212.0,4.3,4.0,85,1,2,3
27.03.2019 02:00:00,11.0,33.0,17.9,0,0.23,0,1.2,2.2,3.4,13.0,0,91.0,1.7,0,211.0,211.0,3.3,3.4,85,2,2,3
27.03.2019 03:00:00,10.0,30.0,17.8,0,0.23,0,1.1,2.1,3.2,12.0,0,91.0,1.5,0,203.0,212.0,3.4,2.7,85,3,2,3
27.03.2019 04:00:00,10.0,40.0,18.7,0,0.23,0,0.9,1.8,2.7,12.0,0,87.0,1.6,0,217.0,215.0,4.4,4.2,85,4,2,3
27.03.2019 05:00:00,11.0,43.0,19.5,0,0.23,0,1.1,1.9,2.9,18.0,0,84.0,1.4,0,215.0,218.0,4.2,4.7,85,5,2,3
27.03.2019 06:00:00,13.0,40.0,19.9,0,0.23,0,0.8,2.1,3.0,14.0,0,82.0,1.8,0,223.0,229.0,3.8,3.7,85,6,2,3
27.03.2019 07:00:00,12.0,36.0,20.3,0,0.27,0,0.9,3.4,4.3,19.0,0,81.0,1.6,0,220.0,205.0,2.8,3.1,85,7,2,3
27.03.2019 08:00:00,11.0,28.0,21.1,0,0.37,0,1.9,10.0,12.0,23.0,0,80.0,2.1,0,216.0,206.0,2.8,2.0,85,8,2,3
27.03.2019 09:00:00,15.0,31.0,22.4,0,0.41,0,2.3,10.0,12.0,28.0,0,75.0,3.5,0,200.0,192.0,3.7,3.3,85,9,2,3
27.03.2019 10:00:00,19.0,42.0,24.2,0,0.46,0,3.0,11.0,14.0,38.0,0,67.0,3.3,0,186.0,172.0,3.6,3.5,85,10,2,3
27.03.2019 11:00:00,21.0,56.0,25.6,0,0.38,0,2.4,9.3,12.0,45.0,0,63.0,2.5,0,291.0,357.0,4.9,1.7,85,11,2,3
27.03.2019 12:00:00,20.0,65.0,23.7,0,0.33,0,1.8,7.9,9.8,55.0,0,75.0,3.0,0,16.0,18.0,3.8,3.5,85,12,2,3
27.03.2019 13:00:00,22.0,71.0,23.0,0,0.26,0,1.3,6.8,8.1,63.0,0,82.0,2.7,0,8.9,8.2,3.6,3.8,85,13,2,3
27.03.2019 14:00:00,23.0,76.0,23.0,0,0.25,0,1.3,5.9,7.2,57.0,0,81.0,2.3,0,26.0,52.0,2.4,2.9,85,14,2,3
27.03.2019 15:00:00,22.0,79.0,22.4,0,0.26,0,1.2,5.6,6.8,50.0,0,84.0,2.2,0,54.0,51.0,2.5,2.3,85,15,2,3
27.03.2019 16:00:00,24.0,78.0,22.6,0,0.27,0,1.1,6.4,7.5,56.0,0,83.0,3.0,0,35.0,49.0,1.8,2.2,85,16,2,3
27.03.2019 17:00:00,23.0,79.0,22.4,0,0.28,0,1.2,6.1,7.3,51.0,0,84.0,3.4,0,46.0,27.0,1.3,1.5,85,17,2,3
27.03.2019 18:00:00,23.0,70.0,21.9,0,0.33,0,1.3,14.0,15.0,60.0,0,87.0,3.6,0,23.0,97.0,0.5,0.7,85,18,2,3
27.03.2019 19:00:00,26.0,49.0,21.9,0,0.41,0,1.0,16.0,17.0,58.0,0,86.0,3.8,0,216.0,219.0,3.0,1.3,85,19,2,3
27.03.2019 20:00:00,24.0,36.0,21.6,0,0.34,0,1.0,8.4,9.4,39.0,0,88.0,4.0,0,218.0,217.0,3.5,3.7,85,20,2,3
27.03.2019 21:00:00,24.0,34.0,21.3,0,0.4,0,0.9,9.5,10.0,39.0,0,88.0,4.4,0,219.0,221.0,5.3,4.6,85,21,2,3
27.03.2019 22:00:00,30.0,27.0,21.3,0,0.6,0,1.0,16.0,17.0,55.0,0,87.0,4.1,0,222.0,227.0,3.5,4.5,85,22,2,3
27.03.2019 23:00:00,31.0,28.0,21.9,0,0.63,0,0.8,18.0,19.0,51.0,0,85.0,4.6,0,234.0,297.0,1.3,3.1,85,23,2,3
27.03.2019 24:00:00,28.0,32.0,21.8,0,0.52,0,0.9,14.0,15.0,48.0,0,84.0,4.7,0,228.0,227.0,4.5,3.2,85,24,2,3
28.03.2019 01:00:00,24.0,37.0,21.9,0,0.46,0,0.8,11.0,11.0,36.0,0,82.0,3.3,0,225.0,227.0,2.7,3.6,86,1,3,3
28.03.2019 02:00:00,26.0,34.0,22.2,0,0.57,0,0.9,15.0,16.0,46.0,0,81.0,2.8,0,224.0,214.0,2.9,2.8,86,2,3,3
28.03.2019 03:00:00,31.0,25.0,22.2,0,0.65,0,0.9,19.0,20.0,51.0,0,83.0,3.0,0,225.0,220.0,2.0,2.2,86,3,3,3
28.03.2019 04:00:00,30.0,30.0,22.4,0,0.58,0,0.9,15.0,16.0,60.0,0,83.0,3.5,0,180.0,153.0,1.1,1.0,86,4,3,3
28.03.2019 05:00:00,30.0,32.0,22.5,0,0.51,0,0.8,12.0,13.0,69.0,0,83.0,4.0,0,174.0,137.0,4.0,2.0,86,5,3,3
28.03.2019 06:00:00,31.0,33.0,22.6,0,0.46,0,1.0,12.0,13.0,70.0,0,84.0,3.5,0,111.0,115.0,4.6,4.3,86,6,3,3
28.03.2019 07:00:00,33.0,35.0,23.0,0,0.4,0,1.0,9.4,10.0,81.0,0,83.0,2.7,0,109.0,198.0,2.8,2.3,86,7,3,3
28.03.2019 08:00:00,32.0,35.0,24.5,0,0.39,0,1.5,8.8,10.0,56.0,0,78.0,2.9,0,134.0,159.0,3.1,2.9,86,8,3,3
28.03.2019 09:00:00,29.0,35.0,25.7,0,0.41,0,2.4,11.0,13.0,45.0,0,72.0,2.3,0,161.0,163.0,5.4,5.0,86,9,3,3
28.03.2019 10:00:00,25.0,40.0,27.0,0,0.52,0,3.5,15.0,18.0,49.0,0,67.0,2.9,0,180.0,187.0,4.2,4.5,86,10,3,3
28.03.2019 11:00:00,22.0,49.0,28.6,0,0.49,0,3.3,14.0,18.0,38.0,0,61.0,2.6,0,202.0,217.0,2.1,3.2,86,11,3,3
28.03.2019 12:00:00,19.0,61.0,29.0,0,0.43,0,2.5,13.0,16.0,49.0,0,61.0,2.3,0,2.3,13.0,3.2,0.9,86,12,3,3
28.03.2019 13:00:00,16.0,61.0,26.2,0,0.32,0,2.5,8.7,11.0,31.0,0,70.0,1.6,0,27.0,12.0,2.5,2.2,86,13,3,3
28.03.2019 14:00:00,19.0,59.0,25.7,0,0.28,0,2.1,8.0,10.0,39.0,0,74.0,2.4,0,21.0,22.0,2.0,2.3,86,14,3,3
28.03.2019 15:00:00,18.0,61.0,25.5,0,0.28,0,2.1,8.2,10.0,38.0,0,77.0,2.6,0,25.0,35.0,2.1,2.2,86,15,3,3
28.03.2019 16:00:00,17.0,60.0,25.6,0,0.26,0,1.4,6.4,7.8,42.0,0,77.0,1.4,0,40.0,18.0,0.9,1.7,86,16,3,3
28.03.2019 17:00:00,16.0,57.0,25.7,0,0.26,0,1.6,6.3,7.9,35.0,0,75.0,2.0,0,29.0,47.0,1.5,1.4,86,17,3,3
28.03.2019 18:00:00,14.0,53.0,25.4,0,0.29,0,0.9,7.1,8.0,31.0,0,76.0,2.8,0,40.0,0.9,0.6,1.0,86,18,3,3
28.03.2019 19:00:00,15.0,30.0,24.5,0,0.4,0,1.4,16.0,17.0,40.0,0,82.0,3.7,0,193.0,197.0,2.2,0.7,86,19,3,3
28.03.2019 20:00:00,17.0,25.0,23.6,0,0.32,0,1.5,10.0,12.0,30.0,0,86.0,3.7,0,212.0,216.0,3.5,2.9,86,20,3,3
28.03.2019 21:00:00,16.0,27.0,23.5,0,0.28,0,1.0,6.6,7.6,32.0,0,86.0,3.6,0,217.0,213.0,4.0,3.3,86,21,3,3
28.03.2019 22:00:00,18.0,28.0,23.7,0,0.25,0,1.1,5.7,6.8,28.0,0,86.0,4.2,0,217.0,207.0,3.3,3.1,86,22,3,3
28.03.2019 23:00:00,18.0,22.0,23.2,0,0.24,0,1.2,7.8,9.0,32.0,0,88.0,3.9,0,214.0,209.0,2.8,2.1,86,23,3,3
28.03.2019 24:00:00,15.0,16.0,22.6,0,0.27,0,0.9,6.8,7.7,30.0,0,90.0,3.0,0,207.0,200.0,1.7,1.9,86,24,3,3
29.03.2019 01:00:00,15.0,13.0,22.3,0,0.36,0,0.5,8.5,9.0,24.0,0,91.0,1.6,0,222.0,222.0,2.3,2.1,87,1,4,3
29.03.2019 02:00:00,19.0,12.0,22.0,0,0.4,0,1.1,7.7,8.8,32.0,0,91.0,3.0,0,222.0,231.0,3.0,3.0,87,2,4,3
29.03.2019 03:00:00,24.0,13.0,22.4,0,0.4,0,0.9,7.9,8.9,42.0,0,90.0,2.9,0,213.0,212.0,2.0,1.9,87,3,4,3
29.03.2019 04:00:00,24.0,20.0,23.3,0,0.3,0,0.9,7.3,8.2,45.0,0,88.0,2.7,0,317.0,313.0,2.8,1.2,87,4,4,3
29.03.2019 05:00:00,19.0,29.0,23.6,0,0.2,0,1.2,3.8,5.0,35.0,0,84.0,1.7,0,300.0,302.0,3.0,2.4,87,5,4,3
29.03.2019 06:00:00,19.0,21.0,23.0,0,0.24,0,1.6,4.6,6.3,37.0,0,86.0,1.4,0,244.0,241.0,2.2,1.3,87,6,4,3
29.03.2019 07:00:00,21.0,22.0,23.6,0,0.29,0,2.7,7.4,10.0,29.0,0,82.0,1.2,0,239.0,253.0,1.9,1.1,87,7,4,3
29.03.2019 08:00:00,17.0,28.0,24.9,0,0.26,0,2.5,6.0,8.6,35.0,0,76.0,1.2,0,219.0,96.0,2.1,1.3,87,8,4,3
29.03.2019 09:00:00,19.0,32.0,23.8,0,0.22,0,2.9,4.7,7.6,46.0,0,85.0,0.8,0,10.0,355.0,4.8,3.9,87,9,4,3
29.03.2019 10:00:00,19.0,40.0,23.4,0,0.22,0,3.0,5.2,8.2,41.0,0,85.0,0.9,0,7.6,356.0,5.1,3.9,87,10,4,3
29.03.2019 11:00:00,16.0,45.0,23.1,0,0.21,0,2.7,4.4,7.0,44.0,0,85.0,0.5,0,0.7,2.3,4.7,4.5,87,11,4,3
29.03.2019 12:00:00,14.0,52.0,22.2,0,0.2,0,2.4,4.3,6.7,37.0,0,88.0,0.2,0,5.5,4.3,4.2,3.7,87,12,4,3
29.03.2019 13:00:00,11.0,56.0,21.7,0,0.21,0,2.2,3.5,5.7,45.0,0,88.0,0.1,0,11.0,360.0,4.0,4.0,87,13,4,3
29.03.2019 14:00:00,14.0,58.0,21.6,0,0.21,0,2.2,3.8,6.0,61.0,0,88.0,-0.3,0,15.0,14.0,4.4,3.9,87,14,4,3
29.03.2019 15:00:00,18.0,59.0,21.5,0,0.22,0,2.1,4.4,6.5,56.0,0,87.0,-0.5,0,9.2,360.0,2.6,3.1,87,15,4,3
29.03.2019 16:00:00,20.0,58.0,21.8,0,0.23,0,2.7,6.0,8.6,53.0,0,85.0,2.208,0,336.0,354.0,2.8,2.4,87,16,4,3
29.03.2019 17:00:00,21.0,61.0,21.8,0,0.23,0,2.3,4.4,6.7,49.0,0,87.0,2.209,0,10.0,2.7,3.0,3.2,87,17,4,3
29.03.2019 18:00:00,18.0,61.0,21.7,0,0.24,0,2.3,5.3,7.6,46.0,0,86.0,2.21,0,357.0,348.0,3.6,2.9,87,18,4,3
29.03.2019 19:00:00,18.0,61.0,21.7,0,0.24,0,2.2,4.7,6.9,47.0,0,87.0,2.226,0,4.3,0.6,3.1,3.4,87,19,4,3
29.03.2019 20:00:00,16.0,57.0,21.4,0,0.23,0,2.2,5.0,7.3,39.0,0,88.0,2.228,0,315.0,291.0,1.9,1.4,87,20,4,3
29.03.2019 21:00:00,13.0,58.0,21.5,0,0.22,0,2.3,4.0,6.3,44.0,0,88.0,2.229,0,358.0,9.5,5.6,3.2,87,21,4,3
29.03.2019 22:00:00,15.0,61.0,21.3,0,0.2,0,2.2,3.0,5.3,61.0,0.2,89.0,2.23,0,17.0,22.0,8.6,6.4,87,22,4,3
29.03.2019 23:00:00,11.0,62.0,20.8,0,0.22,0,2.0,2.6,4.6,46.0,16.0,90.0,2.231,0,9.5,3.3,6.8,6.0,87,23,4,3
29.03.2019 24:00:00,7.0,63.0,19.6,0,0.26,0,2.2,1.9,4.2,43.0,4.2,90.0,2.233,0,15.0,357.0,3.3,5.8,87,24,4,3
30.03.2019 01:00:00,10.0,61.0,19.0,0,0.26,0,2.1,2.0,4.1,11.0,3.2,89.0,2.2,0,211.0,212.0,3.1,2.3,88,1,5,3
30.03.2019 02:00:00,11.0,55.0,18.8,0,0.24,0,0.6,2.1,2.8,26.0,0,91.0,3.3,0,225.0,204.0,1.6,2.3,88,2,5,3
30.03.2019 03:00:00,9.0,47.0,18.7,0,0.24,0,0.7,2.0,2.7,22.0,0.2,93.0,2.5,0,218.0,216.0,3.8,3.2,88,3,5,3
30.03.2019 04:00:00,10.0,44.0,18.8,0,0.25,0,0.5,1.9,2.4,18.0,0,93.0,2.0,0,217.0,232.0,2.5,3.2,88,4,5,3
30.03.2019 05:00:00,11.0,40.0,19.0,0,0.25,0,0.5,2.1,2.5,11.0,0,93.0,1.6,0,216.0,221.0,2.8,2.8,88,5,5,3
30.03.2019 06:00:00,9.0,42.0,19.2,0,0.27,0,0.7,2.0,2.6,13.0,0,91.0,1.3,0,229.0,254.0,1.1,1.4,88,6,5,3
30.03.2019 07:00:00,7.0,37.0,19.4,0,0.3,0,0.7,6.1,6.8,16.0,0,91.0,1.6,0,221.0,242.0,1.5,1.1,88,7,5,3
30.03.2019 08:00:00,11.0,38.0,19.6,0,0.29,0,0.6,4.8,5.4,10.0,0,92.0,2.3,0,230.0,240.0,1.7,1.4,88,8,5,3
30.03.2019 09:00:00,15.0,48.0,20.4,0,0.27,0,0.9,5.8,6.7,24.0,0,89.0,2.9,0,296.0,328.0,2.0,1.1,88,9,5,3
30.03.2019 10:00:00,15.0,53.0,20.8,0,0.25,0,1.1,6.3,7.4,39.0,0,87.0,3.7,0,349.0,360.0,3.4,2.0,88,10,5,3
30.03.2019 11:00:00,16.0,60.0,21.2,0,0.23,0,1.3,5.5,6.7,59.0,0,84.0,4.5,0,0.8,6.8,3.3,3.0,88,11,5,3
30.03.2019 12:00:00,15.0,63.0,21.1,0,0.22,0,1.1,4.5,5.7,62.0,0,83.0,5.3,0,355.0,341.0,3.5,3.1,88,12,5,3
30.03.2019 13:00:00,15.0,63.0,21.0,0,0.24,0,1.0,5.1,6.1,59.0,0,81.0,5.6,0,7.1,18.0,4.3,3.5,88,13,5,3
30.03.2019 14:00:00,17.0,65.0,21.2,0,0.24,0,1.0,4.7,5.6,72.0,0,79.0,6.2,0,21.0,20.0,4.9,4.3,88,14,5,3
30.03.2019 15:00:00,15.0,64.0,21.5,0,0.25,0,1.2,5.4,6.6,69.0,0,77.0,6.2,0,23.0,20.0,4.3,3.5,88,15,5,3
30.03.2019 16:00:00,12.0,61.0,21.7,0,0.26,0,1.1,5.4,6.5,63.0,0,75.0,6.2,0,25.0,32.0,3.8,3.7,88,16,5,3
30.03.2019 17:00:00,11.0,60.0,21.8,0,0.26,0,1.2,4.6,5.9,58.0,0,74.0,6.1,0,37.0,44.0,3.6,3.7,88,17,5,3
30.03.2019 18:00:00,14.0,64.0,21.8,0,0.25,0,0.9,2.2,3.1,46.0,0,75.0,5.8,0,49.0,49.0,5.0,4.3,88,18,5,3
30.03.2019 19:00:00,14.0,64.0,21.9,0,0.25,0,0.8,2.0,2.9,38.0,0,74.0,5.6,0,51.0,53.0,5.4,5.0,88,19,5,3
30.03.2019 20:00:00,14.0,65.0,22.0,0,0.24,0,0.8,1.7,2.5,39.0,0,73.0,5.1,0,54.0,51.0,6.2,5.7,88,20,5,3
30.03.2019 21:00:00,14.0,65.0,22.1,0,0.22,0,0.6,1.5,2.1,49.0,0,73.0,5.3,0,53.0,56.0,6.9,6.4,88,21,5,3
30.03.2019 22:00:00,15.0,65.0,22.0,0,0.21,0,0.6,1.6,2.1,46.0,0,71.0,5.0,0,58.0,63.0,6.2,6.0,88,22,5,3
30.03.2019 23:00:00,16.0,66.0,22.0,0,0.21,0,0.5,1.5,2.0,54.0,0,71.0,4.8,0,56.0,58.0,6.4,6.0,88,23,5,3
30.03.2019 24:00:00,16.0,64.0,21.9,0,0.19,0,0.8,1.1,1.9,59.0,0,70.0,4.7,0,54.0,53.0,7.9,7.2,88,24,5,3
31.03.2019 01:00:00,19.0,64.0,21.6,0,0.18,0,0.6,1.0,1.6,69.0,0,72.0,1.7,0,50.0,50.0,9.4,8.8,89,1,6,3
31.03.2019 02:00:00,18.0,67.0,21.3,0,0.16,0,0.3,1.1,1.3,67.0,0,72.0,1.4,0,50.0,50.0,9.0,9.4,89,2,6,3
31.03.2019 03:00:00,15.0,70.0,21.3,0,0.16,0,0.4,1.0,1.5,77.0,0,70.0,1.2,0,49.0,49.0,9.9,9.1,89,3,6,3
31.03.2019 04:00:00,15.0,69.0,21.2,0,0.16,0,0.4,1.1,1.5,82.0,0,70.0,1.2,0,48.0,49.0,10.0,9.6,89,4,6,3
31.03.2019 05:00:00,16.0,70.0,21.0,0,0.16,0,0.6,1.1,1.7,79.0,0,72.0,0.9,0,49.0,47.0,10.0,9.6,89,5,6,3
31.03.2019 06:00:00,19.0,73.0,20.9,0,0.19,0,0.5,1.4,1.9,85.0,0,71.0,1.1,0,49.0,51.0,9.8,9.7,89,6,6,3
31.03.2019 07:00:00,26.0,76.0,20.6,0,0.28,0,0.6,2.7,3.3,102.0,0,72.0,1.1,0,47.0,49.0,7.9,8.4,89,7,6,3
31.03.2019 08:00:00,32.0,78.0,20.3,0,0.34,0,0.4,3.5,3.9,109.0,0.4,75.0,1.3,0,47.0,48.0,10.0,9.4,89,8,6,3
31.03.2019 09:00:00,35.0,77.0,20.0,0,0.33,0,0.6,3.8,4.4,110.0,0,74.0,1.1,0,47.0,48.0,9.6,9.0,89,9,6,3
31.03.2019 10:00:00,32.0,74.0,19.8,0,0.31,0,0.7,3.9,4.6,110.0,0,71.0,0.9,0,64.0,92.0,4.0,5.8,89,10,6,3
31.03.2019 11:00:00,27.0,73.0,19.9,0,0.28,0,0.8,4.0,4.8,101.0,0,72.0,0.7,0,62.0,56.0,8.0,6.3,89,11,6,3
31.03.2019 12:00:00,24.0,70.0,19.8,0,0.25,0,0.9,3.2,4.1,98.0,0,74.0,0.7,0,50.0,49.0,11.0,10.0,89,12,6,3
31.03.2019 13:00:00,24.0,69.0,19.3,0,0.23,0,0.7,2.4,3.2,87.0,0,74.0,0.7,0,50.0,48.0,8.7,9.0,89,13,6,3
31.03.2019 14:00:00,19.0,67.0,19.0,0,0.21,0,0.7,2.6,3.3,95.0,0,73.0,0.5,0,52.0,48.0,7.8,8.0,89,14,6,3
31.03.2019 15:00:00,15.0,66.0,18.7,0,0.2,0,0.6,2.6,3.2,81.0,0,75.0,0.8,0,50.0,47.0,8.3,8.4,89,15,6,3
31.03.2019 16:00:00,15.0,66.0,18.7,0,0.2,0,0.9,2.7,3.6,80.0,0,73.0,0.0,0,50.0,48.0,8.7,7.6,89,16,6,3
31.03.2019 17:00:00,17.0,65.0,18.4,0,0.19,0,0.8,2.5,3.2,79.0,0,77.0,-0.2,0,48.0,46.0,7.2,8.2,89,17,6,3
31.03.2019 18:00:00,17.0,65.0,17.8,0,0.18,0,0.7,2.4,3.1,62.0,0,82.0,-0.1,0,51.0,51.0,11.0,8.2,89,18,6,3
31.03.2019 19:00:00,13.0,65.0,17.3,0,0.17,0,0.5,1.9,2.4,48.0,0,85.0,-0.3,0,51.0,53.0,8.5,9.5,89,19,6,3
31.03.2019 20:00:00,8.0,64.0,17.9,0,0.17,0,0.5,1.9,2.3,65.0,0,79.0,-0.4,0,50.0,48.0,8.6,8.0,89,20,6,3
31.03.2019 21:00:00,10.0,64.0,18.2,0,0.17,0,0.7,1.9,2.6,62.0,0,77.0,-0.3,0,51.0,53.0,8.7,8.4,89,21,6,3
31.03.2019 22:00:00,12.0,62.0,18.1,0,0.16,0,0.7,2.3,3.0,67.0,0,76.0,-0.4,0,58.0,58.0,7.2,6.8,89,22,6,3
31.03.2019 23:00:00,14.0,63.0,17.7,0,0.15,0,0.6,1.7,2.3,54.0,0,80.0,-0.2,0,51.0,49.0,9.1,8.9,89,23,6,3
31.03.2019 24:00:00,14.0,64.0,17.1,0,0.15,0,0.5,1.4,1.9,48.0,0,83.0,0.1,0,49.0,51.0,9.9,9.5,89,24,6,3
01.04.2019 01:00:00,12.0,63.0,17.0,0,0.16,0,0.6,1.3,1.9,42.0,0,82.0,2.1,0,50.0,48.0,7.7,7.9,90,1,0,4
01.04.2019 02:00:00,13.0,63.0,17.3,0,0.18,0,1.2,0.7,2.0,53.0,0.6,80.0,1.1,0,49.0,49.0,8.4,7.4,90,2,0,4
01.04.2019 03:00:00,10.0,62.0,17.3,0,0.18,0,1.1,0.9,1.9,48.0,0.2,81.0,1.0,0,48.0,47.0,6.9,7.7,90,3,0,4
01.04.2019 04:00:00,9.0,62.0,17.6,0,0.18,0,1.0,1.0,1.9,54.0,0.4,78.0,1.0,0,47.0,49.0,7.1,7.3,90,4,0,4
01.04.2019 05:00:00,12.0,63.0,17.5,0,0.18,0,0.8,1.0,1.9,51.0,0.4,82.0,1.0,0,44.0,38.0,7.0,7.1,90,5,0,4
01.04.2019 06:00:00,11.0,62.0,16.6,0,0.18,0,1.1,1.2,2.3,39.0,3.0,89.0,0.7,0,30.0,47.0,7.5,6.9,90,6,0,4
01.04.2019 07:00:00,9.0,62.0,16.9,0,0.18,0,1.1,1.5,2.5,34.0,1.8,89.0,0.6,0,47.0,50.0,12.0,8.4,90,7,0,4
01.04.2019 08:00:00,7.0,62.0,17.3,0,0.17,0,0.9,1.3,2.2,28.0,0.2,84.0,0.5,0,50.0,59.0,6.4,9.2,90,8,0,4
01.04.2019 09:00:00,8.0,62.0,17.9,0,0.18,0,1.1,1.8,2.9,33.0,0,80.0,0.2,0,54.0,50.0,10.0,8.0,90,9,0,4
01.04.2019 10:00:00,9.0,62.0,17.9,0,0.0,0,0.9,1.6,2.5,41.0,0,80.0,0.5,0,49.0,48.0,8.8,9.1,90,10,0,4
01.04.2019 11:00:00,15.0,59.0,17.5,0,0.0,0,1.299,8.999,11.645,55.194,0.2,84.0,2.162,0,49.0,50.0,9.7,9.1,90,11,0,4
01.04.2019 12:00:00,10.0,61.722,17.3,0,0.18,0,1.3,1.1,2.4,32.0,0.4,85.0,2.162,0,48.0,50.0,8.7,9.1,90,12,0,4
01.04.2019 13:00:00,9.0,61.721,17.3,0,0.18,0,1.1,1.4,2.4,33.0,0,85.0,2.163,0,49.0,49.0,9.3,9.8,90,13,0,4
01.04.2019 14:00:00,11.0,63.0,17.6,0,0.18,0,1.0,1.8,2.8,46.0,0,78.0,2.164,0,51.0,54.0,6.9,7.9,90,14,0,4
01.04.2019 15:00:00,11.0,65.0,17.5,0,0.19,0,0.9,1.9,2.8,51.0,0,77.0,2.165,0,51.0,50.0,8.3,7.6,90,15,0,4
01.04.2019 16:00:00,10.0,65.0,18.0,0,0.19,0,0.9,1.7,2.6,55.0,0,72.0,2.166,0,53.0,53.0,7.7,6.9,90,16,0,4
01.04.2019 17:00:00,10.0,67.0,18.2,0,0.2,0,1.1,1.7,2.8,53.0,0,71.0,2.167,0,54.0,54.0,8.0,7.0,90,17,0,4
01.04.2019 18:00:00,12.0,69.0,18.1,0,0.22,0,0.9,2.1,3.1,63.0,0,71.0,2.168,0,56.0,66.0,6.9,6.7,90,18,0,4
01.04.2019 19:00:00,15.0,71.0,18.1,0,0.23,0,0.9,1.9,2.9,62.0,0,70.0,2.169,0,61.0,76.0,5.0,6.1,90,19,0,4
01.04.2019 20:00:00,16.0,73.0,18.3,0,0.23,0,0.8,2.1,2.9,60.0,0,68.0,2.169,0,66.0,59.0,6.7,5.2,90,20,0,4
01.04.2019 21:00:00,16.0,75.0,18.6,0,0.23,0,0.9,1.9,2.7,61.0,0,66.0,2.17,0,69.0,84.0,4.8,5.0,90,21,0,4
01.04.2019 22:00:00,16.0,75.0,18.7,0,0.23,0,1.0,1.7,2.8,55.0,0,67.0,2.171,0,72.0,79.0,3.3,4.1,90,22,0,4
01.04.2019 23:00:00,17.0,73.0,18.9,0,0.22,0,1.1,2.1,3.2,57.0,0,68.0,2.172,0,84.0,91.0,4.2,3.4,90,23,0,4
01.04.2019 24:00:00,17.0,67.0,18.9,0,0.22,0,0.9,4.8,5.7,51.0,0,68.0,2.173,0,110.0,185.0,1.9,2.3,90,24,0,4
02.04.2019 01:00:00,15.0,56.0,18.0,0,0.25,0,1.0,6.9,7.9,53.0,0,75.0,6.8,0,202.0,199.0,1.5,1.8,91,1,1,4
02.04.2019 02:00:00,15.0,58.0,18.4,0,0.22,0,0.7,5.1,5.9,41.0,0,75.0,2.3,0,159.0,125.0,4.1,1.5,91,2,1,4
02.04.2019 03:00:00,17.0,68.0,19.2,0,0.21,0,0.6,3.0,3.6,43.0,0,73.0,1.1,0,106.0,106.0,3.8,2.9,91,3,1,4
02.04.2019 04:00:00,17.0,67.0,19.2,0,0.21,0,0.9,2.9,3.8,46.0,0,77.0,0.9,0,115.0,99.0,1.8,2.0,91,4,1,4
02.04.2019 05:00:00,16.0,58.0,18.8,0,0.21,0,0.6,5.5,6.1,39.0,0.2,82.0,2.2,0,151.0,195.0,1.4,1.3,91,5,1,4
02.04.2019 06:00:00,14.0,57.0,18.4,0,0.2,0,0.6,5.3,5.9,32.0,0.2,87.0,0.8,0,153.0,124.0,1.8,1.0,91,6,1,4
02.04.2019 07:00:00,12.0,64.0,19.0,0,0.21,0,0.6,3.1,3.6,31.0,0,86.0,-0.2,0,107.0,95.0,2.9,2.0,91,7,1,4
02.04.2019 08:00:00,12.0,62.0,19.4,0,0.21,0,0.8,3.7,4.5,28.0,0,85.0,0.0,0,101.0,125.0,3.0,2.2,91,8,1,4
02.04.2019 09:00:00,12.0,41.0,19.2,0,0.29,0,1.3,13.0,14.0,29.0,0,87.0,0.3,0,197.0,209.0,2.3,1.5,91,9,1,4
02.04.2019 10:00:00,11.0,26.0,18.7,0,0.3,0,2.5,17.0,19.0,29.0,0.4,92.0,1.0,0,206.0,202.0,2.1,2.2,91,10,1,4
02.04.2019 11:00:00,15.0,34.0,19.5,0,0.29,0,2.8,15.0,18.0,21.0,1.2,93.0,0.1,0,190.0,194.0,0.6,1.1,91,11,1,4
02.04.2019 12:00:00,14.0,36.0,20.3,0,0.31,0,2.9,20.0,23.0,28.0,0,91.0,2.13,0,156.0,163.0,1.0,0.3,91,12,1,4
02.04.2019 13:00:00,9.0,46.0,20.4,0,0.26,0,2.1,9.7,12.0,18.0,0,90.0,1.6,0,85.0,82.0,3.0,1.5,91,13,1,4
02.04.2019 14:00:00,8.0,56.0,21.2,0,0.21,0,1.1,5.4,6.5,24.0,0,84.0,0.8,0,79.0,90.0,1.7,2.2,91,14,1,4
02.04.2019 15:00:00,8.0,47.0,21.6,0,0.25,0,1.4,9.0,10.0,26.0,0,80.0,2.0,0,134.0,221.0,1.2,0.8,91,15,1,4
02.04.2019 16:00:00,7.0,31.0,21.4,0,0.31,0,2.3,15.0,17.0,22.0,0,85.0,2.127,0,213.0,200.0,1.5,1.0,91,16,1,4
02.04.2019 17:00:00,9.0,14.0,21.0,0,0.37,0,5.3,19.0,24.0,18.0,0,90.0,2.127,0,203.0,218.0,2.0,1.7,91,17,1,4
02.04.2019 18:00:00,12.0,12.0,20.7,0,0.41,0,6.1,16.0,22.0,25.0,0,91.0,2.127,0,214.0,216.0,2.4,1.8,91,18,1,4
02.04.2019 19:00:00,10.0,28.0,20.3,0,0.27,0,0.0,8.3,8.3,11.0,0,91.0,2.127,0,214.0,204.0,2.9,2.5,91,19,1,4
02.04.2019 20:00:00,7.0,31.0,20.2,0,0.25,0,1.0,8.2,9.2,8.0,0,91.0,2.127,0,213.0,219.0,2.4,2.7,91,20,1,4
02.04.2019 21:00:00,5.0,31.0,20.3,0,0.22,0,1.1,6.9,8.0,9.0,0,89.0,2.127,0,211.0,217.0,3.6,3.4,91,21,1,4
02.04.2019 22:00:00,2.0,41.0,20.9,0,0.21,0,0.5,4.7,5.2,6.0,0,83.0,2.127,0,212.0,211.0,3.6,3.2,91,22,1,4
02.04.2019 23:00:00,2.0,40.0,20.9,0,0.22,0,0.5,4.1,4.6,19.0,0,83.0,2.088,0,216.0,2.8,1.2,2.4,91,23,1,4
02.04.2019 24:00:00,6.0,36.0,20.7,0,0.25,0,0.9,5.2,6.0,10.0,0,84.0,2.088,0,222.0,224.0,3.0,1.8,91,24,1,4
03.04.2019 01:00:00,10.0,31.0,20.6,0,0.3,0,0.8,5.7,6.5,11.0,0,85.0,2.088,0,216.0,213.0,3.8,3.8,92,1,2,4
03.04.2019 02:00:00,19.0,12.0,20.7,0,0.97,0,2.5,38.0,41.0,50.0,0,87.0,3.1,0,219.0,204.0,3.1,2.6,92,2,2,4
03.04.2019 03:00:00,31.0,6.1,20.6,0,0.99,0,2.3,38.0,41.0,60.0,0,89.0,3.0,0,215.0,207.0,1.9,1.7,92,3,2,4
03.04.2019 04:00:00,28.0,26.0,20.5,0,0.53,0,-0.2,18.0,18.0,66.0,0,90.0,2.5,0,350.0,332.0,3.0,1.5,92,4,2,4
03.04.2019 05:00:00,14.0,49.0,20.1,0,0.2,0,0.3,2.4,2.7,13.0,0,89.0,1.5,0,321.0,231.0,1.3,1.8,92,5,2,4
03.04.2019 06:00:00,10.0,36.0,20.2,0,0.28,0,0.8,4.2,5.0,18.0,0,88.0,1.1,0,179.0,178.0,2.2,1.1,92,6,2,4
03.04.2019 07:00:00,11.0,34.0,19.8,0,0.27,0,1.4,8.1,9.5,18.0,0,90.0,0.6,0,208.0,224.0,1.6,2.3,92,7,2,4
03.04.2019 08:00:00,11.0,35.0,20.3,0,0.3,0,1.5,8.7,10.0,23.0,0,87.0,0.2,0,282.0,120.0,1.0,0.4,92,8,2,4
03.04.2019 09:00:00,13.0,39.0,21.0,0,0.29,0,1.3,7.5,8.8,20.0,0,84.0,-0.1,0,174.0,214.0,3.5,1.3,92,9,2,4
03.04.2019 10:00:00,14.0,36.0,21.4,0,0.39,0,2.1,14.0,16.0,21.0,0,81.0,-0.4,0,220.0,231.0,2.8,2.9,92,10,2,4
03.04.2019 11:00:00,13.0,32.0,21.4,0,0.47,0,2.7,19.0,22.0,27.0,0,82.0,-0.5,0,208.0,211.0,4.2,3.0,92,11,2,4
03.04.2019 12:00:00,11.0,39.0,21.4,0,0.36,0,2.0,13.0,15.0,23.0,0,82.0,2.083,0,232.0,235.0,2.5,2.9,92,12,2,4
03.04.2019 13:00:00,11.0,40.0,21.3,0,0.33,0,1.3,13.0,14.0,21.0,0,82.0,3.1,0,227.0,230.0,3.3,3.5,92,13,2,4
03.04.2019 14:00:00,14.0,28.0,21.2,0,0.46,0,2.6,23.0,25.0,25.0,0,85.0,3.0,0,218.0,213.0,3.7,3.5,92,14,2,4
03.04.2019 15:00:00,15.0,36.0,21.4,0,0.37,0,2.1,16.0,19.0,20.0,0,83.0,1.8,0,214.0,215.0,3.4,3.9,92,15,2,4
03.04.2019 16:00:00,13.0,36.0,21.9,0,0.36,0,2.4,15.0,18.0,23.0,0,81.0,1.5,0,198.0,210.0,2.2,2.3,92,16,2,4
03.04.2019 17:00:00,17.0,35.0,22.4,0,0.39,0,2.2,16.0,18.0,27.0,0,80.0,1.6,0,217.0,216.0,2.2,1.5,92,17,2,4
03.04.2019 18:00:00,19.0,17.0,21.9,0,0.5,0,3.3,24.0,27.0,37.0,0,85.0,1.3,0,214.0,209.0,1.0,1.1,92,18,2,4
03.04.2019 19:00:00,17.0,15.0,21.3,0,0.48,0,3.2,18.0,21.0,26.0,0,88.0,1.1,0,218.0,217.0,2.4,2.2,92,19,2,4
03.04.2019 20:00:00,15.0,12.0,21.0,0,0.47,0,4.1,18.0,22.0,29.0,0,89.0,1.0,0,211.0,218.0,2.1,1.7,92,20,2,4
03.04.2019 21:00:00,15.0,15.0,21.0,0,0.39,0,1.4,15.0,16.0,33.0,0,89.0,0.6,0,233.0,356.0,1.9,0.8,92,21,2,4
03.04.2019 22:00:00,12.0,47.763,22.0,0,0.22,0,0.2,4.7,5.0,75.0,0.4,91.0,0.2,0,34.0,43.0,2.9,4.6,92,22,2,4
03.04.2019 23:00:00,7.0,33.0,21.7,0,0.33,0,0.9,13.0,14.0,69.0,0,92.0,0.1,0,126.0,131.0,1.6,0.4,92,23,2,4
03.04.2019 24:00:00,9.0,43.0,21.5,0,0.28,0,0.7,11.0,12.0,45.0,0.8,92.0,0.0,0,76.0,58.0,4.2,1.5,92,24,2,4
04.04.2019 01:00:00,11.0,57.0,21.7,0,0.17,0,0.6,1.9,2.6,68.0,0,91.0,1.6,0,68.0,73.0,4.2,3.8,93,1,3,4
04.04.2019 02:00:00,10.0,58.0,22.0,0,0.16,0,1.1,1.2,2.3,54.0,0,90.0,1.1,0,68.0,54.0,4.9,3.3,93,2,3,4
04.04.2019 03:00:00,9.0,58.0,22.3,0,0.16,0,1.0,1.2,2.2,65.0,0,90.0,0.8,0,65.0,81.0,4.7,4.0,93,3,3,4
04.04.2019 04:00:00,9.0,59.0,22.1,0,0.16,0,0.7,1.0,1.6,35.0,0,91.0,0.4,0,77.0,78.0,4.1,3.5,93,4,3,4
04.04.2019 05:00:00,9.0,58.0,22.0,0,0.16,0,0.8,1.2,1.9,34.0,0,92.0,0.4,0,70.0,65.0,5.5,4.2,93,5,3,4
04.04.2019 06:00:00,7.0,58.0,22.1,0,0.17,0,0.7,1.1,1.8,24.0,0.2,93.0,0.0,0,75.0,69.0,3.3,2.5,93,6,3,4
04.04.2019 07:00:00,6.0,56.0,22.2,0,0.17,0,0.9,1.5,2.4,25.0,0,94.0,-0.2,0,99.0,111.0,2.3,2.0,93,7,3,4
04.04.2019 08:00:00,5.0,50.0,22.4,0,0.18,0,1.0,3.2,4.2,31.0,0,93.0,-0.3,0,101.0,57.0,1.5,2.3,93,8,3,4
04.04.2019 09:00:00,6.0,48.0,22.9,0,0.18,0,1.3,4.0,5.3,39.0,0,92.0,-0.4,0,72.0,57.0,2.1,1.6,93,9,3,4
04.04.2019 10:00:00,11.0,48.0,23.4,0,0.18,0,1.5,5.2,6.7,72.0,0,92.0,-0.3,0,30.0,47.0,1.2,1.5,93,10,3,4
04.04.2019 11:00:00,11.0,47.0,23.9,0,0.21,0,1.8,6.0,7.8,60.0,0,86.0,2.063,0,53.0,73.0,1.9,2.0,93,11,3,4
04.04.2019 12:00:00,12.0,45.0,25.1,0,0.22,0,2.7,6.8,9.5,60.0,0,80.0,-0.3,0,53.0,50.0,3.5,2.6,93,12,3,4
04.04.2019 13:00:00,13.0,47.0,24.9,0,0.22,0,2.2,6.1,8.3,53.0,0,81.0,-0.2,0,28.0,26.0,2.0,1.8,93,13,3,4
04.04.2019 14:00:00,11.0,50.0,25.3,0,0.25,0,1.7,4.7,6.4,78.0,0,79.0,2.057,0,17.0,7.9,3.8,2.2,93,14,3,4
04.04.2019 15:00:00,15.0,67.0,25.6,0,0.27,0,1.4,5.5,6.9,81.0,0,75.0,-0.4,0,21.0,21.0,2.7,3.2,93,15,3,4
04.04.2019 16:00:00,19.0,74.0,25.3,0,0.28,0,1.5,7.3,8.8,81.0,0,77.0,2.053,0,352.0,352.0,3.7,3.6,93,16,3,4
04.04.2019 17:00:00,17.0,58.0,24.5,0,0.25,0,1.4,7.0,8.4,74.0,0,84.0,2.051,0,1.9,67.0,1.2,2.4,93,17,3,4
04.04.2019 18:00:00,12.0,47.0,24.6,0,0.29,0,1.3,8.6,9.9,63.0,0,85.0,2.049,0,224.0,18.0,1.1,0.8,93,18,3,4
04.04.2019 19:00:00,11.0,51.0,23.8,0,0.26,0,1.0,6.7,7.7,58.0,0,85.0,2.047,0,325.0,322.0,3.8,3.3,93,19,3,4
04.04.2019 20:00:00,14.0,59.0,22.4,0,0.22,0,1.1,4.4,5.5,37.0,0,89.0,2.045,0,335.0,331.0,2.6,3.1,93,20,3,4
04.04.2019 21:00:00,11.0,58.0,22.0,0,0.21,0,1.1,5.0,6.2,38.0,0,89.0,2.043,0,333.0,327.0,2.3,2.2,93,21,3,4
04.04.2019 22:00:00,7.0,55.0,22.0,0,0.21,0,1.3,4.1,5.4,22.0,0,88.0,2.041,0,323.0,319.0,1.2,1.5,93,22,3,4
04.04.2019 23:00:00,7.0,52.0,21.9,0,0.21,0,1.1,4.1,5.3,36.0,0,88.0,2.039,0,337.0,10.0,1.5,0.6,93,23,3,4
04.04.2019 24:00:00,9.0,58.0,21.6,0,0.19,0,0.8,3.1,3.9,62.0,0,89.0,2.037,0,352.0,343.0,2.0,2.1,93,24,3,4
05.04.2019 01:00:00,13.0,57.0,21.2,0,0.19,0,0.7,2.9,3.6,51.0,0,90.0,1.0,0,345.0,328.0,1.4,2.2,94,1,4,4
05.04.2019 02:00:00,13.0,55.0,21.2,0,0.21,0,1.1,1.7,2.9,46.0,0,90.0,1.9,0,67.0,121.0,0.5,0.3,94,2,4,4
05.04.2019 03:00:00,11.0,49.0,21.1,0,0.2,0,1.1,1.6,2.6,36.0,0,90.0,1.8,0,94.0,47.0,1.4,0.1,94,3,4,4
05.04.2019 04:00:00,11.0,56.0,20.9,0,0.2,0,1.3,1.3,2.6,36.0,0,90.0,1.4,0,350.0,336.0,2.1,1.7,94,4,4,4
05.04.2019 05:00:00,9.0,56.0,20.7,0,0.2,0,1.3,1.3,2.6,36.0,0,90.0,1.4,0,358.0,355.0,2.3,0.9,94,5,4,4
05.04.2019 06:00:00,12.0,54.0,20.6,0,0.21,0,1.2,1.8,3.0,35.0,0,90.0,1.3,0,343.0,348.0,2.5,2.3,94,6,4,4
05.04.2019 07:00:00,15.0,53.0,20.5,0,0.23,0,1.3,2.8,4.1,24.0,0,90.0,1.2,0,345.0,348.0,3.2,2.5,94,7,4,4
05.04.2019 08:00:00,16.0,52.0,20.2,0,0.25,0,1.6,4.8,6.4,28.0,0,90.0,2.007,0,340.0,334.0,2.9,2.9,94,8,4,4
05.04.2019 09:00:00,13.0,48.0,20.4,0,0.27,0,1.8,7.0,8.8,33.0,0,90.0,2.0,0,343.0,336.0,4.2,2.5,94,9,4,4
05.04.2019 10:00:00,12.0,49.0,20.6,0,0.26,0,2.2,6.4,8.6,26.0,0,88.0,2.0,0,341.0,326.0,3.3,3.0,94,10,4,4
05.04.2019 11:00:00,13.0,54.0,21.2,0,0.24,0,2.0,4.6,6.5,33.0,0,86.0,1.8,0,1.7,358.0,4.3,3.1,94,11,4,4
05.04.2019 12:00:00,11.0,60.0,21.4,0,0.25,0,1.8,3.7,5.5,24.0,0,84.0,1.7,0,5.6,4.3,3.1,3.1,94,12,4,4
05.04.2019 13:00:00,11.0,62.0,21.6,0,0.25,0,1.7,3.1,4.8,25.0,0,81.0,1.5,0,13.0,14.0,4.8,3.9,94,13,4,4
05.04.2019 14:00:00,11.0,64.0,21.6,0,0.26,0,1.8,3.0,4.8,28.0,0,78.0,1.5,0,10.0,7.7,4.6,3.9,94,14,4,4
05.04.2019 15:00:00,8.0,64.0,21.4,0,0.26,0,1.6,3.2,4.7,30.0,0,80.0,1.2,0,9.3,15.0,3.4,3.7,94,15,4,4
05.04.2019 16:00:00,9.0,66.0,21.4,0,0.26,0,1.6,3.6,5.1,35.0,0,78.0,1.4,0,21.0,21.0,4.1,3.6,94,16,4,4
05.04.2019 17:00:00,9.0,66.0,21.3,0,0.29,0,1.8,3.5,5.3,35.0,0,78.0,1.2,0,22.0,22.0,2.3,2.7,94,17,4,4
05.04.2019 18:00:00,6.0,65.0,21.2,0,0.27,0,1.6,4.5,6.1,36.0,0,78.0,1.1,0,27.0,21.0,1.9,1.7,94,18,4,4
05.04.2019 19:00:00,9.0,49.0,20.7,0,0.37,0,1.6,10.0,12.0,33.0,0,82.0,0.9,0,154.0,208.0,1.8,0.2,94,19,4,4
05.04.2019 20:00:00,11.0,32.0,19.4,0,0.3,0,1.7,6.1,7.7,11.0,0,89.0,0.7,0,210.0,209.0,3.2,2.6,94,20,4,4
05.04.2019 21:00:00,9.0,30.0,18.9,0,0.27,0,1.7,3.9,5.6,8.0,0,91.0,0.7,0,212.0,210.0,3.4,3.1,94,21,4,4
05.04.2019 22:00:00,8.0,28.0,18.4,0,0.26,0,1.7,3.1,4.7,8.0,0,92.0,0.6,0,214.0,215.0,3.6,3.5,94,22,4,4
05.04.2019 23:00:00,6.0,31.0,18.3,0,0.25,0,1.6,2.3,3.9,5.0,0,91.0,0.4,0,213.0,212.0,3.8,3.7,94,23,4,4
05.04.2019 24:00:00,6.0,31.0,18.6,0,0.26,0,1.4,1.8,3.2,2.0,0,90.0,0.1,0,213.0,214.0,3.6,3.6,94,24,4,4
06.04.2019 01:00:00,9.0,29.0,18.6,0,0.26,0,1.5,1.2,2.7,2.0,0,91.0,2.3,0,214.0,213.0,3.8,3.6,95,1,5,4
06.04.2019 02:00:00,5.0,28.0,18.2,0,0.26,0,0.5,1.1,1.6,5.0,0,92.0,2.6,0,214.0,215.0,3.6,3.8,95,2,5,4
06.04.2019 03:00:00,2.0,26.0,17.9,0,0.25,0,0.5,1.5,2.0,6.0,0,92.0,2.5,0,214.0,213.0,3.9,3.8,95,3,5,4
06.04.2019 04:00:00,5.0,26.0,17.9,0,0.25,0,0.4,1.8,2.3,6.0,0,92.0,2.4,0,214.0,215.0,3.9,4.0,95,4,5,4
06.04.2019 05:00:00,7.0,29.0,18.2,0,0.25,0,0.4,1.7,2.1,7.0,0,91.0,2.4,0,213.0,216.0,3.6,3.8,95,5,5,4
06.04.2019 06:00:00,7.0,28.0,18.5,0,0.27,0,0.6,1.7,2.3,5.0,0,91.0,2.2,0,212.0,211.0,3.4,3.8,95,6,5,4
06.04.2019 07:00:00,6.0,24.0,18.8,0,0.31,0,0.9,3.1,4.0,9.0,0,90.0,2.1,0,213.0,204.0,2.6,2.8,95,7,5,4
06.04.2019 08:00:00,8.0,24.0,20.6,0,0.36,0,1.7,5.5,7.2,12.0,0,84.0,2.0,0,202.0,159.0,0.7,1.7,95,8,5,4
06.04.2019 09:00:00,9.0,44.0,22.9,0,0.3,0,1.5,5.2,6.6,24.0,0,77.0,2.7,0,47.0,41.0,2.9,1.9,95,9,5,4
06.04.2019 10:00:00,11.0,51.0,23.3,0,0.34,0,1.5,4.8,6.2,38.0,0,78.0,3.1,0,40.0,44.0,2.9,2.2,95,10,5,4
06.04.2019 11:00:00,14.0,52.0,23.8,0,0.38,0,1.5,6.8,8.3,37.0,0,78.0,3.0,0,37.0,28.0,2.8,2.4,95,11,5,4
06.04.2019 12:00:00,15.0,58.0,24.4,0,0.3,0,1.9,5.9,7.8,44.0,0,79.0,2.3,0,38.0,30.0,2.8,2.3,95,12,5,4
06.04.2019 13:00:00,12.0,61.0,24.3,0,0.3,0,1.0,4.5,5.5,36.0,0,79.0,2.6,0,25.0,20.0,2.9,2.2,95,13,5,4
06.04.2019 14:00:00,9.0,66.0,24.0,0,0.3,0,0.6,3.1,3.7,40.0,0,82.0,2.2,0,30.0,51.0,2.2,2.0,95,14,5,4
06.04.2019 15:00:00,10.0,62.0,24.3,0,0.42,0,1.0,7.5,8.4,42.0,0,80.0,2.1,0,27.0,347.0,2.3,1.7,95,15,5,4
06.04.2019 16:00:00,11.0,58.0,25.3,0,0.34,0,1.1,5.4,6.5,27.0,0,72.0,2.2,0,354.0,17.0,2.2,1.7,95,16,5,4
06.04.2019 17:00:00,11.0,62.0,24.9,0,0.34,0,0.6,5.0,5.6,34.0,0,74.0,2.2,0,47.0,35.0,2.0,2.0,95,17,5,4
06.04.2019 18:00:00,10.0,61.0,24.1,0,0.33,0,0.5,5.4,5.9,32.0,0,77.0,2.1,0,38.0,31.0,0.6,0.7,95,18,5,4
06.04.2019 19:00:00,12.0,35.0,23.2,0,0.48,0,0.6,12.0,13.0,27.0,0,81.0,1.9,0,206.0,204.0,2.3,1.7,95,19,5,4
06.04.2019 20:00:00,19.0,30.0,21.9,0,0.5,0,0.7,11.0,11.0,31.0,0,85.0,1.9,0,211.0,224.0,2.6,2.6,95,20,5,4
06.04.2019 21:00:00,26.0,37.0,21.9,0,0.51,0,0.6,8.8,9.4,43.0,0,83.0,1.9,0,218.0,215.0,3.5,3.0,95,21,5,4
06.04.2019 22:00:00,31.0,36.0,21.8,0,0.55,0,0.4,8.8,9.2,47.0,0,84.0,1.9,0,214.0,220.0,2.9,3.1,95,22,5,4
06.04.2019 23:00:00,34.0,39.0,22.2,0,0.61,0,0.4,11.0,12.0,53.0,0,82.0,2.1,0,210.0,216.0,3.0,3.1,95,23,5,4
06.04.2019 24:00:00,36.0,30.0,21.5,0,0.61,0,0.7,11.0,12.0,56.0,0,86.0,2.7,0,210.0,214.0,4.2,3.6,95,24,5,4
07.04.2019 01:00:00,33.0,28.0,20.8,0,0.58,0,0.6,8.0,8.6,47.0,0,89.0,2.9,0,210.0,204.0,2.6,3.5,96,1,6,4
07.04.2019 02:00:00,31.0,26.0,20.5,0,0.5,0,0.0,5.9,6.0,39.0,0,90.0,1.8,0,207.0,204.0,3.4,3.0,96,2,6,4
07.04.2019 03:00:00,30.0,30.0,20.8,0,0.47,0,0.0,5.1,5.1,46.0,0,90.0,1.6,0,213.0,216.0,1.4,2.6,96,3,6,4
07.04.2019 04:00:00,31.0,27.0,21.1,0,0.46,0,-0.2,5.8,5.6,48.0,0,90.0,2.2,0,211.0,233.0,1.4,1.4,96,4,6,4
07.04.2019 05:00:00,31.0,24.0,21.6,0,0.5,0,-0.1,7.2,7.2,61.0,0,89.0,2.4,0,240.0,206.0,1.0,0.2,96,5,6,4
07.04.2019 06:00:00,34.0,29.0,22.2,0,0.55,0,-0.1,9.3,9.2,58.0,0,86.0,2.7,0,204.0,355.0,0.9,0.8,96,6,6,4
07.04.2019 07:00:00,41.0,31.0,22.6,0,0.58,0,0.0,10.0,10.0,74.0,0,85.0,2.8,0,117.0,205.0,0.6,1.6,96,7,6,4
07.04.2019 08:00:00,43.0,32.0,23.1,0,0.58,0,0.5,11.0,12.0,67.0,0,83.0,2.8,0,181.0,160.0,2.0,1.3,96,8,6,4
07.04.2019 09:00:00,36.0,35.0,24.0,0,0.55,0,1.6,11.0,13.0,54.0,0,79.0,2.8,0,148.0,154.0,3.5,2.1,96,9,6,4
07.04.2019 10:00:00,32.0,62.0,26.3,0,0.41,0,0.9,6.8,7.7,58.0,0,69.0,2.6,0,206.0,221.0,4.6,3.9,96,10,6,4
07.04.2019 11:00:00,32.0,66.0,27.4,0,0.42,0,0.7,6.7,7.4,54.0,0,66.0,2.5,0,217.0,218.0,5.9,5.1,96,11,6,4
07.04.2019 12:00:00,32.0,73.0,28.0,0,0.0,0,0.7,6.9,7.7,56.0,0,64.0,2.041,0,240.0,20.0,2.5,2.0,96,12,6,4
07.04.2019 13:00:00,34.0,86.0,26.2,0,0.43,0,0.7,7.1,7.9,51.0,0,72.0,2.7,0,37.0,31.0,1.7,1.6,96,13,6,4
07.04.2019 14:00:00,33.0,82.0,28.1,0,0.34,0,0.3,4.8,5.1,50.0,0,62.0,2.3,0,245.0,229.0,4.8,1.4,96,14,6,4
07.04.2019 15:00:00,28.0,77.0,30.2,0,0.33,0,0.2,4.4,4.6,45.0,0,54.0,2.4,0,233.0,235.0,4.0,3.9,96,15,6,4
07.04.2019 16:00:00,28.0,79.0,29.9,0,0.36,0,0.4,5.3,5.7,50.0,0,56.0,2.5,0,224.0,223.0,4.2,4.2,96,16,6,4
07.04.2019 17:00:00,34.0,80.0,28.7,0,0.36,0,0.2,5.6,5.8,49.0,0,60.0,2.2,0,230.0,238.0,1.5,3.0,96,17,6,4
07.04.2019 18:00:00,35.0,74.0,28.0,0,0.41,0,0.2,9.3,9.5,48.0,0,63.0,2.0,0,230.0,258.0,1.9,0.6,96,18,6,4
07.04.2019 19:00:00,35.0,70.0,26.2,0,0.39,0,0.5,11.0,12.0,58.0,0,73.0,2.8,0,116.0,130.0,1.9,1.8,96,19,6,4
07.04.2019 20:00:00,35.0,57.0,25.4,0,0.38,0,0.2,17.0,17.0,56.0,0,78.0,3.7,0,109.0,290.0,0.5,0.8,96,20,6,4
07.04.2019 21:00:00,36.0,62.0,24.8,0,0.38,0,0.2,11.0,11.0,63.0,0,82.0,3.2,0,195.0,214.0,1.1,0.6,96,21,6,4
07.04.2019 22:00:00,36.0,36.0,23.9,0,0.42,0,0.2,12.0,12.0,55.0,0,86.0,2.3,0,212.0,216.0,3.6,2.7,96,22,6,4
07.04.2019 23:00:00,35.0,33.0,23.4,0,0.39,0,-0.1,8.2,8.1,50.0,0,88.0,2.2,0,217.0,225.0,1.7,2.5,96,23,6,4
07.04.2019 24:00:00,50.0,27.0,23.0,0,0.49,0,7.9,11.0,19.0,89.0,0,89.0,9.1,0,214.0,212.0,2.9,2.4,96,24,6,4
08.04.2019 01:00:00,48.0,28.0,22.2,0,0.37,0,-0.5,4.8,4.3,45.0,0,90.0,1.9,0,213.0,217.0,3.1,3.2,97,1,0,4
08.04.2019 02:00:00,29.0,28.0,22.0,0,0.37,0,1.7,2.5,4.2,39.0,0,90.0,2.3,0,216.0,218.0,2.8,3.0,97,2,0,4
08.04.2019 03:00:00,25.0,27.0,21.9,0,0.36,0,1.6,2.2,3.8,37.0,0,90.0,2.1,0,217.0,220.0,3.2,3.0,97,3,0,4
08.04.2019 04:00:00,24.0,27.0,21.8,0,0.34,0,1.7,1.8,3.5,36.0,0,90.0,2.0,0,216.0,212.0,3.3,2.8,97,4,0,4
08.04.2019 05:00:00,22.0,25.0,21.4,0,0.3,0,1.5,1.3,2.8,32.0,0,91.0,1.9,0,217.0,225.0,2.8,3.3,97,5,0,4
08.04.2019 06:00:00,19.0,25.0,21.3,0,0.29,0,1.6,1.9,3.5,29.0,0,90.0,2.0,0,212.0,211.0,4.2,3.0,97,6,0,4
08.04.2019 07:00:00,17.0,26.0,21.5,0,0.32,0,2.0,4.7,6.7,24.0,0,88.0,2.0,0,214.0,210.0,2.6,3.3,97,7,0,4
08.04.2019 08:00:00,19.0,21.0,23.3,0,0.44,0,5.4,11.0,16.0,36.0,0,83.0,2.0,0,195.0,69.0,1.0,1.4,97,8,0,4
08.04.2019 09:00:00,24.0,46.0,24.8,0,0.39,0,2.5,6.7,9.2,40.0,0,79.0,3.2,0,47.0,53.0,2.0,1.4,97,9,0,4
08.04.2019 10:00:00,26.0,61.0,25.4,0,0.35,0,2.3,4.0,6.3,41.0,0,78.0,4.0,0,53.0,56.0,3.8,2.8,97,10,0,4
08.04.2019 11:00:00,28.0,54.0,25.3,0,0.34,0,3.4,7.9,11.0,47.0,0,82.0,5.6,0,53.0,50.0,3.3,3.3,97,11,0,4
08.04.2019 12:00:00,31.0,54.0,25.5,0,0.36,0,3.1,5.2,8.3,50.0,0,83.0,6.4,0,52.0,50.0,3.4,3.1,97,12,0,4
08.04.2019 13:00:00,32.0,58.0,25.6,0,0.35,0,2.2,3.7,6.0,42.0,0,83.0,6.8,0,48.0,44.0,2.5,2.8,97,13,0,4
08.04.2019 14:00:00,32.0,67.0,25.8,0,0.36,0,2.3,5.2,7.5,49.0,0,81.0,5.8,0,48.0,45.0,2.7,2.5,97,14,0,4
08.04.2019 15:00:00,22.236,44.875,26.2,0,0.0,0,1.208,11.509,13.477,38.042,1.453,79.0,2.07,0,46.0,30.0,2.3,2.7,97,15,0,4
08.04.2019 16:00:00,32.0,68.0,26.7,0,0.35,0,1.208,11.502,13.469,44.0,0,78.0,3.0,0,32.0,45.0,2.0,2.1,97,16,0,4
08.04.2019 17:00:00,28.0,59.0,26.5,0,0.35,0,2.4,5.1,7.6,43.0,0,80.0,2.5,0,35.0,28.0,1.5,1.5,97,17,0,4
08.04.2019 18:00:00,21.0,45.0,26.2,0,0.35,0,2.5,11.0,14.0,45.0,0,81.0,2.4,0,20.0,255.0,0.6,0.6,97,18,0,4
08.04.2019 19:00:00,20.0,24.0,26.2,0,0.42,0,2.5,15.0,18.0,43.0,0,79.0,2.2,0,196.0,199.0,2.5,1.9,97,19,0,4
08.04.2019 20:00:00,21.0,17.0,24.9,0,0.34,0,3.4,10.0,14.0,31.0,0,83.0,2.2,0,205.0,208.0,3.4,2.7,97,20,0,4
08.04.2019 21:00:00,19.0,19.0,24.2,0,0.28,0,2.2,6.1,8.3,29.0,0,85.0,2.0,0,208.0,209.0,3.0,3.2,97,21,0,4
08.04.2019 22:00:00,17.0,17.0,23.8,0,0.26,0,2.2,5.1,7.4,28.0,0,86.0,1.9,0,208.0,209.0,3.3,2.9,97,22,0,4
08.04.2019 23:00:00,16.0,16.0,23.5,0,0.24,0,1.9,3.9,5.7,21.0,0,87.0,1.8,0,204.0,203.0,3.0,3.0,97,23,0,4
08.04.2019 24:00:00,15.0,18.0,23.6,0,0.22,0,1.5,3.0,4.5,20.0,0,86.0,1.7,0,215.0,221.0,1.4,2.0,97,24,0,4
09.04.2019 01:00:00,15.0,16.0,23.1,0,0.21,0,1.3,3.0,4.3,19.0,0,88.0,2.7,0,203.0,203.0,2.6,2.2,98,1,1,4
09.04.2019 02:00:00,15.0,18.0,22.9,0,0.2,0,1.5,2.0,3.5,17.0,0,89.0,1.6,0,210.0,205.0,2.9,2.7,98,2,1,4
09.04.2019 03:00:00,15.0,16.0,22.5,0,0.2,0,1.7,2.1,3.7,23.0,0,90.0,1.7,0,206.0,222.0,1.4,2.3,98,3,1,4
09.04.2019 04:00:00,13.0,13.0,22.3,0,0.22,0,1.7,2.3,4.0,17.0,0,90.0,1.7,0,209.0,207.0,2.1,1.9,98,4,1,4
09.04.2019 05:00:00,13.0,13.0,22.3,0,0.28,0,1.6,4.0,5.5,19.0,0,91.0,1.6,0,200.0,190.0,2.2,1.7,98,5,1,4
09.04.2019 06:00:00,17.0,9.6,22.2,0,0.39,0,2.1,7.0,9.1,25.0,0,92.0,1.9,0,204.0,201.0,1.1,2.0,98,6,1,4
09.04.2019 07:00:00,22.0,9.8,22.4,0,0.52,0,5.2,10.0,15.0,35.0,0,91.0,2.1,0,208.0,206.0,2.3,2.3,98,7,1,4
09.04.2019 08:00:00,28.0,12.0,23.8,0,0.62,0,9.5,13.0,23.0,43.0,0,86.0,2.6,0,201.0,70.0,1.3,1.1,98,8,1,4
09.04.2019 09:00:00,28.0,20.0,24.6,0,0.52,0,5.5,14.0,20.0,45.0,0,83.0,3.5,0,30.0,164.236,4.281,1.5,98,9,1,4
09.04.2019 10:00:00,32.0,29.0,25.1,0,0.59,0,7.2,21.0,28.0,63.0,0,81.0,4.8,0,43.0,40.0,2.0,1.7,98,10,1,4
09.04.2019 11:00:00,32.0,28.0,25.4,0,0.36,0,6.9,15.0,21.0,47.0,0,83.0,3.5,0,37.0,36.0,2.1,2.0,98,11,1,4
09.04.2019 12:00:00,28.0,49.0,26.5,0,0.33,0,3.2,7.2,10.0,48.0,0,78.0,4.1,0,44.0,53.0,4.2,3.1,98,12,1,4
09.04.2019 13:00:00,27.0,54.0,26.0,0,0.27,0,2.4,3.8,6.2,38.0,0,81.0,3.0,0,51.0,45.0,3.4,3.5,98,13,1,4
09.04.2019 14:00:00,28.0,70.0,26.7,0,0.32,0,2.3,4.8,7.0,53.0,0,78.0,3.3,0,48.0,53.0,2.6,3.3,98,14,1,4
09.04.2019 15:00:00,33.0,77.0,27.6,0,0.35,0,2.3,6.2,8.5,53.0,0,75.0,3.5,0,75.0,101.0,2.7,2.1,98,15,1,4
09.04.2019 16:00:00,35.0,76.0,27.4,0,0.35,0,2.4,7.2,9.6,59.0,0,76.0,3.4,0,89.0,83.0,3.4,2.8,98,16,1,4
09.04.2019 17:00:00,33.0,66.0,26.4,0,0.3,0,2.2,6.3,8.5,38.0,0,81.0,2.8,0,100.0,146.0,1.0,2.0,98,17,1,4
09.04.2019 18:00:00,28.0,53.0,26.4,0,0.34,0,2.6,13.0,16.0,55.0,0,83.0,2.9,0,69.0,34.0,1.1,0.3,98,18,1,4
09.04.2019 19:00:00,25.0,44.0,26.2,0,0.34,0,2.7,17.0,20.0,50.0,0,84.0,2.8,0,93.0,207.0,1.4,0.2,98,19,1,4
09.04.2019 20:00:00,27.0,33.0,25.9,0,0.37,0,2.3,12.0,15.0,46.0,0,85.0,2.2,0,216.0,238.0,1.6,1.8,98,20,1,4
09.04.2019 21:00:00,28.0,30.0,25.4,0,0.37,0,2.2,13.0,15.0,51.0,0,86.0,2.4,0,243.0,268.0,1.0,0.6,98,21,1,4
09.04.2019 22:00:00,28.0,22.0,24.7,0,0.34,0,2.0,9.5,12.0,39.0,0,89.0,2.1,0,208.0,216.0,2.9,2.3,98,22,1,4
09.04.2019 23:00:00,28.0,25.0,24.7,0,0.32,0,2.3,7.3,9.5,41.0,0,89.0,2.3,0,212.0,216.0,1.7,2.2,98,23,1,4
09.04.2019 24:00:00,27.0,21.0,24.5,0,0.33,0,2.1,9.5,12.0,42.0,0,89.0,2.6,0,197.0,199.0,2.0,1.7,98,24,1,4
10.04.2019 01:00:00,24.0,16.0,24.1,0,0.33,0,1.4,7.6,9.0,35.0,0,91.0,1.8,0,208.0,203.0,1.9,1.8,99,1,2,4
10.04.2019 02:00:00,26.0,8.6,23.7,0,0.29,0,2.2,9.9,12.0,31.0,0,92.0,2.0,0,204.0,201.0,1.8,2.0,99,2,2,4
10.04.2019 03:00:00,22.0,8.6,23.3,0,0.29,0,-0.1,7.2,7.1,30.0,0,93.0,1.9,0,208.0,3.2,0.8,0.8,99,3,2,4
10.04.2019 04:00:00,17.0,11.0,23.8,0,0.28,0,0.1,8.4,8.5,34.0,0,89.0,2.2,0,198.0,151.0,0.7,1.2,99,4,2,4
10.04.2019 05:00:00,12.0,18.0,25.7,0,0.21,0,-0.3,6.8,6.5,21.0,0,74.0,2.3,0,260.0,340.0,3.2,1.3,99,5,2,4
10.04.2019 06:00:00,15.0,8.6,24.6,0,0.3,0,0.6,14.0,15.0,34.0,0,82.0,2.7,0,66.0,187.0,1.1,0.2,99,6,2,4
10.04.2019 07:00:00,17.0,12.0,25.2,0,0.29,0,4.3,11.0,15.0,21.0,0,75.0,2.6,0,5.2,40.0,1.3,0.5,99,7,2,4
10.04.2019 08:00:00,16.0,11.0,25.7,0,0.34,0,8.8,13.0,22.0,35.0,0,78.0,3.2,0,21.0,23.0,3.3,2.0,99,8,2,4
10.04.2019 09:00:00,19.0,18.0,26.1,0,0.32,0,8.6,14.0,22.0,40.0,0,80.0,4.2,0,27.0,51.0,1.9,1.9,99,9,2,4
10.04.2019 10:00:00,22.0,28.0,26.6,0,0.27,0,1.254,11.331,14.305,35.0,0,79.0,3.8,0,24.0,22.0,2.7,2.2,99,10,2,4
10.04.2019 11:00:00,24.0,38.0,27.1,0,0.26,0,4.4,6.9,11.0,37.0,0,76.0,4.0,0,36.0,16.0,2.6,2.4,99,11,2,4
10.04.2019 12:00:00,20.0,46.0,29.2,0,0.27,0,4.3,8.0,12.0,37.0,0,63.0,3.4,0,33.0,45.0,2.3,1.2,99,12,2,4
10.04.2019 13:00:00,17.0,43.0,30.5,0,0.19,0,3.4,2.0,5.5,72.0,0,57.0,2.0,0,329.0,343.0,6.8,3.7,99,13,2,4
10.04.2019 14:00:00,19.0,35.0,25.4,0,0.21,0,3.7,2.9,6.6,56.0,0,81.0,1.6,0,350.0,8.3,8.2,7.0,99,14,2,4
10.04.2019 15:00:00,18.0,42.0,23.4,0,0.28,0,3.4,3.5,6.8,43.0,0,86.0,1.6,0,17.0,21.0,10.0,7.2,99,15,2,4
10.04.2019 16:00:00,12.0,44.0,22.0,0,0.35,0,3.6,5.8,9.4,41.0,0,89.0,1.4,0,34.0,29.0,4.5,5.7,99,16,2,4
10.04.2019 17:00:00,12.0,43.0,21.6,0,0.3,0,6.3,10.0,16.0,67.0,0,89.0,1.3,0,44.0,47.0,9.7,5.8,99,17,2,4
10.04.2019 18:00:00,14.0,54.0,21.0,0,0.26,0,3.5,2.8,6.3,53.0,0,89.0,2.2,0,47.0,46.0,7.5,7.3,99,18,2,4
10.04.2019 19:00:00,8.0,56.0,20.6,0,0.25,0,3.3,1.9,5.2,41.0,0.2,90.0,1.6,0,47.0,48.0,9.9,8.1,99,19,2,4
10.04.2019 20:00:00,10.0,58.0,20.5,0,0.23,0,3.1,1.3,4.4,47.0,0.2,91.0,1.2,0,46.0,45.0,7.1,7.4,99,20,2,4
10.04.2019 21:00:00,13.0,59.0,21.0,0,0.22,0,2.9,0.8,3.7,37.0,0.4,93.0,1.1,0,48.0,47.0,7.1,7.7,99,21,2,4
10.04.2019 22:00:00,10.0,60.0,21.0,0,0.21,0,3.0,0.9,3.9,27.0,1.0,94.0,1.0,0,49.0,45.0,6.2,7.0,99,22,2,4
10.04.2019 23:00:00,8.0,62.0,20.6,0,0.2,0,2.9,0.5,3.4,19.0,1.2,95.0,0.8,0,50.0,48.0,7.4,7.6,99,23,2,4
10.04.2019 24:00:00,8.0,61.0,20.6,0,0.21,0,2.9,0.4,3.4,23.0,1.4,95.0,0.9,0,50.0,54.0,5.7,6.3,99,24,2,4
11.04.2019 01:00:00,7.0,61.0,20.4,0,0.21,0,2.9,0.9,3.7,13.0,0.8,95.0,1.6,0,62.0,51.0,5.6,4.0,100,1,3,4
11.04.2019 02:00:00,6.0,61.0,20.4,0,0.22,0,0.8,1.6,2.4,13.0,0.6,94.0,1.6,0,75.0,87.0,3.2,2.5,100,2,3,4
11.04.2019 03:00:00,7.0,60.0,20.7,0,0.22,0,0.9,1.8,2.7,19.0,0.4,93.0,1.8,0,68.0,61.0,2.9,3.5,100,3,3,4
11.04.2019 04:00:00,5.0,61.0,20.7,0,0.22,0,1.0,1.6,2.6,20.0,0.6,93.0,1.7,0,61.0,50.0,6.4,3.8,100,4,3,4
11.04.2019 05:00:00,3.0,60.0,20.7,0,0.22,0,1.1,1.7,2.9,18.0,0.6,94.0,1.9,0,59.0,85.0,2.4,3.9,100,5,3,4
11.04.2019 06:00:00,4.0,60.0,20.7,0,0.22,0,1.0,1.4,2.4,3.0,0.2,94.0,1.7,0,116.0,104.0,0.9,1.1,100,6,3,4
11.04.2019 07:00:00,4.0,52.0,21.1,0,0.27,0,1.1,5.3,6.3,9.0,0.2,93.0,1.9,0,147.0,214.0,1.1,0.5,100,7,3,4
11.04.2019 08:00:00,3.0,35.0,21.0,0,0.35,0,1.4,13.0,14.0,8.0,0,94.0,2.4,0,209.0,216.0,2.3,1.7,100,8,3,4
11.04.2019 09:00:00,7.0,35.0,21.2,0,0.32,0,2.0,11.0,13.0,8.0,0,94.0,2.2,0,212.0,232.0,1.2,2.0,100,9,3,4
11.04.2019 10:00:00,10.0,40.0,22.1,0,0.3,0,2.1,8.8,11.0,7.0,0,90.0,2.2,0,188.0,147.0,1.5,1.1,100,10,3,4
11.04.2019 11:00:00,8.0,43.0,23.2,0,0.28,0,3.7,13.0,16.0,9.0,0,85.0,2.2,0,140.0,117.0,1.1,1.1,100,11,3,4
11.04.2019 12:00:00,8.0,53.0,23.2,0,0.25,0,2.3,6.7,9.0,46.0,0,85.0,2.8,0,55.0,21.0,1.3,1.6,100,12,3,4
11.04.2019 13:00:00,13.0,50.0,23.7,0,0.26,0,2.3,8.3,11.0,72.0,0,85.0,3.8,0,19.0,4.3,2.8,1.9,100,13,3,4
11.04.2019 14:00:00,12.0,51.0,24.2,0,0.28,0,1.9,6.5,8.4,53.0,0,84.0,2.3,0,2.3,344.0,2.0,2.4,100,14,3,4
11.04.2019 15:00:00,9.0,51.0,23.9,0,0.27,0,1.7,6.3,7.9,17.0,0,86.0,1.9,0,323.0,309.0,0.6,0.6,100,15,3,4
11.04.2019 16:00:00,7.0,52.0,22.4,0,0.26,0,1.7,5.1,6.8,5.0,1.4,88.0,1.5,0,338.0,349.0,6.4,4.5,100,16,3,4
11.04.2019 17:00:00,7.0,59.0,20.2,0,0.23,0,1.6,2.1,3.6,9.0,4.2,91.0,1.2,0,356.0,352.0,6.5,5.8,100,17,3,4
11.04.2019 18:00:00,7.0,59.0,19.6,0,0.22,0,1.3,2.2,3.5,21.0,2.4,91.0,1.2,0,8.9,0.9,3.3,5.3,100,18,3,4
11.04.2019 19:00:00,7.0,52.0,19.5,0,0.26,0,1.6,6.5,8.0,8.0,2.0,90.0,1.2,0,341.0,319.0,1.2,1.5,100,19,3,4
11.04.2019 20:00:00,6.0,49.0,19.0,0,0.24,0,1.6,7.5,9.1,4.0,6.2,93.0,1.0,0,318.0,313.0,2.4,0.8,100,20,3,4
11.04.2019 21:00:00,4.0,55.0,19.2,0,0.22,0,1.5,3.3,4.8,32.528,7.0,93.0,1.1,0,352.0,9.7,4.4,2.6,100,21,3,4
11.04.2019 22:00:00,5.0,56.0,19.7,0,0.18,0,1.4,1.8,3.2,44.0,2.4,91.0,1.1,0,20.0,22.0,8.8,6.4,100,22,3,4
11.04.2019 23:00:00,5.0,57.0,19.8,0,0.18,0,1.4,1.1,2.5,50.0,0.2,88.0,0.8,0,22.0,22.0,9.1,8.9,100,23,3,4
11.04.2019 24:00:00,6.0,58.0,19.8,0,0.19,0,1.2,1.0,2.2,47.0,0.2,87.0,0.8,0,20.0,21.0,8.9,7.8,100,24,3,4
12.04.2019 01:00:00,9.0,59.0,19.8,0,0.22,0,1.2,1.1,2.2,51.0,0,83.0,1.9,0,20.0,19.0,7.5,8.0,101,1,4,4
12.04.2019 02:00:00,8.0,56.0,19.5,0,0.26,0,0.5,1.8,2.3,45.0,0,80.0,2.5,0,18.0,10.0,4.4,6.2,101,2,4,4
12.04.2019 03:00:00,10.0,57.0,19.7,0,0.27,0,0.6,2.0,2.6,53.0,0,79.0,2.4,0,18.0,21.0,7.2,6.3,101,3,4,4
12.04.2019 04:00:00,11.0,58.0,19.4,0,0.27,0,0.6,2.3,2.9,49.0,0,80.0,2.5,0,18.0,20.0,8.0,7.2,101,4,4,4
12.04.2019 05:00:00,11.0,57.0,19.2,0,0.28,0,0.6,2.3,2.9,52.0,0,78.0,2.4,0,21.0,22.0,8.3,7.6,101,5,4,4
12.04.2019 06:00:00,11.0,58.0,19.2,0,0.31,0,0.5,2.6,3.1,53.0,0,77.0,2.4,0,21.0,17.0,5.7,7.0,101,6,4,4
12.04.2019 07:00:00,13.0,62.0,19.2,0,0.31,0,0.4,3.0,3.4,63.0,0,77.0,2.3,0,21.0,21.0,6.2,6.6,101,7,4,4
12.04.2019 08:00:00,14.0,62.0,19.4,0,0.3,0,1.0,3.9,4.9,66.0,0,76.0,2.3,0,24.0,26.0,5.8,5.6,101,8,4,4
12.04.2019 09:00:00,13.0,62.0,19.5,0,0.27,0,1.0,4.1,5.0,67.0,0,78.0,2.2,0,26.0,34.0,4.9,5.5,101,9,4,4
12.04.2019 10:00:00,14.0,61.0,19.7,0,0.26,0,1.0,4.5,5.6,72.0,0,78.0,2.2,0,42.0,39.0,5.2,4.9,101,10,4,4
12.04.2019 11:00:00,14.0,63.0,19.9,0,0.26,0,1.0,3.8,4.9,61.0,0,78.0,2.2,0,44.0,37.0,4.5,5.5,101,11,4,4
12.04.2019 12:00:00,14.0,64.0,20.2,0,0.24,0,1.1,3.5,4.6,58.0,0,76.0,2.0,0,47.0,51.0,6.7,6.0,101,12,4,4
12.04.2019 13:00:00,13.0,65.0,20.3,0,0.21,0,0.7,2.4,3.1,51.0,0,75.0,2.0,0,48.0,52.0,7.1,7.0,101,13,4,4
12.04.2019 14:00:00,11.0,65.0,20.2,0,0.2,0,0.6,2.3,2.9,47.0,0,74.0,2.1,0,52.0,55.0,5.8,6.8,101,14,4,4
12.04.2019 15:00:00,11.0,64.0,20.3,0,0.19,0,0.9,3.4,4.2,54.0,0,73.0,2.1,0,55.0,53.0,5.9,5.5,101,15,4,4
12.04.2019 16:00:00,12.0,66.0,20.4,0,0.19,0,0.5,2.9,3.4,50.0,0,72.0,1.9,0,54.0,53.0,6.6,6.0,101,16,4,4
12.04.2019 17:00:00,12.0,66.0,20.5,0,0.17,0,0.7,3.0,3.6,48.0,0,72.0,1.9,0,55.0,57.0,5.5,5.4,101,17,4,4
12.04.2019 18:00:00,12.0,65.0,20.5,0,0.17,0,0.7,2.5,3.2,51.0,0,72.0,1.9,0,60.0,58.0,4.7,4.6,101,18,4,4
12.04.2019 19:00:00,11.0,65.0,20.5,0,0.16,0,0.6,2.2,2.8,48.0,0,71.0,1.8,0,62.0,75.0,4.0,4.7,101,19,4,4
12.04.2019 20:00:00,10.0,63.0,20.6,0,0.17,0,0.8,2.6,3.4,37.0,0,71.0,1.8,0,72.0,70.0,3.7,3.4,101,20,4,4
12.04.2019 21:00:00,10.0,61.0,20.7,0,0.18,0,0.8,3.4,4.3,38.0,0,70.0,1.9,0,76.0,56.0,5.6,2.7,101,21,4,4
12.04.2019 22:00:00,9.0,62.0,20.5,0,0.17,0,0.8,2.9,3.7,33.0,0,73.0,2.4,0,116.0,136.0,2.7,2.5,101,22,4,4
12.04.2019 23:00:00,10.0,56.0,20.2,0,0.17,0,0.9,5.1,6.0,25.0,0,78.0,3.4,0,161.0,225.0,1.5,1.2,101,23,4,4
12.04.2019 24:00:00,13.0,42.0,19.7,0,0.23,0,2.4,9.7,12.0,31.0,0,83.0,5.3,0,216.0,219.0,2.5,2.3,101,24,4,4
13.04.2019 01:00:00,12.0,38.0,19.3,0,0.18,0,0.6,4.9,5.5,18.0,0,89.0,3.3,0,211.0,211.0,1.9,2.8,102,1,5,4
13.04.2019 02:00:00,7.0,41.0,19.6,0,0.15,0,1.0,4.0,5.0,22.0,0.2,90.0,1.8,0,191.0,138.0,2.0,1.3,102,2,5,4
13.04.2019 03:00:00,7.0,40.0,19.9,0,0.14,0,0.9,2.6,3.5,14.0,0,91.0,1.7,0,201.0,218.0,3.1,1.7,102,3,5,4
13.04.2019 04:00:00,7.0,35.0,19.5,0,0.14,0,0.9,2.8,3.7,13.0,0,92.0,2.1,0,211.0,216.0,2.5,2.3,102,4,5,4
13.04.2019 05:00:00,8.0,32.0,19.4,0,0.14,0,1.0,2.8,3.8,9.0,0,93.0,1.9,0,210.0,214.0,3.3,2.9,102,5,5,4
13.04.2019 06:00:00,8.0,30.0,19.4,0,0.16,0,1.1,3.0,4.1,7.0,0,93.0,1.6,0,214.0,209.0,3.7,2.9,102,6,5,4
13.04.2019 07:00:00,7.0,26.0,19.6,0,0.17,0,1.3,3.8,5.1,9.0,0,92.0,1.7,0,211.0,211.0,3.2,3.4,102,7,5,4
13.04.2019 08:00:00,9.0,24.0,20.6,0,0.23,0,2.4,6.5,8.9,5.0,0,89.0,1.5,0,210.0,187.0,1.0,1.8,102,8,5,4
13.04.2019 09:00:00,10.0,42.0,22.4,0,0.21,0,2.7,6.8,9.5,25.0,0,78.0,2.0,0,29.0,17.0,1.5,1.0,102,9,5,4
13.04.2019 10:00:00,11.0,48.0,23.3,0,0.22,0,2.3,10.0,12.0,32.0,0,72.0,3.7,0,32.0,39.0,1.3,0.8,102,10,5,4
13.04.2019 11:00:00,11.0,53.0,23.9,0,0.19,0,2.4,7.9,10.0,39.0,0,73.0,2.3,0,29.0,23.0,1.3,1.4,102,11,5,4
13.04.2019 12:00:00,7.0,51.0,23.7,0,0.2,0,1.8,7.6,9.4,32.0,1.0,78.0,1.8,0,344.0,344.0,2.7,3.3,102,12,5,4
13.04.2019 13:00:00,10.0,40.0,23.2,0,0.28,0,2.3,12.0,15.0,32.0,0.2,86.0,2.0,0,354.0,3.0,1.3,0.8,102,13,5,4
13.04.2019 14:00:00,12.0,36.0,23.5,0,0.27,0,2.4,12.0,14.0,27.0,0.4,87.0,2.0,0,120.0,47.0,1.8,0.3,102,14,5,4
13.04.2019 15:00:00,19.0,38.0,23.1,0,0.27,0,2.7,13.0,15.0,55.0,0.4,88.0,2.6,0,24.0,332.0,0.6,0.3,102,15,5,4
13.04.2019 16:00:00,22.0,30.0,23.1,0,0.31,0,1.8,16.0,17.0,40.0,1.0,90.0,2.0,0,4.0,342.0,1.0,0.7,102,16,5,4
13.04.2019 17:00:00,14.0,44.0,23.0,0,0.26,0,1.6,8.8,10.0,27.0,0,88.0,2.5,0,310.0,350.0,1.3,0.8,102,17,5,4
13.04.2019 18:00:00,14.0,32.0,22.7,0,0.29,0,1.7,12.0,14.0,18.0,0,92.0,1.8,0,216.0,220.0,3.5,2.3,102,18,5,4
13.04.2019 19:00:00,17.0,26.0,22.5,0,0.42,0,1.7,21.0,22.0,29.0,0,90.0,1.9,0,244.0,217.0,1.3,1.8,102,19,5,4
13.04.2019 20:00:00,20.0,11.0,22.1,0,0.53,0,4.5,25.0,30.0,30.0,0,93.0,2.1,0,205.0,206.0,1.6,1.1,102,20,5,4
13.04.2019 21:00:00,20.0,12.0,21.8,0,0.43,0,3.2,16.0,20.0,28.0,0,94.0,2.1,0,216.0,234.0,1.7,1.5,102,21,5,4
13.04.2019 22:00:00,19.0,17.0,21.7,0,0.36,0,1.3,11.0,13.0,26.0,0,94.0,2.0,0,209.0,217.0,1.8,1.3,102,22,5,4
13.04.2019 23:00:00,19.0,15.0,21.7,0,0.38,0,1.6,12.0,14.0,27.0,0,94.0,2.0,0,202.0,158.0,0.8,0.8,102,23,5,4
13.04.2019 24:00:00,16.0,23.0,21.8,0,0.31,0,0.8,8.8,9.6,26.0,0,94.0,2.0,0,224.0,236.0,1.2,0.8,102,24,5,4
14.04.2019 01:00:00,12.0,33.0,22.0,0,0.24,0,0.6,5.5,6.1,30.0,0,93.0,1.4,0,250.0,237.0,0.6,0.9,103,1,6,4
14.04.2019 02:00:00,10.0,45.0,22.1,0,0.2,0,0.6,2.8,3.4,20.0,0,92.0,2.2,0,324.0,345.0,1.8,0.9,103,2,6,4
14.04.2019 03:00:00,11.0,52.0,22.1,0,0.18,0,0.4,1.9,2.3,13.0,0,91.0,2.1,0,316.0,327.0,1.5,1.1,103,3,6,4
14.04.2019 04:00:00,7.0,55.0,22.0,0,0.17,0,0.4,1.5,1.9,15.0,0.2,91.0,1.9,0,328.0,332.0,1.3,2.3,103,4,6,4
14.04.2019 05:00:00,2.0,52.0,21.8,0,0.18,0,0.4,1.8,2.2,15.0,0,91.0,2.0,0,303.0,245.0,1.0,0.8,103,5,6,4
14.04.2019 06:00:00,5.0,36.0,21.4,0,0.18,0,0.3,2.2,2.6,15.0,0,93.0,1.9,0,226.0,232.0,1.1,1.1,103,6,6,4
14.04.2019 07:00:00,10.0,26.0,21.4,0,0.24,0,1.1,6.7,7.7,18.0,0,94.0,1.9,0,208.0,184.0,1.2,0.7,103,7,6,4
14.04.2019 08:00:00,12.0,40.0,22.1,0,0.26,0,1.5,7.0,8.5,23.0,0,90.0,2.1,0,4.0,332.0,1.6,0.5,103,8,6,4
14.04.2019 09:00:00,13.0,50.0,22.5,0,0.21,0,1.3,5.8,7.1,21.0,0,86.0,2.0,0,359.0,17.0,2.2,2.3,103,9,6,4
14.04.2019 10:00:00,11.0,51.0,22.3,0,0.21,0,1.2,6.6,7.8,27.0,0,86.0,2.0,0,11.0,18.0,3.1,2.3,103,10,6,4
14.04.2019 11:00:00,9.0,55.0,22.2,0,0.2,0,1.1,4.2,5.2,28.0,0,86.0,1.9,0,11.0,18.0,3.4,2.9,103,11,6,4
14.04.2019 12:00:00,10.0,59.0,22.2,0,0.2,0,1.1,4.9,6.1,31.0,0,86.0,2.1,0,23.0,32.0,2.4,2.5,103,12,6,4
14.04.2019 13:00:00,11.0,60.0,22.1,0,0.21,0,1.1,5.5,6.6,32.0,0,86.0,2.1,0,23.0,22.0,4.1,3.1,103,13,6,4
14.04.2019 14:00:00,10.0,62.0,21.8,0,0.2,0,1.0,3.7,4.7,34.0,0,86.0,1.7,0,20.0,19.0,4.1,3.9,103,14,6,4
14.04.2019 15:00:00,9.0,62.0,21.8,0,0.2,0,1.1,3.7,4.8,34.0,0,86.0,1.8,0,22.0,20.0,4.8,4.6,103,15,6,4
14.04.2019 16:00:00,10.0,61.0,21.8,0,0.21,0,0.8,3.5,4.3,36.0,0,85.0,1.5,0,19.0,18.0,2.7,3.3,103,16,6,4
14.04.2019 17:00:00,12.0,64.0,21.9,0,0.22,0,0.7,3.6,4.4,41.0,0,84.0,1.7,0,20.0,19.0,3.9,3.4,103,17,6,4
14.04.2019 18:00:00,14.0,63.0,21.8,0,0.22,0,0.7,3.6,4.3,40.0,0,85.0,1.6,0,2.8,7.9,6.0,3.8,103,18,6,4
14.04.2019 19:00:00,9.0,61.0,21.6,0,0.21,0,0.7,3.1,3.9,26.0,0,87.0,1.7,0,7.6,8.9,6.0,5.5,103,19,6,4
14.04.2019 20:00:00,7.0,59.0,21.8,0,0.2,0,0.9,2.5,3.5,27.0,0.2,86.0,1.5,0,20.0,22.0,9.9,7.8,103,20,6,4
14.04.2019 21:00:00,15.0,75.0,21.3,0,0.28,0,0.6,3.0,3.6,60.0,0.8,88.0,1.5,0,22.0,20.0,8.7,8.5,103,21,6,4
14.04.2019 22:00:00,26.0,83.0,21.5,0,0.3,0,0.7,4.9,5.6,97.0,0,78.0,2.0,0,21.0,22.0,6.5,6.5,103,22,6,4
14.04.2019 23:00:00,27.0,75.0,21.6,0,0.26,0,0.6,4.6,5.2,98.0,1.4,79.0,1.8,0,21.0,19.0,7.9,7.5,103,23,6,4
14.04.2019 24:00:00,23.0,77.0,21.1,0,0.24,0,0.4,3.3,3.7,96.0,0.6,76.0,1.6,0,25.0,21.0,8.4,7.1,103,24,6,4
15.04.2019 01:00:00,20.0,77.0,20.9,0,0.22,0,0.5,2.5,3.0,119.0,0.6,75.0,2.6,0,35.0,26.0,7.4,5.0,104,1,0,4
15.04.2019 02:00:00,19.0,72.0,21.2,0,0.18,0,0.2,1.6,1.7,112.0,0,73.0,2.4,0,25.0,23.0,7.5,7.0,104,2,0,4
15.04.2019 03:00:00,20.0,74.0,21.1,0,0.21,0,-0.1,1.9,1.7,119.0,0,71.0,2.3,0,30.0,38.0,5.5,5.8,104,3,0,4
15.04.2019 04:00:00,23.0,76.0,21.1,0,0.23,0,-0.2,2.0,1.8,120.0,0,71.0,2.2,0,27.0,22.0,6.5,5.6,104,4,0,4
15.04.2019 05:00:00,24.0,76.0,21.2,0,0.23,0,0.0,2.0,2.0,116.0,0,72.0,2.1,0,26.0,27.0,6.2,5.3,104,5,0,4
15.04.2019 06:00:00,24.0,75.0,21.1,0,0.24,0,-0.1,2.0,1.9,94.0,0,74.0,1.9,0,25.0,27.0,5.5,6.6,104,6,0,4
15.04.2019 07:00:00,27.0,75.0,21.0,0,0.26,0,0.0,2.6,2.6,98.0,0,76.0,1.8,0,32.0,48.0,8.8,6.5,104,7,0,4
15.04.2019 08:00:00,24.0,71.0,21.2,0,0.24,0,0.2,2.4,2.6,64.0,0,73.0,2.1,0,48.0,49.0,9.6,9.2,104,8,0,4
15.04.2019 09:00:00,17.0,68.0,21.1,0,0.22,0,0.2,1.6,1.8,62.0,0,71.0,1.7,0,49.0,50.0,8.9,9.4,104,9,0,4
15.04.2019 10:00:00,15.0,65.0,21.2,0,0.22,0,0.1,1.7,1.8,66.0,0,69.0,2.1,0,48.0,46.0,8.9,8.8,104,10,0,4
15.04.2019 11:00:00,17.0,68.0,21.3,0,0.21,0,0.0,2.0,2.0,65.0,0,66.0,2.5,0,50.0,49.0,8.2,8.8,104,11,0,4
15.04.2019 12:00:00,19.0,67.0,21.2,0,0.22,0,0.1,2.3,2.3,77.0,0,68.0,2.5,0,50.0,48.0,7.4,7.7,104,12,0,4
15.04.2019 13:00:00,19.0,70.0,21.0,0,0.21,0,-0.1,1.8,1.8,74.0,0,69.0,2.4,0,49.0,51.0,7.1,7.9,104,13,0,4
15.04.2019 14:00:00,16.0,71.0,21.0,0,0.22,0,0.0,2.2,2.2,71.0,0,68.0,2.3,0,52.0,50.0,7.5,6.8,104,14,0,4
15.04.2019 15:00:00,15.0,72.0,21.0,0,0.2,0,0.2,1.9,2.1,75.0,0,66.0,2.4,0,51.0,53.0,6.2,6.9,104,15,0,4
15.04.2019 16:00:00,14.0,71.0,21.0,0,0.2,0,0.4,1.8,2.2,80.0,0,66.0,2.2,0,53.0,51.0,7.2,6.3,104,16,0,4
15.04.2019 17:00:00,13.0,70.0,20.9,0,0.19,0,0.3,1.5,1.8,75.0,0,66.0,2.2,0,51.0,56.0,6.2,6.6,104,17,0,4
15.04.2019 18:00:00,11.0,70.0,20.9,0,0.18,0,0.3,2.0,2.3,70.0,0,65.0,2.3,0,53.0,51.0,6.3,6.1,104,18,0,4
15.04.2019 19:00:00,21.0,64.0,20.7,0,0.26,0,0.8,9.0,9.9,78.0,0,67.0,6.3,0,87.0,180.0,2.0,2.4,104,19,0,4
15.04.2019 20:00:00,25.0,44.0,19.8,0,0.3,0,0.7,22.0,22.0,48.0,0,74.0,5.5,0,185.0,163.0,2.5,1.6,104,20,0,4
15.04.2019 21:00:00,16.0,47.0,19.9,0,0.24,0,0.4,13.0,14.0,37.0,0,75.0,3.1,0,198.0,202.0,1.6,1.4,104,21,0,4
15.04.2019 22:00:00,13.0,40.0,19.7,0,0.24,0,0.6,11.0,12.0,29.0,0.2,78.0,2.9,0,200.0,194.0,2.1,1.8,104,22,0,4
15.04.2019 23:00:00,13.0,38.0,18.9,0,0.21,0,0.6,8.4,9.0,34.0,1.8,87.0,2.8,0,210.0,196.0,1.6,2.0,104,23,0,4
15.04.2019 24:00:00,15.0,41.0,18.6,0,0.2,0,0.1,6.0,6.1,23.0,1.8,91.0,2.6,0,213.0,211.0,3.3,2.4,104,24,0,4
16.04.2019 01:00:00,11.0,43.0,18.3,0,0.19,0,0.3,3.8,4.1,19.0,0,93.0,2.6,0,217.0,213.0,3.3,3.1,105,1,1,4
16.04.2019 02:00:00,9.0,38.0,18.4,0,0.2,0,0.5,3.5,4.1,20.0,0.2,94.0,2.4,0,214.0,213.0,3.3,3.3,105,2,1,4
16.04.2019 03:00:00,12.0,39.0,18.7,0,0.19,0,0.6,3.5,4.1,22.0,0.8,94.0,2.3,0,214.0,214.0,3.2,3.1,105,3,1,4
16.04.2019 04:00:00,11.0,37.0,19.0,0,0.19,0,0.3,3.1,3.4,28.0,0.2,94.0,2.0,0,214.0,229.0,1.7,2.6,105,4,1,4
16.04.2019 05:00:00,11.0,36.0,19.3,0,0.2,0,0.6,2.8,3.4,20.0,0,94.0,1.8,0,215.0,226.0,1.7,1.8,105,5,1,4
16.04.2019 06:00:00,11.0,46.0,19.6,0,0.21,0,0.6,2.8,3.4,22.0,5.6,95.0,1.6,0,266.0,342.0,2.4,0.9,105,6,1,4
16.04.2019 07:00:00,8.0,44.0,19.7,0,0.25,0,0.7,6.4,7.1,15.0,4.2,96.0,1.4,0,216.0,229.0,1.7,1.4,105,7,1,4
16.04.2019 08:00:00,7.0,41.0,19.8,0,0.31,0,0.9,10.0,11.0,6.0,0.6,96.0,1.6,0,222.0,202.0,1.2,1.2,105,8,1,4
16.04.2019 09:00:00,7.0,41.0,20.4,0,0.35,0,1.7,10.0,12.0,11.0,0,94.0,1.8,0,238.0,219.0,1.3,0.6,105,9,1,4
16.04.2019 10:00:00,7.0,44.0,21.2,0,0.3,0,1.6,7.4,9.0,11.0,0,92.0,1.7,0,223.0,269.0,0.9,1.0,105,10,1,4
16.04.2019 11:00:00,7.0,54.0,21.1,0,0.0,0,1.16,10.669,13.575,10.0,1.2,92.0,2.063,0,338.0,343.0,3.4,2.6,105,11,1,4
16.04.2019 12:00:00,6.0,57.0,20.5,0,0.0,0,1.159,10.664,13.623,15.0,0,93.0,2.063,0,340.0,332.0,2.5,2.7,105,12,1,4
16.04.2019 13:00:00,7.0,52.25,20.7,0,0.19,0,1.158,10.659,13.618,11.0,0,92.0,1.6,0,332.0,338.0,2.1,1.5,105,13,1,4
16.04.2019 14:00:00,14.319,52.441,20.5,0,0.19,0,1.157,10.636,13.597,44.806,0,91.0,1.5,0,328.0,327.0,3.9,2.7,105,14,1,4
16.04.2019 15:00:00,10.0,52.688,20.2,0,0.0,0,1.156,10.613,13.59,16.0,1.528,92.0,2.065,0,140.366,326.0,3.7,3.957,105,15,1,4
16.04.2019 16:00:00,11.0,52.907,20.1,0,0.0,0,1.155,10.577,13.568,20.0,0,91.0,2.065,0,328.0,151.247,4.077,3.3,105,16,1,4
16.04.2019 17:00:00,15.0,53.237,20.0,0,0.0,0,1.154,10.499,13.52,29.0,0,91.0,2.066,0,334.0,331.0,3.5,3.4,105,17,1,4
16.04.2019 18:00:00,21.0,53.372,19.8,0,0.24,0,0.0,8.9,8.9,47.0,0,90.0,1.0,0,336.0,340.0,3.6,2.9,105,18,1,4
16.04.2019 19:00:00,22.0,57.0,19.7,0,0.22,0,0.0,6.8,6.8,52.0,0,90.0,0.9,0,333.0,340.0,2.2,2.4,105,19,1,4
16.04.2019 20:00:00,20.0,60.0,19.8,0,0.2,0,0.0,5.8,5.8,44.0,0,90.0,0.8,0,321.0,290.0,1.2,1.9,105,20,1,4
16.04.2019 21:00:00,19.0,57.0,20.0,0,0.21,0,0.2,7.2,7.4,32.0,0,90.0,0.8,0,323.0,323.0,2.0,1.2,105,21,1,4
16.04.2019 22:00:00,15.0,48.0,19.9,0,0.24,0,-0.1,5.7,5.6,32.0,0,90.0,0.6,0,258.0,216.0,1.1,0.7,105,22,1,4
16.04.2019 23:00:00,17.0,31.0,19.7,0,0.27,0,0.2,10.0,10.0,35.0,0,93.0,0.6,0,190.0,258.0,0.5,0.4,105,23,1,4
16.04.2019 24:00:00,16.0,58.0,19.9,0,0.2,0,-0.2,3.2,3.0,29.0,0,89.0,0.6,0,322.0,314.0,1.1,0.8,105,24,1,4
17.04.2019 01:00:00,14.0,62.0,20.0,0,0.2,0,-0.1,1.6,1.5,27.0,0,87.0,2.2,0,313.0,302.0,2.0,1.5,106,1,2,4
17.04.2019 02:00:00,13.0,63.0,20.0,0,0.18,0,0.2,0.9,1.2,27.0,0,86.0,1.3,0,313.0,311.0,2.1,1.2,106,2,2,4
17.04.2019 03:00:00,11.0,60.0,20.0,0,0.18,0,0.4,0.7,1.1,18.0,0,86.0,1.3,0,286.0,213.0,1.3,0.8,106,3,2,4
17.04.2019 04:00:00,11.0,48.0,19.7,0,0.18,0,0.6,0.7,1.2,24.0,0,90.0,1.2,0,240.0,250.0,1.4,1.4,106,4,2,4
17.04.2019 05:00:00,10.0,40.0,19.5,0,0.19,0,0.3,1.1,1.4,24.0,0,91.0,1.3,0,216.0,222.0,1.4,1.1,106,5,2,4
17.04.2019 06:00:00,11.0,33.0,19.4,0,0.22,0,0.6,1.4,2.0,25.0,0,91.0,1.3,0,218.0,211.0,2.1,1.6,106,6,2,4
17.04.2019 07:00:00,12.0,25.0,19.2,0,0.29,0,1.1,3.7,4.9,18.0,0,92.0,1.2,0,218.0,211.0,2.3,2.2,106,7,2,4
17.04.2019 08:00:00,11.0,38.0,20.2,0,0.35,0,1.5,6.2,7.6,18.0,0,82.0,1.5,0,321.0,350.0,2.7,0.6,106,8,2,4
17.04.2019 09:00:00,11.0,58.0,21.8,0,0.27,0,1.2,3.6,4.8,25.0,0,74.0,1.5,0,2.3,13.0,3.6,2.9,106,9,2,4
17.04.2019 10:00:00,14.0,63.0,22.2,0,0.27,0,0.8,3.0,3.8,26.0,0,73.0,1.4,0,13.0,9.8,4.4,3.8,106,10,2,4
17.04.2019 11:00:00,15.0,57.244,22.5,0,0.28,0,1.081,9.887,12.697,24.0,0,71.0,1.3,0,6.0,13.0,4.3,3.7,106,11,2,4
17.04.2019 12:00:00,14.0,71.0,22.7,0,0.27,0,1.079,9.88,12.691,32.0,0,70.0,2.052,0,11.0,12.0,4.5,4.1,106,12,2,4
17.04.2019 13:00:00,13.0,74.0,22.9,0,0.28,0,1.3,2.9,4.2,36.0,0,69.0,1.9,0,19.0,24.0,5.1,4.4,106,13,2,4
17.04.2019 14:00:00,12.0,71.0,23.1,0,0.3,0,1.0,3.3,4.3,40.0,0,67.0,1.3,0,18.0,21.0,3.8,3.6,106,14,2,4
17.04.2019 15:00:00,15.0,73.0,23.2,0,0.3,0,1.4,3.4,4.8,53.0,0,67.0,1.0,0,30.0,37.0,3.2,3.2,106,15,2,4
17.04.2019 16:00:00,14.0,77.0,22.9,0,0.3,0,1.1,4.2,5.2,49.0,0,69.0,0.9,0,24.0,26.0,2.6,3.1,106,16,2,4
17.04.2019 17:00:00,13.0,78.0,22.6,0,0.33,0,0.9,5.2,6.1,35.0,0,72.0,1.1,0,28.0,26.0,1.6,2.1,106,17,2,4
17.04.2019 18:00:00,14.0,77.0,22.1,0,0.29,0,0.9,4.4,5.3,35.0,0,74.0,1.1,0,48.0,101.0,0.7,1.3,106,18,2,4
17.04.2019 19:00:00,15.0,52.0,21.1,0,0.37,0,0.8,10.0,11.0,29.0,0,81.0,0.9,0,204.0,199.0,2.3,1.4,106,19,2,4
17.04.2019 20:00:00,18.0,37.0,19.4,0,0.3,0,1.1,6.1,7.2,20.0,0,87.0,0.7,0,214.0,214.0,3.8,3.6,106,20,2,4
17.04.2019 21:00:00,15.0,36.0,18.9,0,0.28,0,1.4,5.5,6.8,30.0,0,88.0,0.6,0,216.0,220.0,4.0,3.8,106,21,2,4
17.04.2019 22:00:00,15.0,38.0,18.9,0,0.27,0,1.4,4.8,6.2,21.0,0,88.0,0.8,0,212.0,210.0,3.8,3.6,106,22,2,4
17.04.2019 23:00:00,17.0,40.0,18.8,0,0.27,0,1.5,4.5,6.0,23.0,0,89.0,0.9,0,210.0,207.0,3.8,3.8,106,23,2,4
17.04.2019 24:00:00,15.0,44.0,18.6,0,0.26,0,1.2,3.2,4.4,30.0,0,89.0,0.6,0,212.0,209.0,4.4,4.1,106,24,2,4
18.04.2019 01:00:00,14.0,43.0,18.7,0,0.25,0,0.9,2.1,3.1,24.0,0,88.0,1.3,0,210.0,210.0,4.5,4.3,107,1,3,4
18.04.2019 02:00:00,15.0,38.0,18.7,0,0.25,0,1.2,1.2,2.4,22.0,0,88.0,1.5,0,210.0,199.0,3.6,3.8,107,2,3,4
18.04.2019 03:00:00,16.0,48.0,19.8,0,0.25,0,1.2,0.9,2.1,20.0,0,84.0,1.4,0,214.0,216.0,3.9,4.6,107,3,3,4
18.04.2019 04:00:00,14.0,43.0,20.6,0,0.25,0,1.1,1.0,2.1,22.0,0,83.0,1.5,0,237.0,241.0,0.5,1.0,107,4,3,4
18.04.2019 05:00:00,12.0,38.0,20.4,0,0.27,0,1.3,2.0,3.3,19.0,0,84.0,1.4,0,235.0,255.0,0.5,0.6,107,5,3,4
18.04.2019 06:00:00,11.0,38.0,20.3,0,0.3,0,1.3,3.5,4.8,19.0,0,84.0,1.6,0,211.0,9.5,0.9,1.9,107,6,3,4
18.04.2019 07:00:00,11.0,29.0,20.7,0,0.37,0,2.7,8.9,12.0,19.0,0,84.0,1.5,0,205.0,199.0,2.4,2.6,107,7,3,4
18.04.2019 08:00:00,15.0,36.0,23.5,0,0.45,0,3.6,10.0,14.0,35.0,0,76.0,2.4,0,207.0,188.0,2.4,2.3,107,8,3,4
18.04.2019 09:00:00,21.0,55.0,26.0,0,0.47,0,2.8,8.7,11.0,39.0,0,68.0,3.1,0,193.0,176.0,3.5,3.1,107,9,3,4
18.04.2019 10:00:00,23.0,62.0,26.5,0,0.45,0,2.6,10.0,13.0,53.0,0,68.0,3.2,0,0.0,1.6,3.7,1.4,107,10,3,4
18.04.2019 11:00:00,18.0,67.0,24.9,0,0.32,0,2.9,9.8,13.0,45.0,0,75.0,3.1,0,29.0,36.0,2.3,2.9,107,11,3,4
18.04.2019 12:00:00,16.0,74.0,25.7,0,0.29,0,2.2,5.5,7.7,48.0,0,73.0,2.2,0,31.0,34.0,2.5,2.6,107,12,3,4
18.04.2019 13:00:00,19.0,83.0,26.4,0,0.29,0,1.8,4.5,6.2,49.0,0,67.0,2.1,0,19.0,15.0,3.1,2.9,107,13,3,4
18.04.2019 14:00:00,21.0,93.0,27.2,0,0.34,0,1.6,4.5,6.1,46.0,0,62.0,2.8,0,18.0,20.0,2.9,2.8,107,14,3,4
18.04.2019 15:00:00,22.0,94.0,27.4,0,0.36,0,1.6,6.1,7.7,60.0,0,63.0,2.6,0,13.0,8.5,3.1,2.9,107,15,3,4
18.04.2019 16:00:00,22.0,82.0,27.3,0,0.35,0,1.8,9.8,12.0,48.0,0,67.0,2.4,0,357.0,2.6,1.9,2.6,107,16,3,4
18.04.2019 17:00:00,21.0,75.0,26.8,0,0.34,0,1.9,9.5,11.0,55.0,0,70.0,2.1,0,351.0,336.0,2.0,2.1,107,17,3,4
18.04.2019 18:00:00,20.0,71.0,26.2,0,0.38,0,1.9,13.0,15.0,53.0,0,74.0,2.1,0,35.0,206.0,0.5,0.7,107,18,3,4
18.04.2019 19:00:00,19.0,34.0,24.9,0,0.45,0,1.8,18.0,20.0,41.0,0,80.0,2.1,0,206.0,205.0,2.5,1.6,107,19,3,4
18.04.2019 20:00:00,17.0,31.0,23.5,0,0.34,0,1.6,10.0,12.0,28.0,0,84.0,1.9,0,214.0,216.0,3.6,3.0,107,20,3,4
18.04.2019 21:00:00,19.0,33.0,22.8,0,0.31,0,1.2,5.9,7.1,29.0,0,85.0,1.8,0,214.0,214.0,3.9,3.6,107,21,3,4
18.04.2019 22:00:00,23.0,33.0,22.6,0,0.29,0,1.3,4.9,6.2,34.0,0,85.0,1.5,0,212.0,212.0,3.8,3.8,107,22,3,4
18.04.2019 23:00:00,22.0,31.0,22.5,0,0.28,0,1.2,4.4,5.6,33.0,0,86.0,1.4,0,211.0,214.0,3.0,3.2,107,23,3,4
18.04.2019 24:00:00,19.0,31.0,22.7,0,0.25,0,1.5,3.4,4.8,29.0,0,86.0,1.1,0,203.0,201.0,2.0,2.7,107,24,3,4
19.04.2019 01:00:00,14.0,30.0,22.7,0,0.23,0,1.3,2.5,3.8,24.0,0,87.0,1.6,0,206.0,206.0,3.4,2.6,108,1,4,4
19.04.2019 02:00:00,7.0,32.0,22.6,0,0.23,0,0.5,0.9,1.4,18.0,0,87.0,2.3,0,212.0,214.0,3.5,3.5,108,2,4,4
19.04.2019 03:00:00,6.0,33.0,22.7,0,0.22,0,0.5,0.6,1.1,21.0,0,86.0,2.1,0,211.0,206.0,3.0,3.6,108,3,4,4
19.04.2019 04:00:00,11.0,33.0,22.9,0,0.23,0,0.3,0.7,1.0,20.0,0,85.0,2.0,0,217.0,240.0,1.9,3.5,108,4,4,4
19.04.2019 05:00:00,14.0,37.0,23.5,0,0.24,0,0.3,1.1,1.4,25.0,0,82.0,2.0,0,225.0,221.0,2.9,2.3,108,5,4,4
19.04.2019 06:00:00,13.0,35.0,23.2,0,0.27,0,0.4,1.2,1.6,23.0,0,84.0,2.0,0,213.0,201.0,3.9,3.8,108,6,4,4
19.04.2019 07:00:00,16.0,43.0,23.2,0,0.32,0,0.8,3.7,4.4,24.0,0.2,86.0,2.1,0,220.0,213.0,3.0,3.5,108,7,4,4
19.04.2019 08:00:00,19.0,27.0,23.2,0,0.44,0,2.7,11.0,14.0,27.0,0,89.0,2.3,0,206.0,208.0,4.0,2.6,108,8,4,4
19.04.2019 09:00:00,18.0,33.0,24.3,0,0.4,0,1.9,5.5,7.4,24.0,0,85.0,2.4,0,214.0,221.0,2.4,2.6,108,9,4,4
19.04.2019 10:00:00,19.0,29.0,25.4,0,0.42,0,2.1,6.5,8.6,27.0,0,81.0,2.2,0,214.0,222.0,2.5,1.8,108,10,4,4
19.04.2019 11:00:00,19.0,47.0,25.9,0,0.38,0,2.6,9.6,12.0,41.0,0,76.0,3.0,0,19.0,17.0,1.8,1.5,108,11,4,4
19.04.2019 12:00:00,21.0,57.0,26.2,0,0.43,0,2.4,10.0,13.0,40.0,0,78.0,3.7,0,360.0,10.0,3.9,3.1,108,12,4,4
19.04.2019 13:00:00,25.0,80.0,27.2,0,0.45,0,1.9,8.9,11.0,50.0,0,76.0,4.1,0,350.0,356.0,4.1,4.2,108,13,4,4
19.04.2019 14:00:00,29.0,93.0,26.2,0,0.46,0,1.0,8.6,9.6,52.0,0,78.0,4.4,0,0.8,13.0,3.5,3.3,108,14,4,4
19.04.2019 15:00:00,34.0,85.0,25.2,0,0.42,0,1.0,10.0,11.0,66.0,0,84.0,4.4,0,33.0,6.1,2.7,2.5,108,15,4,4
19.04.2019 16:00:00,33.0,80.0,25.1,0,0.37,0,0.9,9.4,10.0,59.0,0,87.0,4.0,0,346.0,15.0,2.1,2.1,108,16,4,4
19.04.2019 17:00:00,29.0,68.0,25.0,0,0.36,0,0.7,9.9,11.0,52.0,1.2,91.0,3.0,0,349.0,360.0,1.7,1.7,108,17,4,4
19.04.2019 18:00:00,33.0,52.0,24.6,0,0.45,0,0.7,10.0,11.0,52.0,0.2,92.0,2.5,0,244.0,214.0,1.6,0.8,108,18,4,4
19.04.2019 19:00:00,34.0,48.0,24.1,0,0.46,0,0.9,8.5,9.3,44.0,2.0,93.0,2.3,0,225.0,237.0,1.5,1.8,108,19,4,4
19.04.2019 20:00:00,30.0,30.0,24.1,0,0.49,0,1.2,16.0,18.0,54.0,0,93.0,2.1,0,184.0,218.0,1.1,0.4,108,20,4,4
19.04.2019 21:00:00,28.0,29.0,23.9,0,0.44,0,0.9,13.0,14.0,44.0,0.2,94.0,2.0,0,202.0,215.0,2.2,0.8,108,21,4,4
19.04.2019 22:00:00,24.0,28.0,23.5,0,0.36,0,0.8,6.1,6.8,29.0,0,94.0,1.8,0,218.0,224.0,2.1,1.8,108,22,4,4
19.04.2019 23:00:00,20.0,29.0,23.2,0,0.3,0,0.6,3.7,4.4,23.0,0,93.0,1.8,0,215.0,221.0,2.6,2.2,108,23,4,4
19.04.2019 24:00:00,17.0,25.0,23.0,0,0.3,0,0.5,3.9,4.4,27.0,0,93.0,1.8,0,220.0,220.0,2.5,2.4,108,24,4,4
20.04.2019 01:00:00,15.0,22.0,22.8,0,0.31,0,0.4,4.8,5.1,27.0,0,93.0,3.0,0,212.0,212.0,2.7,2.3,109,1,5,4
20.04.2019 02:00:00,14.0,21.0,22.6,0,0.3,0,1.4,3.6,5.0,29.0,0,93.0,2.8,0,209.0,204.0,2.2,2.5,109,2,5,4
20.04.2019 03:00:00,14.0,22.0,22.6,0,0.3,0,1.4,3.2,4.6,27.0,0.2,94.0,2.9,0,208.0,202.0,2.0,2.1,109,3,5,4
20.04.2019 04:00:00,15.0,21.0,22.6,0,0.31,0,1.2,2.8,3.9,30.0,0.2,94.0,2.8,0,208.0,211.0,3.0,2.3,109,4,5,4
20.04.2019 05:00:00,17.0,23.0,22.5,0,0.33,0,1.0,3.0,3.9,27.0,0,95.0,2.8,0,215.0,213.0,2.6,2.5,109,5,5,4
20.04.2019 06:00:00,17.0,20.0,22.4,0,0.34,0,1.2,2.9,4.0,34.0,0,94.0,2.7,0,214.0,217.0,2.4,2.9,109,6,5,4
20.04.2019 07:00:00,16.0,16.0,22.6,0,0.41,0,2.3,5.9,8.2,33.0,0,94.0,2.7,0,208.0,206.0,2.4,2.2,109,7,5,4
20.04.2019 08:00:00,17.0,17.0,23.3,0,0.49,0,3.6,9.1,13.0,35.0,0,92.0,2.9,0,196.0,183.0,1.1,1.2,109,8,5,4
20.04.2019 09:00:00,19.0,39.0,24.2,0,0.4,0,2.7,7.8,10.0,40.0,0,90.0,3.4,0,62.0,56.0,1.5,0.8,109,9,5,4
20.04.2019 10:00:00,21.0,49.0,24.4,0,0.33,0,2.5,8.7,11.0,50.0,0,88.0,2.096,0,22.0,11.0,2.0,1.8,109,10,5,4
20.04.2019 11:00:00,19.0,56.0,24.9,0,0.28,0,2.8,6.0,8.8,42.0,0,85.0,1.6,0,358.0,358.0,4.0,2.5,109,11,5,4
20.04.2019 12:00:00,19.0,65.0,25.1,0,0.26,0,2.2,4.6,6.7,38.0,0,82.0,1.6,0,0.3,354.0,4.2,3.4,109,12,5,4
20.04.2019 13:00:00,16.0,71.0,25.2,0,0.24,0,2.0,3.8,5.8,26.0,0,81.0,1.4,0,354.0,356.0,4.3,4.3,109,13,5,4
20.04.2019 14:00:00,13.0,73.0,25.3,0,0.25,0,1.9,2.4,4.3,29.0,0,80.0,1.1,0,11.0,14.0,4.2,3.8,109,14,5,4
20.04.2019 15:00:00,15.0,73.0,25.0,0,0.3,0,2.0,2.7,4.6,27.0,0,81.0,1.2,0,21.0,52.0,2.7,2.9,109,15,5,4
20.04.2019 16:00:00,14.0,72.0,24.7,0,0.26,0,2.0,3.6,5.6,22.0,0,83.0,1.1,0,53.0,55.0,2.3,2.8,109,16,5,4
20.04.2019 17:00:00,14.0,75.0,24.6,0,0.25,0,1.8,3.3,5.1,19.0,0,83.0,1.4,0,56.0,74.0,2.1,2.1,109,17,5,4
20.04.2019 18:00:00,15.0,66.0,24.5,0,0.29,0,2.0,8.3,10.0,22.0,0,83.0,1.2,0,97.0,96.0,0.9,1.3,109,18,5,4
20.04.2019 19:00:00,14.0,63.0,24.3,0,0.28,0,1.8,7.8,9.6,31.0,0,85.0,1.0,0,68.0,142.0,1.1,0.7,109,19,5,4
20.04.2019 20:00:00,16.0,37.0,23.9,0,0.36,0,1.9,11.0,13.0,28.0,0,88.0,0.7,0,205.0,216.0,1.2,0.9,109,20,5,4
20.04.2019 21:00:00,16.0,22.0,23.3,0,0.34,0,2.0,10.0,12.0,27.0,0,90.0,0.7,0,201.0,195.0,1.5,1.4,109,21,5,4
20.04.2019 22:00:00,15.0,30.0,23.2,0,0.29,0,1.8,5.7,7.5,25.0,8.6,93.0,0.7,0,215.0,22.0,0.5,1.6,109,22,5,4
20.04.2019 23:00:00,15.0,43.0,23.1,0,0.28,0,1.3,5.7,7.0,21.0,7.8,95.0,0.7,0,205.0,232.0,1.0,0.7,109,23,5,4
20.04.2019 24:00:00,12.0,48.0,23.1,0,0.28,0,1.4,3.7,5.0,11.0,1.8,95.0,0.5,0,206.0,136.0,0.8,0.9,109,24,5,4
21.04.2019 01:00:00,10.0,47.0,23.1,0,0.31,0,1.3,4.7,6.0,21.0,0,95.0,1.0,0,246.0,225.0,1.6,0.2,110,1,6,4
21.04.2019 02:00:00,9.0,41.0,22.9,0,0.27,0,0.9,3.2,4.1,19.0,0.4,95.0,1.5,0,202.0,170.0,1.8,1.5,110,2,6,4
21.04.2019 03:00:00,8.0,40.0,23.0,0,0.26,0,0.9,3.1,4.0,15.0,4.8,95.0,2.1,0,211.0,341.0,1.5,1.1,110,3,6,4
21.04.2019 04:00:00,9.0,37.0,23.1,0,0.29,0,0.8,3.4,4.3,18.0,5.8,95.0,1.5,0,266.0,227.0,1.1,0.5,110,4,6,4
21.04.2019 05:00:00,11.0,31.0,23.0,0,0.31,0,1.0,3.4,4.4,6.0,6.0,96.0,1.4,0,213.0,202.0,1.9,2.0,110,5,6,4
21.04.2019 06:00:00,7.0,38.0,23.1,0,0.35,0,1.0,5.1,6.1,4.0,2.0,93.0,1.3,0,226.0,238.0,2.5,2.0,110,6,6,4
21.04.2019 07:00:00,7.0,47.0,23.3,0,0.29,0,0.9,5.6,6.5,14.0,0,88.0,1.5,0,246.0,237.0,1.7,1.5,110,7,6,4
21.04.2019 08:00:00,9.0,46.0,23.8,0,0.27,0,1.3,4.7,6.1,15.0,0,86.0,1.3,0,249.0,315.0,1.4,1.8,110,8,6,4
21.04.2019 09:00:00,10.0,49.0,24.5,0,0.35,0,1.7,8.4,10.0,19.0,0,84.0,1.4,0,63.0,57.0,1.7,1.1,110,9,6,4
21.04.2019 10:00:00,11.0,57.0,24.9,0,0.38,0,1.9,14.0,16.0,22.0,0,82.0,2.0,0,57.0,48.0,1.6,1.1,110,10,6,4
21.04.2019 11:00:00,11.0,63.0,25.4,0,0.29,0,2.1,9.8,12.0,18.0,0,80.0,2.5,0,51.0,49.0,1.9,1.5,110,11,6,4
21.04.2019 12:00:00,8.0,67.0,25.3,0,0.32,0,1.7,8.6,10.0,22.0,0,82.0,1.9,0,48.0,43.0,1.5,1.5,110,12,6,4
21.04.2019 13:00:00,12.0,71.0,25.4,0,0.27,0,1.5,5.1,6.6,18.0,0,81.0,1.6,0,48.0,46.0,2.1,2.0,110,13,6,4
21.04.2019 14:00:00,14.0,71.0,25.7,0,0.27,0,1.6,7.1,8.7,22.0,0,80.0,1.6,0,49.0,47.0,2.4,2.4,110,14,6,4
21.04.2019 15:00:00,11.0,76.0,25.4,0,0.3,0,1.5,5.7,7.2,29.0,0,81.0,1.6,0,45.0,48.0,1.8,2.0,110,15,6,4
21.04.2019 16:00:00,13.0,76.0,25.6,0,0.29,0,1.4,6.4,7.7,26.0,0,81.0,1.6,0,53.0,99.0,1.6,1.8,110,16,6,4
21.04.2019 17:00:00,15.0,72.0,25.5,0,0.26,0,1.3,5.4,6.7,26.0,0,82.0,1.9,0,84.0,50.0,2.0,1.2,110,17,6,4
21.04.2019 18:00:00,15.0,63.0,25.0,0,0.34,0,1.5,14.0,15.0,52.0,0,83.0,1.6,0,40.0,26.0,0.9,1.0,110,18,6,4
21.04.2019 19:00:00,16.0,41.0,24.6,0,0.38,0,1.4,20.0,21.0,45.0,0,85.0,1.4,0,211.0,204.0,2.1,0.5,110,19,6,4
21.04.2019 20:00:00,14.0,32.0,23.8,0,0.32,0,1.3,8.3,9.6,26.0,0,90.0,1.1,0,208.0,208.0,2.7,2.7,110,20,6,4
21.04.2019 21:00:00,12.0,29.0,23.6,0,0.3,0,1.4,6.4,7.8,26.0,0,91.0,1.0,0,212.0,233.0,1.3,2.2,110,21,6,4
21.04.2019 22:00:00,15.0,22.0,23.2,0,0.3,0,1.3,7.4,8.7,23.0,0,91.0,1.0,0,211.0,221.0,1.9,2.2,110,22,6,4
21.04.2019 23:00:00,13.0,21.0,23.1,0,0.26,0,1.1,5.6,6.7,28.0,0,92.0,1.3,0,215.0,206.0,1.6,2.1,110,23,6,4
21.04.2019 24:00:00,12.0,17.0,23.1,0,0.26,0,0.9,5.7,6.6,25.0,0,91.0,1.4,0,217.0,211.0,2.3,2.2,110,24,6,4
22.04.2019 01:00:00,15.0,14.0,23.2,0,0.26,0,0.8,5.0,5.8,22.0,0,91.0,1.6,0,214.0,207.0,2.4,2.2,111,1,0,4
22.04.2019 02:00:00,15.0,12.0,23.3,0,0.28,0,0.6,3.7,4.3,26.0,0,91.0,1.6,0,217.0,218.0,2.1,2.5,111,2,0,4
22.04.2019 03:00:00,15.0,13.0,23.2,0,0.27,0,0.4,3.5,3.8,17.0,0,91.0,1.3,0,215.0,216.0,3.6,3.4,111,3,0,4
22.04.2019 04:00:00,15.0,15.0,23.4,0,0.27,0,0.6,2.8,3.4,24.0,0,90.0,1.1,0,213.0,213.0,4.0,3.7,111,4,0,4
22.04.2019 05:00:00,13.0,14.0,23.2,0,0.3,0,0.8,3.0,3.7,26.0,0,91.0,1.1,0,209.0,212.0,3.3,3.3,111,5,0,4
22.04.2019 06:00:00,12.0,14.0,23.3,0,0.31,0,1.2,3.7,4.9,23.0,0,90.0,1.2,0,210.0,207.0,3.7,3.4,111,6,0,4
22.04.2019 07:00:00,12.0,12.0,23.6,0,0.38,0,4.4,6.3,11.0,29.0,0,90.0,1.4,0,207.0,205.0,3.3,3.3,111,7,0,4
22.04.2019 08:00:00,12.0,14.0,25.6,0,0.38,0,7.1,7.9,15.0,27.0,0,84.0,1.9,0,188.0,50.0,2.2,1.3,111,8,0,4
22.04.2019 09:00:00,15.0,26.0,26.6,0,0.34,0,4.3,9.4,14.0,46.0,0,78.0,2.4,0,18.0,27.0,2.0,1.6,111,9,0,4
22.04.2019 10:00:00,19.0,30.0,27.0,0,0.42,0,9.1,17.0,26.0,43.0,0,79.0,2.3,0,33.0,43.0,2.2,2.2,111,10,0,4
22.04.2019 11:00:00,17.0,51.0,27.6,0,0.27,0,1.6,4.5,6.1,20.0,0,78.0,1.5,0,43.0,35.0,1.6,2.2,111,11,0,4
22.04.2019 12:00:00,15.0,52.0,27.7,0,0.27,0,2.0,4.2,6.2,27.0,0,80.0,1.2,0,22.0,15.0,2.7,2.1,111,12,0,4
22.04.2019 13:00:00,14.0,54.0,27.8,0,0.22,0,1.8,3.3,5.1,20.0,0,80.0,1.2,0,44.0,46.0,2.4,2.1,111,13,0,4
22.04.2019 14:00:00,15.0,56.0,27.3,0,0.23,0,1.8,4.3,6.1,25.0,0,82.0,1.3,0,40.0,35.0,1.9,1.9,111,14,0,4
22.04.2019 15:00:00,14.0,48.0,27.1,0,0.24,0,1.8,3.7,5.5,28.0,0,82.0,1.6,0,34.0,54.0,1.8,1.5,111,15,0,4
22.04.2019 16:00:00,13.0,47.0,27.1,0,0.25,0,1.3,3.7,5.0,31.0,0,82.0,1.1,0,41.0,42.0,1.5,1.5,111,16,0,4
22.04.2019 17:00:00,19.0,51.0,27.2,0,0.3,0,1.5,7.4,9.0,43.0,0,82.0,2.2,0,34.0,120.0,0.9,1.2,111,17,0,4
22.04.2019 18:00:00,21.0,31.0,27.2,0,0.35,0,1.8,11.0,13.0,40.0,0,84.0,1.5,0,203.0,215.0,2.0,1.1,111,18,0,4
22.04.2019 19:00:00,24.0,21.0,26.3,0,0.34,0,1.1,7.1,8.2,36.0,1.2,89.0,1.0,0,220.0,216.0,2.8,1.6,111,19,0,4
22.04.2019 20:00:00,21.0,17.0,25.6,0,0.27,0,1.3,4.9,6.2,24.0,0.8,92.0,1.0,0,219.0,220.0,3.0,2.8,111,20,0,4
22.04.2019 21:00:00,11.0,15.0,25.2,0,0.23,0,1.3,4.7,5.9,22.0,0,92.0,1.0,0,217.0,215.0,4.0,3.5,111,21,0,4
22.04.2019 22:00:00,10.0,16.0,25.1,0,0.24,0,1.1,4.8,5.9,26.0,0,92.0,0.8,0,216.0,207.0,2.3,2.3,111,22,0,4
22.04.2019 23:00:00,14.0,14.0,25.1,0,0.23,0,1.6,5.4,7.0,33.0,0,92.0,0.9,0,206.0,192.0,1.3,2.0,111,23,0,4
22.04.2019 24:00:00,16.0,10.0,25.2,0,0.31,0,1.5,8.6,10.0,31.0,0,92.0,0.9,0,191.0,111.0,0.8,0.9,111,24,0,4
23.04.2019 01:00:00,16.0,7.7,25.2,0,0.36,0,0.9,9.4,10.0,31.0,0,92.0,1.7,0,220.0,223.0,2.3,1.8,112,1,1,4
23.04.2019 02:00:00,18.0,6.3,25.1,0,0.37,0,0.7,13.0,14.0,34.0,0,91.0,2.5,0,217.0,213.0,3.3,2.6,112,2,1,4
23.04.2019 03:00:00,19.0,7.6,24.7,0,0.31,0,0.7,9.2,9.9,30.0,0,91.0,2.5,0,210.0,208.0,2.9,2.6,112,3,1,4
23.04.2019 04:00:00,15.0,9.8,24.0,0,0.22,0,0.6,5.0,5.6,29.0,0,92.0,2.2,0,216.0,212.0,3.9,3.3,112,4,1,4
23.04.2019 05:00:00,11.0,17.0,24.1,0,0.19,0,0.8,3.0,3.8,27.0,0,90.0,2.0,0,220.0,214.0,2.3,2.7,112,5,1,4
23.04.2019 06:00:00,11.0,11.0,23.9,0,0.23,0,1.3,3.5,4.8,25.0,0,91.0,1.8,0,212.0,206.0,3.1,2.7,112,6,1,4
23.04.2019 07:00:00,13.0,10.0,24.4,0,0.3,0,3.5,6.0,9.5,29.0,0,90.0,2.2,0,217.0,217.0,2.7,3.1,112,7,1,4
23.04.2019 08:00:00,16.0,12.0,25.8,0,0.36,0,7.6,8.5,16.0,40.0,0,86.0,2.4,0,331.0,23.0,1.9,0.2,112,8,1,4
23.04.2019 09:00:00,20.0,24.0,26.0,0,0.32,0,5.6,11.0,16.0,42.0,0,87.0,2.6,0,22.0,23.0,2.6,2.2,112,9,1,4
23.04.2019 10:00:00,23.0,38.0,26.5,0,0.24,0,3.3,8.5,12.0,44.0,0,85.0,3.3,0,51.0,51.0,2.4,2.0,112,10,1,4
23.04.2019 11:00:00,19.0,45.0,26.6,0,0.22,0,2.5,5.3,7.7,47.0,0,85.0,2.6,0,48.0,41.0,2.7,2.3,112,11,1,4
23.04.2019 12:00:00,19.0,52.0,26.9,0,0.21,0,2.3,4.7,7.0,46.0,0,84.0,2.3,0,45.0,42.0,2.4,2.4,112,12,1,4
23.04.2019 13:00:00,22.0,55.0,27.7,0,0.24,0,2.9,9.4,12.0,51.0,0,81.0,2.6,0,26.0,19.0,2.5,2.2,112,13,1,4
23.04.2019 14:00:00,24.0,73.0,27.8,0,0.27,0,2.8,7.7,10.0,51.0,0,79.0,3.0,0,29.0,47.0,1.4,1.6,112,14,1,4
23.04.2019 15:00:00,24.0,75.0,29.3,0,0.26,0,2.2,5.4,7.6,39.0,0,71.0,2.7,0,83.0,90.0,2.6,2.2,112,15,1,4
23.04.2019 16:00:00,20.0,61.0,29.4,0,0.2,0,1.9,2.8,4.7,30.0,0,71.0,2.1,0,124.0,125.0,3.3,2.9,112,16,1,4
23.04.2019 17:00:00,18.0,56.0,28.7,0,0.21,0,2.1,4.2,6.2,31.0,0,75.0,2.2,0,96.0,54.0,2.2,2.0,112,17,1,4
23.04.2019 18:00:00,19.0,54.0,27.9,0,0.26,0,2.4,10.0,12.0,44.0,0,78.0,3.1,0,44.0,77.0,1.1,1.0,112,18,1,4
23.04.2019 19:00:00,21.0,49.0,27.5,0,0.26,0,1.8,6.1,8.0,41.0,0,81.0,2.0,0,173.0,214.0,1.4,0.6,112,19,1,4
23.04.2019 20:00:00,22.0,20.0,26.5,0,0.32,0,2.4,13.0,15.0,38.0,0,86.0,1.6,0,200.0,201.0,1.2,1.0,112,20,1,4
23.04.2019 21:00:00,20.0,13.0,25.5,0,0.31,0,2.5,10.0,13.0,41.0,0,89.0,1.5,0,207.0,208.0,2.5,1.9,112,21,1,4
23.04.2019 22:00:00,18.0,14.0,24.9,0,0.28,0,1.2,7.3,8.5,39.0,0,90.0,1.5,0,212.0,220.0,2.9,2.2,112,22,1,4
23.04.2019 23:00:00,17.0,14.0,25.0,0,0.29,0,1.5,6.7,8.2,37.0,0,89.0,1.6,0,208.0,202.0,2.7,2.4,112,23,1,4
23.04.2019 24:00:00,19.0,11.0,24.8,0,0.34,0,1.4,7.9,9.3,36.0,0,90.0,1.8,0,209.0,212.0,2.8,2.0,112,24,1,4
24.04.2019 01:00:00,19.0,9.7,24.8,0,0.37,0,1.2,8.3,9.5,39.0,0,90.0,2.8,0,212.0,213.0,2.9,2.3,113,1,2,4
24.04.2019 02:00:00,16.0,9.7,25.0,0,0.39,0,0.5,8.5,9.0,38.0,0,90.0,2.3,0,210.0,220.0,2.8,2.5,113,2,2,4
24.04.2019 03:00:00,17.0,12.0,24.5,0,0.36,0,0.8,7.2,8.0,38.0,0,90.0,2.5,0,222.0,218.0,1.7,2.4,113,3,2,4
24.04.2019 04:00:00,18.0,12.0,24.6,0,0.35,0,0.6,6.3,6.9,42.0,0,91.0,2.4,0,208.0,212.0,2.6,2.6,113,4,2,4
24.04.2019 05:00:00,19.0,15.0,24.4,0,0.32,0,0.6,5.1,5.8,39.0,0,91.0,2.4,0,208.0,207.0,2.4,2.7,113,5,2,4
24.04.2019 06:00:00,18.0,13.0,24.2,0,0.33,0,1.2,5.1,6.2,39.0,0,91.0,2.6,0,213.0,194.0,2.0,1.8,113,6,2,4
24.04.2019 07:00:00,17.0,11.0,24.6,0,0.38,0,4.0,7.6,12.0,39.0,0,90.0,2.8,0,202.0,192.0,2.0,2.1,113,7,2,4
24.04.2019 08:00:00,19.0,14.0,26.4,0,0.49,0,5.8,12.0,18.0,45.0,0,84.0,3.5,0,180.0,206.0,1.6,1.6,113,8,2,4
24.04.2019 09:00:00,25.0,24.0,28.7,0,0.53,0,5.4,15.0,20.0,50.0,0,77.0,3.7,0,223.0,5.4,3.0,0.6,113,9,2,4
24.04.2019 10:00:00,28.0,35.0,28.5,0,0.49,0,6.0,18.0,24.0,57.0,0,78.0,4.6,0,23.0,20.0,3.2,2.5,113,10,2,4
24.04.2019 11:00:00,27.0,52.0,27.9,0,0.34,0,4.3,14.0,18.0,49.0,0,79.0,6.4,0,44.0,43.0,2.9,2.9,113,11,2,4
24.04.2019 12:00:00,28.0,69.0,28.7,0,0.23,0,1.8,6.7,8.5,49.0,0,75.0,4.4,0,56.0,66.0,2.3,2.3,113,12,2,4
24.04.2019 13:00:00,28.0,85.0,30.1,0,0.29,0,1.8,7.6,9.4,41.0,0,69.0,4.3,0,96.0,85.0,3.1,2.5,113,13,2,4
24.04.2019 14:00:00,26.0,65.0,29.1,0,0.19,0,2.0,6.7,8.7,41.0,0,76.0,3.5,0,65.0,65.0,2.3,2.6,113,14,2,4
24.04.2019 15:00:00,19.0,59.0,28.9,0,0.16,0,2.3,8.8,11.0,38.0,0,78.0,4.2,0,38.0,13.0,1.7,1.6,113,15,2,4
24.04.2019 16:00:00,23.0,72.0,29.0,0,0.2,0,1.8,6.1,8.0,43.0,0,75.0,3.2,0,31.0,44.0,1.7,1.3,113,16,2,4
24.04.2019 17:00:00,26.0,66.0,28.6,0,0.2,0,1.6,6.3,7.9,42.0,0,77.0,2.6,0,21.0,24.0,1.9,2.1,113,17,2,4
24.04.2019 18:00:00,20.0,61.0,28.2,0,0.2,0,1.7,7.0,8.7,49.0,0,79.0,2.9,0,17.0,11.0,1.2,1.8,113,18,2,4
24.04.2019 19:00:00,19.0,50.0,28.5,0,0.23,0,1.4,5.2,6.6,42.0,0,79.0,2.1,0,148.0,166.0,1.6,0.5,113,19,2,4
24.04.2019 20:00:00,21.0,38.0,27.8,0,0.26,0,1.4,8.2,9.7,50.0,0,83.0,1.8,0,208.0,209.0,2.0,1.5,113,20,2,4
24.04.2019 21:00:00,23.0,25.0,27.5,0,0.28,0,1.3,9.7,11.0,54.0,0,86.0,1.9,0,204.0,205.0,0.8,1.3,113,21,2,4
24.04.2019 22:00:00,21.0,31.0,27.4,0,0.25,0,1.1,8.4,9.5,55.0,0,86.0,2.2,0,27.0,55.0,0.9,0.8,113,22,2,4
24.04.2019 23:00:00,21.0,30.0,27.4,0,0.2,0,1.4,6.1,7.6,45.0,0,86.0,1.9,0,118.0,156.0,0.6,0.3,113,23,2,4
24.04.2019 24:00:00,21.0,21.0,27.1,0,0.21,0,1.2,6.0,7.2,47.0,0,88.0,1.6,0,238.0,222.0,0.8,0.2,113,24,2,4
25.04.2019 01:00:00,19.0,20.0,26.8,0,0.18,0,1.0,4.4,5.3,35.0,0,89.0,2.1,0,216.0,50.0,0.6,1.0,114,1,3,4
25.04.2019 02:00:00,19.0,14.0,26.5,0,0.19,0,1.3,3.5,4.7,36.0,0,90.0,2.6,0,221.0,290.0,0.7,0.4,114,2,3,4
25.04.2019 03:00:00,19.0,13.0,26.3,0,0.19,0,1.2,3.7,4.9,36.0,0,91.0,2.8,0,190.0,214.0,0.7,0.2,114,3,3,4
25.04.2019 04:00:00,17.0,9.0,25.8,0,0.18,0,1.2,2.9,4.1,38.0,0,92.0,2.6,0,210.0,212.0,2.0,1.4,114,4,3,4
25.04.2019 05:00:00,19.0,12.0,25.2,0,0.18,0,1.0,3.1,4.1,40.0,0,91.0,2.4,0,219.0,217.0,2.8,2.4,114,5,3,4
25.04.2019 06:00:00,21.0,14.0,24.7,0,0.2,0,1.3,2.3,3.6,39.0,0,90.0,2.4,0,219.0,218.0,3.4,3.4,114,6,3,4
25.04.2019 07:00:00,21.0,15.0,25.6,0,0.24,0,2.0,3.7,5.6,46.0,0,88.0,2.5,0,215.0,197.0,2.0,2.9,114,7,3,4
25.04.2019 08:00:00,26.0,16.0,27.4,0,0.33,0,5.7,8.8,14.0,51.0,0,82.0,3.6,0,188.0,201.0,2.0,1.4,114,8,3,4
25.04.2019 09:00:00,31.0,25.0,28.0,0,0.27,0,4.5,7.0,11.0,54.0,0,81.0,4.6,0,21.0,26.0,2.8,2.5,114,9,3,4
25.04.2019 10:00:00,29.0,46.0,28.2,0,0.24,0,2.6,6.2,8.9,49.0,0,78.0,4.3,0,48.0,50.0,2.2,2.5,114,10,3,4
25.04.2019 11:00:00,30.0,64.0,28.2,0,0.26,0,2.4,6.3,8.7,46.0,0,75.0,3.7,0,47.0,49.0,2.4,2.1,114,11,3,4
25.04.2019 12:00:00,19.736,66.0,28.7,0,0.25,0,2.6,7.5,10.0,39.292,0,72.0,1.986,0,56.0,81.0,2.5,2.3,114,12,3,4
25.04.2019 13:00:00,28.0,81.0,29.3,0,0.25,0,2.4,5.2,7.6,45.0,0,66.0,4.3,0,58.0,31.0,1.9,2.2,114,13,3,4
25.04.2019 14:00:00,29.0,85.0,29.2,0,0.22,0,1.9,4.1,6.0,40.0,0,70.0,3.3,0,42.0,43.0,2.0,1.9,114,14,3,4
25.04.2019 15:00:00,30.0,87.0,29.1,0,0.21,0,1.9,4.4,6.3,44.0,0,73.0,3.3,0,50.0,57.0,2.9,2.6,114,15,3,4
25.04.2019 16:00:00,28.0,88.0,28.4,0,0.21,0,1.9,4.3,6.3,38.0,0,78.0,2.8,0,44.0,39.0,2.5,2.5,114,16,3,4
25.04.2019 17:00:00,27.0,86.0,27.7,0,0.22,0,2.0,3.8,5.8,46.0,0,83.0,2.7,0,47.0,49.0,1.4,1.5,114,17,3,4
25.04.2019 18:00:00,26.0,66.0,28.2,0,0.23,0,1.9,6.0,7.9,41.0,0,79.0,2.7,0,67.0,126.0,2.0,0.7,114,18,3,4
25.04.2019 19:00:00,24.0,50.0,27.6,0,0.26,0,1.8,8.7,10.0,44.0,0,81.0,3.2,0,147.0,155.0,1.9,1.3,114,19,3,4
25.04.2019 20:00:00,21.0,33.0,27.4,0,0.18,0,2.1,9.0,11.0,51.0,0,81.0,3.2,0,359.0,317.0,2.9,1.8,114,20,3,4
25.04.2019 21:00:00,19.0,25.0,27.1,0,0.17,0,2.2,5.8,8.0,36.0,0,79.0,2.5,0,296.0,224.0,1.3,1.1,114,21,3,4
25.04.2019 22:00:00,19.0,22.0,26.4,0,0.21,0,2.2,7.8,10.0,42.0,0,85.0,2.4,0,278.0,2.0,2.7,0.6,114,22,3,4
25.04.2019 23:00:00,15.0,47.0,25.7,0,0.18,0,1.8,3.2,4.9,27.0,0,85.0,2.5,0,12.0,356.0,1.2,2.2,114,23,3,4
25.04.2019 24:00:00,11.0,46.0,25.6,0,0.18,0,1.6,3.4,5.0,26.0,0,86.0,1.8,0,341.0,38.0,1.0,0.8,114,24,3,4
26.04.2019 01:00:00,9.0,53.0,25.6,0,0.18,0,1.6,3.3,4.9,25.0,0,84.0,3.6,0,25.0,26.0,1.6,1.9,115,1,4,4
26.04.2019 02:00:00,9.0,49.0,25.6,0,0.18,0,0.4,2.9,3.3,24.0,0,85.0,2.5,0,15.0,22.0,1.0,0.8,115,2,4,4
26.04.2019 03:00:00,9.0,50.0,25.4,0,0.19,0,0.2,2.7,3.0,27.0,0,86.0,2.7,0,18.0,24.0,1.8,1.4,115,3,4,4
26.04.2019 04:00:00,7.0,56.0,25.3,0,0.2,0,0.4,2.3,2.7,22.0,0,86.0,2.8,0,24.0,21.0,2.5,2.0,115,4,4,4
26.04.2019 05:00:00,7.0,61.0,24.7,0,0.21,0,0.5,2.5,3.0,12.0,0,85.0,2.6,0,22.0,14.0,2.3,2.9,115,5,4,4
26.04.2019 06:00:00,9.0,60.0,24.7,0,0.21,0,0.3,4.5,4.8,11.0,0,86.0,2.5,0,44.0,48.0,2.9,2.1,115,6,4,4
26.04.2019 07:00:00,9.0,64.0,24.7,0,0.21,0,0.3,2.2,2.5,11.0,0,85.0,2.6,0,48.0,47.0,3.6,3.2,115,7,4,4
26.04.2019 08:00:00,8.0,66.0,25.0,0,0.22,0,0.5,1.9,2.4,10.0,0,82.0,2.5,0,47.0,47.0,3.3,3.9,115,8,4,4
26.04.2019 09:00:00,8.0,65.0,25.5,0,0.23,0,1.0,4.4,5.4,14.0,0,80.0,2.1,0,47.0,47.0,4.5,3.9,115,9,4,4
26.04.2019 10:00:00,10.0,66.0,25.8,0,0.23,0,1.4,5.2,6.6,11.0,0,78.0,2.1,0,47.0,48.0,4.5,4.0,115,10,4,4
26.04.2019 11:00:00,11.0,70.0,26.1,0,0.23,0,0.6,2.7,3.2,7.0,0,76.0,2.0,0,49.0,51.0,3.6,4.2,115,11,4,4
26.04.2019 12:00:00,11.0,67.0,26.9,0,0.23,0,0.9,3.8,4.7,11.0,0,72.0,1.8,0,48.0,45.0,2.7,2.8,115,12,4,4
26.04.2019 13:00:00,10.0,68.0,27.3,0,0.23,0,0.9,3.3,4.2,11.0,0,73.0,2.1,0,43.0,36.0,2.5,2.4,115,13,4,4
26.04.2019 14:00:00,9.0,65.0,26.9,0,0.23,0,1.1,5.1,6.2,14.0,0,76.0,1.9,0,35.0,35.0,2.6,2.2,115,14,4,4
26.04.2019 15:00:00,10.0,62.0,26.5,0,0.27,0,1.4,6.8,8.2,29.0,0,80.0,1.8,0,33.0,35.0,4.1,3.1,115,15,4,4
26.04.2019 16:00:00,10.0,65.0,26.0,0,0.27,0,1.2,5.7,7.0,31.0,0,82.0,1.7,0,44.0,40.0,4.3,4.5,115,16,4,4
26.04.2019 17:00:00,11.0,62.0,25.8,0,0.3,0,1.6,7.9,9.5,32.0,0,83.0,1.9,0,39.0,32.0,4.4,3.9,115,17,4,4
26.04.2019 18:00:00,14.0,71.0,25.6,0,0.32,0,0.8,4.5,5.3,39.0,0,83.0,1.9,0,30.0,29.0,4.1,3.8,115,18,4,4
26.04.2019 19:00:00,18.0,75.0,25.7,0,0.35,0,0.7,4.1,4.8,45.0,0,84.0,2.2,0,41.0,39.0,4.9,4.1,115,19,4,4
26.04.2019 20:00:00,20.0,78.0,25.6,0,0.36,0,0.5,1.9,2.4,50.0,0,85.0,1.9,0,46.0,45.0,7.7,7.2,115,20,4,4
26.04.2019 21:00:00,19.0,75.0,25.5,0,0.35,0,0.4,2.0,2.4,47.0,0,84.0,1.8,0,49.0,49.0,7.3,7.6,115,21,4,4
26.04.2019 22:00:00,18.0,72.0,25.5,0,0.35,0,0.4,2.8,3.2,51.0,0,84.0,1.9,0,56.0,51.0,4.2,3.7,115,22,4,4
26.04.2019 23:00:00,17.0,74.0,25.4,0,0.33,0,0.5,1.9,2.4,48.0,0,84.0,1.6,0,46.0,38.0,5.1,5.1,115,23,4,4
26.04.2019 24:00:00,20.0,72.0,24.7,0,0.33,0,0.5,1.8,2.3,57.0,0,85.0,1.5,0,36.0,44.0,7.2,4.8,115,24,4,4
27.04.2019 01:00:00,22.0,75.0,24.5,0,0.34,0,0.5,1.5,2.0,47.0,0,84.0,2.3,0,47.0,46.0,8.6,8.3,116,1,5,4
27.04.2019 02:00:00,21.0,79.0,24.6,0,0.35,0,0.7,0.6,1.2,55.0,0,82.0,2.4,0,47.0,48.0,7.8,8.2,116,2,5,4
27.04.2019 03:00:00,21.0,77.0,24.7,0,0.34,0,1.0,0.6,1.7,55.0,0,81.0,2.4,0,47.0,49.0,8.8,8.4,116,3,5,4
27.04.2019 04:00:00,19.0,75.0,24.6,0,0.32,0,0.8,0.7,1.4,50.0,0,80.0,2.4,0,47.0,51.0,8.8,8.1,116,4,5,4
27.04.2019 05:00:00,16.0,75.0,24.6,0,0.31,0,1.0,0.5,1.5,51.0,0,78.0,2.3,0,54.0,51.0,7.2,7.4,116,5,5,4
27.04.2019 06:00:00,19.0,75.0,24.4,0,0.33,0,0.8,0.6,1.4,53.0,0.4,81.0,2.3,0,50.0,52.0,7.8,8.7,116,6,5,4
27.04.2019 07:00:00,21.0,73.0,24.0,0,0.32,0,1.0,1.3,2.3,54.0,1.2,88.0,2.3,0,54.0,49.0,9.0,6.3,116,7,5,4
27.04.2019 08:00:00,19.0,72.0,24.1,0,0.3,0,0.8,1.6,2.4,59.0,0,87.0,2.3,0,47.0,46.0,9.0,8.5,116,8,5,4
27.04.2019 09:00:00,16.0,73.0,23.9,0,0.29,0,1.0,1.6,2.6,68.0,0,85.0,2.2,0,44.0,46.0,8.3,7.9,116,9,5,4
27.04.2019 10:00:00,18.0,74.0,23.5,0,0.29,0,1.1,1.7,2.8,71.0,0,83.0,2.3,0,46.0,47.0,9.0,8.2,116,10,5,4
27.04.2019 11:00:00,19.0,76.0,23.3,0,0.29,0,1.0,1.3,2.2,71.0,0,82.0,2.1,0,49.0,50.0,8.7,8.6,116,11,5,4
27.04.2019 12:00:00,19.0,73.0,23.1,0,0.28,0,0.8,1.4,2.2,64.0,0,82.0,2.2,0,49.0,50.0,8.7,8.2,116,12,5,4
27.04.2019 13:00:00,19.0,71.0,22.9,0,0.27,0,1.0,1.2,2.2,66.0,0.2,86.0,2.1,0,51.0,50.0,7.8,7.5,116,13,5,4
27.04.2019 14:00:00,16.0,69.0,23.3,0,0.25,0,1.0,0.8,1.8,63.0,0.8,90.0,1.9,0,50.0,49.0,7.0,7.5,116,14,5,4
27.04.2019 15:00:00,11.0,67.0,23.3,0,0.24,0,0.9,1.0,1.9,50.0,0.4,90.0,2.0,0,51.0,53.0,6.4,7.4,116,15,5,4
27.04.2019 16:00:00,14.0,64.0,23.3,0,0.24,0,1.2,2.1,3.4,45.0,0.6,91.0,2.0,0,66.0,66.0,4.9,4.7,116,16,5,4
27.04.2019 17:00:00,15.0,64.0,23.4,0,0.24,0,1.3,2.2,3.4,48.0,0.4,92.0,1.9,0,56.0,57.0,5.1,5.3,116,17,5,4
27.04.2019 18:00:00,12.0,63.0,23.3,0,0.23,0,1.2,1.7,2.9,47.0,0.6,93.0,1.9,0,55.0,54.0,5.5,4.9,116,18,5,4
27.04.2019 19:00:00,11.0,63.0,24.2,0,0.23,0,1.0,1.5,2.5,54.0,0.2,91.0,1.9,0,53.0,49.0,5.1,5.1,116,19,5,4
27.04.2019 20:00:00,11.0,63.0,23.9,0,0.22,0,1.0,0.8,1.8,49.0,1.2,93.0,1.8,0,47.0,41.0,4.5,5.3,116,20,5,4
27.04.2019 21:00:00,11.0,63.0,23.7,0,0.21,0,0.8,1.6,2.4,42.0,1.2,94.0,2.0,0,47.0,46.0,5.4,5.2,116,21,5,4
27.04.2019 22:00:00,10.0,63.0,23.9,0,0.21,0,0.8,1.2,1.9,42.0,2.4,94.0,1.8,0,49.0,51.0,6.1,6.3,116,22,5,4
27.04.2019 23:00:00,8.0,63.0,24.2,0,0.22,0,0.8,0.8,1.7,36.0,1.2,94.0,1.8,0,47.0,47.0,5.1,6.2,116,23,5,4
27.04.2019 24:00:00,11.0,64.0,24.6,0,0.25,0,1.0,0.7,1.7,30.0,1.2,94.0,1.6,0,66.0,103.0,2.2,3.0,116,24,5,4
28.04.2019 01:00:00,11.0,65.0,25.0,0,0.27,0,1.1,0.6,1.6,35.0,0,93.0,2.5,0,72.0,61.0,2.4,2.1,117,1,6,4
28.04.2019 02:00:00,11.0,64.0,25.4,0,0.24,0,1.2,0.8,2.0,32.0,1.2,93.0,2.2,0,72.0,61.0,3.0,1.9,117,2,6,4
28.04.2019 03:00:00,10.0,62.0,25.5,0,0.24,0,1.0,0.3,1.3,33.0,0,93.0,2.1,0,96.0,207.0,1.1,1.0,117,3,6,4
28.04.2019 04:00:00,8.0,43.0,25.3,0,0.24,0,0.8,1.5,2.3,26.0,0,94.0,2.9,0,211.0,218.0,2.0,1.8,117,4,6,4
28.04.2019 05:00:00,9.0,33.0,24.2,0,0.23,0,0.6,2.7,3.3,27.0,0,95.0,2.6,0,211.0,212.0,2.9,2.5,117,5,6,4
28.04.2019 06:00:00,7.0,25.0,23.4,0,0.2,0,0.7,1.9,2.5,25.0,0,94.0,2.0,0,215.0,212.0,3.6,3.2,117,6,6,4
28.04.2019 07:00:00,3.0,24.0,23.5,0,0.19,0,1.0,2.1,3.1,20.0,0,93.0,2.3,0,216.0,214.0,3.6,3.0,117,7,6,4
28.04.2019 08:00:00,7.0,23.0,24.9,0,0.2,0,1.4,2.4,3.8,15.0,0,89.0,2.4,0,215.0,214.0,2.1,2.4,117,8,6,4
28.04.2019 09:00:00,9.0,35.0,27.7,0,0.22,0,1.5,2.6,4.1,12.0,0,74.0,2.1,0,222.0,220.0,3.5,2.4,117,9,6,4
28.04.2019 10:00:00,10.0,47.0,27.9,0,0.24,0,1.9,4.7,6.6,46.0,0,76.0,3.5,0,30.0,51.0,2.7,2.3,117,10,6,4
28.04.2019 11:00:00,11.0,52.0,26.5,0,0.25,0,1.7,4.7,6.4,46.0,0,81.0,2.6,0,353.0,332.0,5.6,4.1,117,11,6,4
28.04.2019 12:00:00,15.0,52.0,24.5,0,0.19,0,1.4,3.1,4.5,43.0,0,87.0,2.1,0,326.0,340.0,4.0,3.9,117,12,6,4
28.04.2019 13:00:00,17.0,53.0,25.2,0,0.22,0,1.7,4.3,6.0,65.0,0,85.0,2.3,0,14.0,30.0,2.8,2.6,117,13,6,4
28.04.2019 14:00:00,16.0,58.0,25.7,0,0.21,0,1.3,2.7,4.0,72.0,0,84.0,1.8,0,32.0,55.0,2.2,2.2,117,14,6,4
28.04.2019 15:00:00,19.0,57.0,26.5,0,0.22,0,1.5,3.3,4.8,74.0,0,81.0,1.8,0,13.0,8.5,3.1,3.0,117,15,6,4
28.04.2019 16:00:00,17.0,57.0,27.0,0,0.21,0,1.3,2.4,3.7,57.0,0,78.0,1.9,0,42.0,47.0,1.9,2.0,117,16,6,4
28.04.2019 17:00:00,14.0,56.0,27.1,0,0.22,0,1.3,5.6,7.0,47.0,0,76.0,1.8,0,51.0,77.0,1.5,1.8,117,17,6,4
28.04.2019 18:00:00,12.0,53.0,27.2,0,0.23,0,1.5,6.8,8.3,30.0,0,68.0,2.1,0,215.0,174.0,1.5,1.5,117,18,6,4
28.04.2019 19:00:00,13.0,47.0,26.5,0,0.23,0,1.2,6.9,8.1,21.0,0,69.0,2.0,0,209.0,256.0,1.8,1.9,117,19,6,4
28.04.2019 20:00:00,16.0,28.0,25.7,0,0.32,0,1.9,15.0,17.0,26.0,0,78.0,2.3,0,209.0,201.0,1.8,0.9,117,20,6,4
28.04.2019 21:00:00,15.0,25.0,24.8,0,0.29,0,1.5,8.9,10.0,26.0,0,83.0,2.1,0,201.0,199.0,1.6,1.5,117,21,6,4
28.04.2019 22:00:00,12.0,19.0,24.2,0,0.29,0,1.4,8.2,9.6,27.0,0,87.0,1.9,0,204.0,207.0,2.6,2.2,117,22,6,4
28.04.2019 23:00:00,11.0,16.0,23.7,0,0.27,0,1.0,6.6,7.5,29.0,0,89.0,2.0,0,199.0,194.0,1.6,1.8,117,23,6,4
28.04.2019 24:00:00,12.0,16.0,23.6,0,0.24,0,1.0,5.4,6.4,27.0,0,89.0,2.0,0,207.0,212.0,1.5,2.0,117,24,6,4
29.04.2019 01:00:00,11.0,16.0,23.6,0,0.22,0,0.5,4.2,4.8,25.0,0,89.0,1.8,0,211.0,213.0,2.3,2.3,118,1,0,4
29.04.2019 02:00:00,11.0,15.0,23.4,0,0.23,0,0.3,3.5,3.7,28.0,0,90.0,2.5,0,203.0,191.0,1.6,2.2,118,2,0,4
29.04.2019 03:00:00,10.0,15.0,23.3,0,0.22,0,0.2,3.7,3.8,24.0,0,90.0,3.3,0,205.0,207.0,2.0,2.0,118,3,0,4
29.04.2019 04:00:00,12.0,14.0,23.2,0,0.22,0,0.2,4.0,4.2,22.0,0,90.0,3.3,0,213.0,216.0,2.8,2.2,118,4,0,4
29.04.2019 05:00:00,16.0,15.0,23.1,0,0.21,0,0.4,4.7,5.2,32.0,0,90.0,4.2,0,214.0,214.0,2.8,2.3,118,5,0,4
29.04.2019 06:00:00,17.0,12.0,22.7,0,0.21,0,0.3,4.2,4.5,25.0,0,91.0,3.0,0,214.0,213.0,3.2,2.8,118,6,0,4
29.04.2019 07:00:00,16.0,15.0,23.2,0,0.24,0,1.2,4.6,5.8,24.0,0,90.0,3.5,0,215.0,215.0,2.4,2.6,118,7,0,4
29.04.2019 08:00:00,15.0,30.0,25.0,0,0.26,0,2.5,7.0,9.5,30.0,0,86.0,4.6,0,158.0,45.0,1.3,0.4,118,8,0,4
29.04.2019 09:00:00,15.0,45.0,25.9,0,0.2,0,1.1,4.9,6.1,41.0,0,84.0,4.2,0,25.0,41.0,2.0,1.3,118,9,0,4
29.04.2019 10:00:00,13.0,53.0,26.6,0,0.17,0,1.3,3.1,4.4,28.0,0,82.0,3.1,0,48.0,48.0,3.7,3.1,118,10,0,4
29.04.2019 11:00:00,13.0,59.0,27.0,0,0.17,0,1.0,2.2,3.2,21.0,0,80.0,2.8,0,48.0,50.0,3.3,3.2,118,11,0,4
29.04.2019 12:00:00,13.889,53.875,27.2,0,0.0,0,1.24,9.647,11.06,40.222,0,79.0,2.014,0,46.0,37.0,2.8,3.0,118,12,0,4
29.04.2019 13:00:00,15.0,53.708,27.8,0,0.18,0,1.0,2.3,3.2,38.0,0,78.0,2.5,0,41.0,44.0,3.7,3.2,118,13,0,4
29.04.2019 14:00:00,14.0,58.0,27.6,0,0.17,0,0.9,1.2,2.1,24.0,0,79.0,2.8,0,47.0,46.0,3.5,3.9,118,14,0,4
29.04.2019 15:00:00,13.0,58.0,27.6,0,0.19,0,1.2,3.7,4.9,35.0,0,80.0,2.6,0,44.0,47.0,2.7,2.5,118,15,0,4
29.04.2019 16:00:00,15.0,62.0,27.4,0,0.22,0,1.1,3.8,4.8,40.0,0,79.0,2.9,0,33.0,51.0,2.1,1.9,118,16,0,4
29.04.2019 17:00:00,15.0,68.0,27.4,0,0.28,0,0.8,3.4,4.3,41.0,0,77.0,3.0,0,42.0,43.0,1.6,1.6,118,17,0,4
29.04.2019 18:00:00,15.0,61.0,27.1,0,0.21,0,0.9,4.7,5.6,23.0,0,80.0,2.4,0,44.0,53.0,0.9,1.1,118,18,0,4
29.04.2019 19:00:00,15.0,50.0,26.8,0,0.28,0,0.8,7.3,8.0,32.0,0,82.0,2.7,0,110.0,206.0,1.4,0.6,118,19,0,4
29.04.2019 20:00:00,17.0,26.0,26.1,0,0.35,0,1.3,12.0,13.0,36.0,0,86.0,1.8,0,203.0,183.0,2.2,2.3,118,20,0,4
29.04.2019 21:00:00,19.0,24.0,25.4,0,0.32,0,1.3,9.4,11.0,28.0,0,88.0,2.0,0,206.0,210.0,3.1,2.7,118,21,0,4
29.04.2019 22:00:00,19.0,21.0,24.9,0,0.28,0,0.8,5.3,6.1,29.0,0,88.0,2.1,0,213.0,209.0,4.1,3.7,118,22,0,4
29.04.2019 23:00:00,19.0,18.0,24.6,0,0.32,0,0.6,6.3,6.9,34.0,0,88.0,2.0,0,212.0,209.0,3.8,3.6,118,23,0,4
29.04.2019 24:00:00,17.0,15.0,24.6,0,0.43,0,0.7,8.9,9.5,34.0,0,88.0,2.0,0,211.0,206.0,3.6,3.0,118,24,0,4
30.04.2019 01:00:00,18.0,17.0,24.4,0,0.41,0,0.5,7.4,7.9,42.0,0,88.0,2.3,0,209.0,218.0,2.4,2.8,119,1,1,4
30.04.2019 02:00:00,23.0,20.0,24.4,0,0.33,0,0.3,5.1,5.4,38.0,0,88.0,2.7,0,210.0,195.0,2.0,2.4,119,2,1,4
30.04.2019 03:00:00,24.0,19.0,24.3,0,0.34,0,0.2,5.3,5.5,37.0,0,89.0,2.6,0,208.0,202.0,2.7,2.5,119,3,1,4
30.04.2019 04:00:00,24.0,19.0,24.1,0,0.33,0,0.3,5.0,5.3,38.0,0,89.0,2.5,0,210.0,206.0,3.3,3.1,119,4,1,4
30.04.2019 05:00:00,24.0,16.0,24.5,0,0.42,0,0.3,9.9,10.0,46.0,0,88.0,2.7,0,216.0,218.0,3.6,3.1,119,5,1,4
30.04.2019 06:00:00,25.0,20.0,24.5,0,0.35,0,0.1,8.3,8.5,39.0,0,88.0,2.7,0,220.0,221.0,3.4,3.0,119,6,1,4
30.04.2019 07:00:00,23.0,19.0,25.0,0,0.33,0,1.4,6.6,8.0,33.0,0,86.0,2.6,0,215.0,211.0,2.7,2.7,119,7,1,4
30.04.2019 08:00:00,22.0,19.0,27.0,0,0.44,0,5.2,12.0,17.0,38.0,0,80.0,3.1,0,169.0,33.0,1.7,0.6,119,8,1,4
30.04.2019 09:00:00,28.0,28.0,28.2,0,0.57,0,8.5,23.0,31.0,52.0,0,75.0,5.4,0,66.0,56.0,2.6,2.7,119,9,1,4
30.04.2019 10:00:00,29.0,47.0,28.6,0,0.46,0,6.8,21.0,27.0,50.0,0,74.0,5.2,0,46.0,78.0,3.5,2.1,119,10,1,4
30.04.2019 11:00:00,26.0,62.0,28.6,0,0.27,0,1.4,7.1,8.5,40.0,0,74.0,4.0,0,79.0,77.0,3.4,3.4,119,11,1,4
30.04.2019 12:00:00,21.0,41.75,28.5,0,0.0,0,1.24,10.025,11.494,32.0,0,79.0,2.058,0,48.0,29.0,1.6,2.0,119,12,1,4
30.04.2019 13:00:00,15.0,56.0,28.6,0,0.19,0,1.1,4.5,5.6,40.0,0,81.0,3.2,0,22.0,19.0,2.2,2.0,119,13,1,4
30.04.2019 14:00:00,12.0,54.0,28.5,0,0.19,0,1.2,3.7,5.0,34.0,0,83.0,3.7,0,43.0,51.0,2.7,1.9,119,14,1,4
30.04.2019 15:00:00,15.0,63.0,28.3,0,0.25,0,1.0,8.7,9.7,41.0,0,80.0,3.7,0,55.0,96.0,2.7,2.2,119,15,1,4
30.04.2019 16:00:00,19.0,56.0,27.6,0,0.21,0,0.9,8.5,9.3,30.0,0,83.0,5.5,0,154.0,198.0,2.5,1.5,119,16,1,4
30.04.2019 17:00:00,20.0,44.0,27.6,0,0.22,0,0.9,9.6,11.0,29.0,0,81.0,5.1,0,187.0,270.0,1.9,1.9,119,17,1,4
30.04.2019 18:00:00,20.0,40.0,28.0,0,0.21,0,1.0,8.2,9.2,37.0,0,78.0,3.1,0,317.0,330.0,2.8,1.2,119,18,1,4
30.04.2019 19:00:00,19.0,29.0,27.8,0,0.18,0,1.0,6.2,7.1,28.0,0,73.0,2.3,0,343.0,358.0,3.6,1.9,119,19,1,4
30.04.2019 20:00:00,19.0,33.0,26.6,0,0.2,0,0.7,5.9,6.7,43.0,0,82.0,2.4,0,0.4,12.0,4.1,3.4,119,20,1,4
30.04.2019 21:00:00,17.0,50.0,25.5,0,0.29,0,0.5,3.4,3.9,42.0,0,87.0,1.8,0,24.0,23.0,3.8,3.9,119,21,1,4
30.04.2019 22:00:00,11.0,49.0,25.0,0,0.27,0,0.6,3.2,3.8,42.0,0,87.0,1.7,0,37.0,49.0,5.4,4.3,119,22,1,4
30.04.2019 23:00:00,12.0,48.0,24.6,0,0.25,0,0.6,3.0,3.6,35.0,0,87.0,1.8,0,47.0,44.0,4.1,4.8,119,23,1,4
30.04.2019 24:00:00,13.0,47.0,24.8,0,0.25,0,0.7,2.8,3.5,48.0,0,86.0,1.6,0,44.0,17.0,2.0,2.8,119,24,1,4
01.05.2019 01:00:00,8.0,45.0,24.7,0,0.25,0,0.6,3.0,3.7,47.0,0,88.0,3.7,0,35.0,39.0,3.3,2.2,120,1,2,5
01.05.2019 02:00:00,9.0,43.0,24.9,0,0.23,0,0.6,1.8,2.3,33.0,2.8,90.0,2.5,0,72.0,38.0,0.7,0.5,120,2,2,5
01.05.2019 03:00:00,9.0,43.0,24.7,0,0.24,0,0.4,2.4,2.8,37.0,0.4,92.0,2.8,0,27.0,23.0,3.5,2.4,120,3,2,5
01.05.2019 04:00:00,6.0,42.0,24.2,0,0.22,0,0.3,2.5,2.8,23.0,24.0,93.0,2.4,0,12.0,1.8,2.1,2.4,120,4,2,5
01.05.2019 05:00:00,8.0,40.0,23.6,0,0.21,0,0.4,1.6,2.0,16.0,18.0,95.0,1.8,0,1.5,353.0,1.9,0.8,120,5,2,5
01.05.2019 06:00:00,7.0,54.0,22.8,0,0.18,0,0.4,1.3,1.7,22.0,28.0,95.0,2.0,0,13.0,10.0,8.2,6.1,120,6,2,5
01.05.2019 07:00:00,7.0,56.0,21.6,0,0.2,0,0.6,1.7,2.3,25.0,4.4,93.0,1.8,0,9.4,6.7,6.1,6.6,120,7,2,5
01.05.2019 08:00:00,7.0,53.0,21.2,0,0.25,0,0.8,2.1,2.9,38.0,2.8,91.0,1.5,0,16.0,22.0,9.0,6.9,120,8,2,5
01.05.2019 09:00:00,8.0,53.0,20.9,0,0.29,0,0.8,3.0,3.8,31.0,2.4,92.0,1.7,0,16.0,8.0,6.1,6.9,120,9,2,5
01.05.2019 10:00:00,5.0,56.0,20.8,0,0.31,0,1.0,3.2,4.2,32.0,2.4,93.0,1.5,0,17.0,19.0,6.5,6.8,120,10,2,5
01.05.2019 11:00:00,5.0,56.0,20.5,0,0.32,0,0.9,3.3,4.1,33.0,2.6,92.0,1.3,0,8.8,358.0,5.6,5.7,120,11,2,5
01.05.2019 12:00:00,8.0,58.0,20.6,0,0.29,0,0.9,3.2,4.1,30.0,1.0,90.0,1.4,0,9.1,12.0,5.8,5.4,120,12,2,5
01.05.2019 13:00:00,7.0,58.0,20.7,0,0.28,0,0.8,2.9,3.7,44.0,1.6,90.0,1.4,0,8.7,0.2,4.0,4.2,120,13,2,5
01.05.2019 14:00:00,5.0,55.0,20.7,0,0.27,0,0.8,4.3,5.1,26.0,0.4,91.0,1.4,0,346.0,323.0,1.8,2.3,120,14,2,5
01.05.2019 15:00:00,3.0,51.0,21.0,0,0.27,0,1.0,5.5,6.5,19.0,0,88.0,1.4,0,336.0,320.0,1.7,1.4,120,15,2,5
01.05.2019 16:00:00,7.0,57.0,21.6,0,0.23,0,0.6,3.8,4.4,44.0,0,82.0,1.1,0,8.7,16.0,6.1,4.2,120,16,2,5
01.05.2019 17:00:00,8.0,61.0,21.9,0,0.22,0,0.9,2.2,3.0,50.0,0,80.0,1.1,0,19.0,20.0,6.6,6.4,120,17,2,5
01.05.2019 18:00:00,11.0,61.0,22.1,0,0.22,0,0.6,2.4,3.0,57.0,0,78.0,1.2,0,21.0,22.0,7.6,7.4,120,18,2,5
01.05.2019 19:00:00,15.0,62.0,22.2,0,0.22,0,0.4,2.2,2.6,56.0,0.2,77.0,1.1,0,22.0,24.0,6.9,6.8,120,19,2,5
01.05.2019 20:00:00,15.0,68.0,22.1,0,0.23,0,0.5,2.7,3.2,71.0,0,76.0,1.0,0,30.0,38.0,5.2,4.9,120,20,2,5
01.05.2019 21:00:00,19.0,74.0,21.9,0,0.26,0,0.5,2.8,3.3,73.0,0,74.0,1.1,0,35.0,31.0,4.5,4.0,120,21,2,5
01.05.2019 22:00:00,18.0,75.0,21.8,0,0.24,0,0.5,2.3,2.8,61.0,0,73.0,0.9,0,45.0,43.0,4.7,4.7,120,22,2,5
01.05.2019 23:00:00,19.0,77.0,21.9,0,0.26,0,0.5,2.2,2.7,78.0,0,73.0,1.0,0,45.0,49.0,5.0,4.1,120,23,2,5
01.05.2019 24:00:00,28.0,74.0,21.7,0,0.33,0,0.5,2.7,3.1,66.0,0,73.0,1.1,0,66.0,90.0,1.7,2.4,120,24,2,5
02.05.2019 01:00:00,31.0,55.0,20.2,0,0.32,0,0.5,2.8,3.2,63.0,0,83.0,0.9,0,182.0,190.0,1.5,1.3,121,1,3,5
02.05.2019 02:00:00,29.0,49.0,19.8,0,0.35,0,0.5,1.2,1.6,55.0,0,86.0,2.4,0,197.0,194.0,1.2,1.2,121,2,3,5
02.05.2019 03:00:00,15.507,64.0,20.9,0,0.38,0,0.2,1.2,1.4,76.0,0,80.0,2.2,0,76.0,61.0,4.2,1.7,121,3,3,5
02.05.2019 04:00:00,15.566,97.0,23.0,0,0.42,0,0.0,1.3,1.3,121.0,0,68.0,2.5,0,49.0,50.0,8.6,7.4,121,4,3,5
02.05.2019 05:00:00,15.596,96.0,23.0,0,0.46,0,0.0,1.9,1.8,165.0,0,68.0,2.5,0,50.0,51.0,7.7,7.0,121,5,3,5
02.05.2019 06:00:00,15.572,89.0,23.2,0,0.43,0,0.1,2.1,2.2,187.0,0,68.0,2.6,0,50.0,49.0,8.3,7.2,121,6,3,5
02.05.2019 07:00:00,15.533,85.0,23.3,0,0.41,0,0.4,2.8,3.2,173.0,0,66.0,2.4,0,51.0,55.0,6.7,7.4,121,7,3,5
02.05.2019 08:00:00,15.508,81.0,23.0,0,0.38,0,0.5,2.9,3.3,153.0,0,65.0,2.3,0,79.0,127.0,3.4,4.4,121,8,3,5
02.05.2019 09:00:00,15.497,78.0,22.0,0,0.37,0,0.5,4.2,4.7,114.0,0,69.0,3.0,0,126.0,148.0,3.2,2.5,121,9,3,5
02.05.2019 10:00:00,15.486,59.0,20.7,0,0.4,0,1.0,18.0,19.0,88.0,0,76.0,7.8,0,191.0,203.0,3.6,3.0,121,10,3,5
02.05.2019 11:00:00,15.502,58.0,20.2,0,0.38,0,0.8,15.0,15.0,70.0,0,79.0,4.3,0,201.0,179.0,1.4,2.3,121,11,3,5
02.05.2019 12:00:00,21.0,53.0,20.4,0,0.32,0,1.2,18.0,19.0,54.0,0,75.0,5.9,0,190.0,207.0,2.3,1.7,121,12,3,5
02.05.2019 13:00:00,23.0,52.0,20.7,0,0.33,0,0.9,18.0,18.0,56.0,0,77.0,4.9,0,205.0,219.0,3.4,2.3,121,13,3,5
02.05.2019 14:00:00,22.0,56.0,20.7,0,0.33,0,1.1,14.0,15.0,46.0,0.2,81.0,4.4,0,202.0,201.0,2.8,2.6,121,14,3,5
02.05.2019 15:00:00,24.0,53.0,20.8,0,0.35,0,0.9,17.0,18.0,52.0,0,85.0,5.6,0,193.0,220.0,0.9,1.3,121,15,3,5
02.05.2019 16:00:00,25.0,66.0,20.9,0,0.33,0,0.5,8.8,9.3,58.0,1.0,86.0,2.3,0,96.0,83.0,2.6,1.2,121,16,3,5
02.05.2019 17:00:00,23.0,84.0,20.8,0,0.3,0,0.6,3.2,3.8,64.0,2.8,86.0,1.7,0,62.0,54.0,7.0,5.3,121,17,3,5
02.05.2019 18:00:00,24.0,85.0,20.5,0,0.29,0,0.6,1.9,2.5,61.0,1.0,83.0,1.5,0,62.0,77.0,4.2,5.6,121,18,3,5
02.05.2019 19:00:00,25.0,82.0,20.6,0,0.26,0,0.6,2.0,2.6,58.0,1.2,81.0,1.5,0,65.0,78.0,4.0,4.6,121,19,3,5
02.05.2019 20:00:00,24.0,76.0,20.4,0,0.24,0,0.4,2.6,3.1,44.0,1.0,85.0,1.2,0,88.0,126.0,1.3,2.5,121,20,3,5
02.05.2019 21:00:00,21.0,73.0,19.8,0,0.24,0,0.6,2.9,3.6,37.0,0.4,86.0,1.1,0,139.0,170.0,1.8,1.6,121,21,3,5
02.05.2019 22:00:00,20.0,57.0,19.4,0,0.26,0,0.4,6.0,6.4,36.0,0,91.0,1.6,0,197.0,211.0,2.1,1.5,121,22,3,5
02.05.2019 23:00:00,19.0,49.0,19.2,0,0.26,0,0.6,5.5,6.1,33.0,0,93.0,2.1,0,194.0,198.0,1.6,1.6,121,23,3,5
02.05.2019 24:00:00,15.0,46.0,19.2,0,0.24,0,0.5,3.8,4.3,30.0,0,92.0,1.9,0,199.0,215.0,2.7,2.0,121,24,3,5
03.05.2019 01:00:00,19.0,46.0,18.9,0,0.23,0,0.5,3.3,3.8,28.0,0,93.0,3.4,0,208.0,209.0,3.3,2.5,122,1,4,5
03.05.2019 02:00:00,18.0,44.0,18.8,0,0.23,0,0.6,2.9,3.5,27.0,0,93.0,2.8,0,214.0,215.0,3.5,3.4,122,2,4,5
03.05.2019 03:00:00,15.0,44.0,19.0,0,0.22,0,0.6,2.2,2.8,26.0,0,93.0,2.4,0,215.0,207.0,2.9,3.3,122,3,4,5
03.05.2019 04:00:00,16.0,42.0,19.2,0,0.22,0,0.7,1.7,2.3,28.0,0.4,93.0,2.1,0,211.0,220.0,4.1,3.6,122,4,4,5
03.05.2019 05:00:00,11.0,43.0,19.4,0,0.21,0,0.5,1.6,2.0,30.0,1.2,94.0,2.2,0,215.0,211.0,3.5,3.3,122,5,4,5
03.05.2019 06:00:00,9.0,45.0,19.5,0,0.22,0,0.8,2.1,2.9,27.0,0.2,94.0,2.0,0,207.0,189.0,1.8,2.1,122,6,4,5
03.05.2019 07:00:00,11.0,70.0,20.8,0,0.19,0,0.9,2.5,3.4,56.0,0,81.0,2.3,0,46.0,48.0,7.3,5.4,122,7,4,5
03.05.2019 08:00:00,13.0,70.0,21.3,0,0.19,0,0.9,3.6,4.4,64.0,0,76.0,2.7,0,42.0,37.0,6.7,5.8,122,8,4,5
03.05.2019 09:00:00,14.0,70.0,21.5,0,0.18,0,1.1,4.4,5.4,60.0,0,72.0,2.4,0,43.0,49.0,7.5,6.0,122,9,4,5
03.05.2019 10:00:00,16.0,75.0,22.0,0,0.18,0,0.6,1.8,2.3,66.0,0,69.0,2.0,0,49.0,47.0,6.6,6.6,122,10,4,5
03.05.2019 11:00:00,16.0,77.0,22.6,0,0.17,0,0.7,1.9,2.6,56.0,0,65.0,1.9,0,49.0,51.0,7.1,6.7,122,11,4,5
03.05.2019 12:00:00,14.0,77.0,23.4,0,0.16,0,0.7,1.3,2.0,50.0,0,59.0,1.6,0,47.0,45.0,7.9,7.0,122,12,4,5
03.05.2019 13:00:00,12.0,75.0,24.0,0,0.16,0,0.9,1.3,2.3,45.0,0,57.0,1.5,0,47.0,44.0,7.0,7.2,122,13,4,5
03.05.2019 14:00:00,11.0,75.0,24.1,0,0.16,0,0.7,1.3,2.0,54.0,0,57.0,1.6,0,48.0,47.0,8.0,7.4,122,14,4,5
03.05.2019 15:00:00,9.0,76.0,23.9,0,0.18,0,0.7,1.6,2.3,94.0,0,60.0,1.7,0,48.0,46.0,7.2,6.6,122,15,4,5
03.05.2019 16:00:00,7.0,77.0,23.7,0,0.17,0,0.6,1.5,2.1,79.0,0,57.0,1.7,0,49.0,48.0,6.9,7.4,122,16,4,5
03.05.2019 17:00:00,9.0,76.0,23.8,0,0.18,0,0.5,2.0,2.5,55.0,0,56.0,1.5,0,50.0,53.0,7.1,7.0,122,17,4,5
03.05.2019 18:00:00,13.0,76.0,23.5,0,0.18,0,0.6,1.9,2.4,51.0,0,55.0,1.4,0,55.0,57.0,6.4,6.5,122,18,4,5
03.05.2019 19:00:00,11.0,73.0,23.5,0,0.17,0,0.8,2.8,3.5,50.0,0,56.0,1.5,0,63.0,72.0,3.9,4.8,122,19,4,5
03.05.2019 20:00:00,11.0,72.0,23.4,0,0.17,0,0.6,2.6,3.2,40.0,0,58.0,1.4,0,73.0,75.0,3.7,3.8,122,20,4,5
03.05.2019 21:00:00,10.0,48.0,21.4,0,0.22,0,0.8,8.8,9.6,35.0,0,69.0,1.9,0,179.0,193.0,2.3,1.8,122,21,4,5
03.05.2019 22:00:00,8.0,39.0,20.0,0,0.22,0,1.1,7.7,8.8,25.0,0,76.0,1.8,0,194.0,193.0,2.5,2.3,122,22,4,5
03.05.2019 23:00:00,10.0,36.0,19.4,0,0.2,0,0.7,6.5,7.3,28.0,0,81.0,1.7,0,194.0,196.0,3.6,2.9,122,23,4,5
03.05.2019 24:00:00,9.0,39.0,19.5,0,0.2,0,0.7,5.4,6.1,29.0,0,82.0,1.7,0,195.0,198.0,3.2,3.1,122,24,4,5
04.05.2019 01:00:00,7.0,42.0,20.5,0,0.2,0,0.9,4.4,5.3,30.0,0,81.0,1.8,0,204.0,212.0,2.9,2.7,123,1,5,5
04.05.2019 02:00:00,7.0,44.0,21.2,0,0.19,0,0.8,2.8,3.5,30.0,0,81.0,0.4,0,203.0,181.0,1.9,2.4,123,2,5,5
04.05.2019 03:00:00,11.0,41.0,21.2,0,0.2,0,0.8,3.1,3.9,34.0,0,83.0,1.2,0,195.0,200.0,2.2,1.9,123,3,5,5
04.05.2019 04:00:00,13.0,40.0,21.5,0,0.19,0,0.8,3.1,3.9,23.0,0,83.0,0.8,0,193.0,197.0,2.5,2.0,123,4,5,5
04.05.2019 05:00:00,12.0,43.0,21.8,0,0.18,0,0.9,3.4,4.2,27.0,0,81.0,1.6,0,202.0,185.0,1.8,2.0,123,5,5,5
04.05.2019 06:00:00,10.0,44.0,21.8,0,0.2,0,0.9,5.1,6.0,21.0,0,83.0,1.8,0,208.0,205.0,3.3,2.5,123,6,5,5
04.05.2019 07:00:00,10.0,49.0,22.1,0,0.23,0,0.9,6.2,7.1,27.0,0,80.0,1.1,0,205.0,217.0,2.9,2.4,123,7,5,5
04.05.2019 08:00:00,9.0,50.0,22.3,0,0.26,0,0.8,6.8,7.6,26.0,0,79.0,-0.5,0,206.0,204.0,1.6,1.6,123,8,5,5
04.05.2019 09:00:00,10.0,59.0,22.5,0,0.22,0,1.0,5.4,6.4,26.0,0,75.0,2.028,0,202.0,204.0,5.2,4.2,123,9,5,5
04.05.2019 10:00:00,11.0,62.0,23.5,0,0.21,0,1.1,4.4,5.5,23.0,0,68.0,2.028,0,196.0,182.0,2.0,3.2,123,10,5,5
04.05.2019 11:00:00,11.0,58.0,23.7,0,0.21,0,1.4,7.5,8.9,31.0,0,65.0,2.028,0,185.0,164.0,2.4,1.7,123,11,5,5
04.05.2019 12:00:00,10.0,61.0,24.3,0,0.2,0,1.5,6.4,7.9,30.0,0,64.0,2.028,0,168.0,183.0,1.9,1.8,123,12,5,5
04.05.2019 13:00:00,11.0,60.0,24.2,0,0.21,0,1.3,6.0,7.2,32.0,0,64.0,1.7,0,178.0,182.0,3.1,2.0,123,13,5,5
04.05.2019 14:00:00,13.0,57.0,24.0,0,0.21,0,1.4,8.8,10.0,26.0,0,64.0,1.7,0,175.0,195.0,2.3,1.5,123,14,5,5
04.05.2019 15:00:00,8.0,60.0,23.7,0,0.2,0,1.3,4.6,5.9,30.0,0,69.0,1.6,0,197.0,195.0,4.0,3.4,123,15,5,5
04.05.2019 16:00:00,8.0,58.0,23.9,0,0.2,0,1.0,5.9,6.9,33.0,0,64.0,1.5,0,197.0,202.0,2.2,2.5,123,16,5,5
04.05.2019 17:00:00,11.0,55.0,24.1,0,0.22,0,1.3,7.4,8.6,28.0,0,62.0,1.4,0,175.0,160.0,1.8,1.3,123,17,5,5
04.05.2019 18:00:00,11.0,48.0,24.1,0,0.22,0,1.4,17.0,18.0,28.0,0,62.0,2.2,0,145.0,214.0,1.1,0.9,123,18,5,5
04.05.2019 19:00:00,14.0,26.0,22.6,0,0.32,0,1.9,19.0,21.0,28.0,0,76.0,1.8,0,204.0,198.0,2.5,2.3,123,19,5,5
04.05.2019 20:00:00,15.0,34.0,22.2,0,0.27,0,1.5,12.0,14.0,27.0,0,76.0,1.6,0,202.0,198.0,2.9,2.6,123,20,5,5
04.05.2019 21:00:00,13.0,42.0,22.4,0,0.24,0,1.3,7.4,8.6,28.0,0,76.0,1.3,0,187.0,187.0,2.1,2.3,123,21,5,5
04.05.2019 22:00:00,13.0,39.0,22.3,0,0.23,0,1.1,7.0,8.1,27.0,0,77.0,1.4,0,191.0,195.0,2.1,2.0,123,22,5,5
04.05.2019 23:00:00,12.0,42.0,22.3,0,0.21,0,0.8,5.4,6.2,25.0,0,77.0,1.2,0,189.0,190.0,2.7,2.2,123,23,5,5
04.05.2019 24:00:00,12.0,39.0,22.0,0,0.21,0,1.0,5.0,6.1,22.0,0,79.0,1.2,0,190.0,183.0,2.3,2.3,123,24,5,5
05.05.2019 01:00:00,11.0,42.0,22.1,0,0.2,0,0.8,3.4,4.2,32.0,0,78.0,1.8,0,191.0,185.0,2.3,2.2,124,1,6,5
05.05.2019 02:00:00,10.0,39.0,21.6,0,0.18,0,1.0,1.9,3.0,18.0,0,81.0,2.7,0,193.0,197.0,2.6,2.3,124,2,6,5
05.05.2019 03:00:00,9.0,39.0,21.4,0,0.18,0,1.0,1.8,2.7,20.0,0,82.0,2.8,0,201.0,201.0,2.6,2.5,124,3,6,5
05.05.2019 04:00:00,8.0,40.0,21.0,0,0.18,0,1.1,1.5,2.6,23.0,0,84.0,2.5,0,208.0,209.0,3.4,3.4,124,4,6,5
05.05.2019 05:00:00,9.0,40.0,21.0,0,0.17,0,1.0,1.2,2.2,24.0,0,84.0,2.3,0,204.0,206.0,3.4,3.3,124,5,6,5
05.05.2019 06:00:00,9.0,37.0,20.7,0,0.19,0,1.1,1.3,2.4,23.0,0,86.0,2.3,0,210.0,209.0,3.4,3.6,124,6,6,5
05.05.2019 07:00:00,9.0,36.0,21.2,0,0.21,0,1.3,3.2,4.5,27.0,0,83.0,2.5,0,207.0,209.0,3.0,2.9,124,7,6,5
05.05.2019 08:00:00,11.0,40.0,23.6,0,0.23,0,2.1,7.8,9.9,29.0,0,74.0,3.3,0,144.0,64.0,0.7,0.7,124,8,6,5
05.05.2019 09:00:00,12.0,56.0,25.1,0,0.19,0,2.7,7.6,10.0,37.0,0,67.0,3.5,0,50.0,73.0,3.4,1.3,124,9,6,5
05.05.2019 10:00:00,11.0,63.0,25.4,0,0.17,0,1.6,3.2,4.8,35.0,0,70.0,2.3,0,69.0,67.0,3.7,3.5,124,10,6,5
05.05.2019 11:00:00,10.0,62.0,25.9,0,0.17,0,1.4,3.3,4.7,29.0,0,65.0,3.3,0,97.0,82.0,3.7,2.9,124,11,6,5
05.05.2019 12:00:00,10.0,60.0,26.0,0,0.19,0,1.8,4.0,5.8,31.0,0,65.0,2.2,0,87.0,98.0,2.0,2.5,124,12,6,5
05.05.2019 13:00:00,9.0,62.0,26.3,0,0.17,0,1.5,2.4,3.9,35.0,0,63.0,2.0,0,102.0,98.0,4.2,2.8,124,13,6,5
05.05.2019 14:00:00,10.0,62.0,26.2,0,0.17,0,1.5,2.9,4.4,32.0,0,64.0,2.3,0,100.0,87.0,3.1,3.2,124,14,6,5
05.05.2019 15:00:00,11.0,60.0,26.3,0,0.17,0,1.5,4.9,6.4,28.0,0,62.0,6.3,0,106.0,104.0,4.2,3.8,124,15,6,5
05.05.2019 16:00:00,11.0,60.0,25.9,0,0.17,0,1.8,3.8,5.6,30.0,0,67.0,2.8,0,95.0,85.0,2.2,2.9,124,16,6,5
05.05.2019 17:00:00,14.0,58.0,25.0,0,0.18,0,1.3,4.5,5.7,32.0,0,74.0,2.1,0,84.0,81.0,1.8,1.7,124,17,6,5
05.05.2019 18:00:00,11.0,54.0,25.0,0,0.18,0,1.4,6.4,7.8,30.0,0,72.0,1.8,0,114.0,72.0,1.7,1.8,124,18,6,5
05.05.2019 19:00:00,11.0,54.0,24.9,0,0.18,0,1.1,3.9,5.0,37.0,0,71.0,1.6,0,111.0,94.0,2.1,1.2,124,19,6,5
05.05.2019 20:00:00,15.0,52.0,24.8,0,0.18,0,1.4,5.0,6.4,35.0,0,71.0,1.5,0,115.0,132.0,1.6,1.6,124,20,6,5
05.05.2019 21:00:00,13.0,49.0,24.7,0,0.2,0,1.1,4.7,5.7,42.0,0,71.0,1.2,0,157.0,200.0,0.9,0.6,124,21,6,5
05.05.2019 22:00:00,15.0,28.0,23.4,0,0.23,0,1.2,9.2,10.0,35.0,0,81.0,1.4,0,193.0,188.0,1.5,1.3,124,22,6,5
05.05.2019 23:00:00,16.0,31.0,22.8,0,0.2,0,1.2,6.4,7.6,30.0,0,84.0,1.4,0,201.0,200.0,2.0,1.8,124,23,6,5
05.05.2019 24:00:00,15.0,30.0,22.2,0,0.17,0,1.1,4.0,5.1,51.0,0.2,88.0,1.0,0,203.0,212.0,3.3,2.3,124,24,6,5
06.05.2019 01:00:00,17.0,32.0,21.9,0,0.16,0,1.2,2.7,3.9,26.0,0,89.0,3.1,0,212.0,212.0,3.8,3.3,125,1,0,5
06.05.2019 02:00:00,14.0,35.0,21.6,0,0.16,0,0.2,0.9,1.1,21.0,0,90.0,1.6,0,204.0,196.0,2.1,3.1,125,2,0,5
06.05.2019 03:00:00,7.0,40.0,22.0,0,0.16,0,0.4,0.7,1.1,23.0,0,84.0,1.5,0,198.0,191.0,2.4,2.2,125,3,0,5
06.05.2019 04:00:00,9.0,35.0,21.5,0,0.16,0,0.5,0.3,0.8,25.0,0.4,88.0,1.4,0,213.0,215.0,3.5,3.1,125,4,0,5
06.05.2019 05:00:00,12.0,38.0,21.4,0,0.16,0,0.3,0.5,0.8,17.0,0,87.0,1.4,0,211.0,219.0,3.5,3.1,125,5,0,5
06.05.2019 06:00:00,12.0,35.0,21.4,0,0.16,0,0.4,0.6,1.0,23.0,0.2,88.0,1.1,0,213.0,204.0,3.4,3.6,125,6,0,5
06.05.2019 07:00:00,11.0,30.0,21.3,0,0.2,0,0.7,3.9,4.6,24.0,0.2,91.0,1.3,0,211.0,207.0,3.2,3.0,125,7,0,5
06.05.2019 08:00:00,9.0,25.0,21.3,0,0.23,0,1.2,5.2,6.4,16.0,0.2,92.0,1.5,0,214.0,220.0,2.4,2.8,125,8,0,5
06.05.2019 09:00:00,9.0,25.0,21.6,0,0.23,0,1.6,5.5,7.1,21.0,0.4,92.0,1.2,0,215.0,214.0,2.0,2.2,125,9,0,5
06.05.2019 10:00:00,10.0,23.0,22.0,0,0.25,0,2.4,7.9,10.0,21.0,0.4,92.0,1.3,0,208.0,210.0,0.8,1.6,125,10,0,5
06.05.2019 11:00:00,11.0,42.0,22.6,0,0.22,0,2.1,9.9,12.0,25.0,0.6,91.0,1.2,0,15.0,19.0,5.0,1.6,125,11,0,5
06.05.2019 12:00:00,11.0,59.0,21.9,0,0.17,0,0.9,2.6,3.5,29.0,3.6,91.0,0.7,0,25.0,29.0,5.8,4.7,125,12,0,5
06.05.2019 13:00:00,9.0,64.0,21.8,0,0.17,0,1.0,1.8,2.9,41.0,3.2,90.0,0.3,0,40.0,48.0,6.6,6.4,125,13,0,5
06.05.2019 14:00:00,11.0,64.0,21.7,0,0.16,0,0.5,1.8,2.3,35.0,2.0,90.0,0.3,0,57.0,65.0,4.3,5.2,125,14,0,5
06.05.2019 15:00:00,11.0,62.0,21.1,0,0.16,0,0.8,1.7,2.5,30.0,0.8,91.0,-0.1,0,56.0,53.0,2.3,4.1,125,15,0,5
06.05.2019 16:00:00,14.0,58.0,20.9,0,0.18,0,0.8,4.0,4.8,39.0,2.6,94.0,0.1,0,26.0,9.9,2.0,1.8,125,16,0,5
06.05.2019 17:00:00,15.0,60.0,20.8,0,0.16,0,0.6,0.7,1.3,36.0,4.8,94.0,-0.1,0,51.0,52.0,3.9,6.4,125,17,0,5
06.05.2019 18:00:00,14.0,59.0,20.8,0,0.17,0,0.9,2.7,3.5,46.0,0.8,91.0,-0.2,0,52.0,34.0,3.8,2.7,125,18,0,5
06.05.2019 19:00:00,15.0,63.0,22.2,0,0.16,0,0.6,1.1,1.7,86.0,0.4,77.0,0.0,0,41.0,36.0,7.0,6.9,125,19,0,5
06.05.2019 20:00:00,18.0,60.0,22.2,0,0.17,0,0.6,0.5,1.1,76.0,0.6,80.0,-0.2,0,42.0,42.0,8.5,8.0,125,20,0,5
06.05.2019 21:00:00,23.0,62.0,21.9,0,0.17,0,0.5,0.1,0.6,65.0,1.6,81.0,-0.3,0,49.0,54.0,7.0,8.7,125,21,0,5
06.05.2019 22:00:00,21.0,63.0,21.6,0,0.17,0,0.5,0.2,0.8,68.0,2.0,85.0,-0.4,0,53.0,56.0,8.9,7.8,125,22,0,5
06.05.2019 23:00:00,19.0,66.0,21.1,0,0.17,0,0.6,-0.2,0.4,58.0,2.6,87.0,1.996,0,52.0,50.0,10.0,8.4,125,23,0,5
06.05.2019 24:00:00,17.0,69.0,20.5,0,0.17,0,0.7,-0.1,0.5,55.0,3.2,90.0,1.996,0,50.0,50.0,11.0,10.0,125,24,0,5
07.05.2019 01:00:00,15.0,69.0,20.5,0,0.18,0,0.4,-0.2,0.2,63.0,3.6,91.0,1.4,0,43.0,35.0,6.9,7.0,126,1,1,5
07.05.2019 02:00:00,16.0,70.0,20.6,0,0.18,0,0.8,1.6,2.4,68.0,1.4,91.0,1.3,0,38.0,44.0,8.6,6.8,126,2,1,5
07.05.2019 03:00:00,15.0,69.0,20.1,0,0.17,0,0.8,1.0,1.8,64.0,1.0,91.0,1.3,0,28.0,23.0,10.0,8.5,126,3,1,5
07.05.2019 04:00:00,12.0,72.0,19.8,0,0.16,0,0.8,1.1,1.9,64.0,0.4,87.0,1.1,0,24.0,31.0,7.2,9.9,126,4,1,5
07.05.2019 05:00:00,17.0,71.0,20.0,0,0.16,0,0.8,1.3,2.0,56.0,1.4,87.0,0.9,0,29.0,36.0,7.7,7.4,126,5,1,5
07.05.2019 06:00:00,15.0,70.0,19.3,0,0.14,0,0.7,1.2,1.8,58.0,1.4,87.0,0.8,0,33.0,29.0,7.6,6.7,126,6,1,5
07.05.2019 07:00:00,11.0,69.0,19.2,0,0.14,0,0.7,1.6,2.3,51.0,0.6,88.0,0.4,0,31.0,40.0,7.5,6.9,126,7,1,5
07.05.2019 08:00:00,11.0,68.0,19.4,0,0.15,0,1.0,2.4,3.4,52.0,1.0,88.0,0.3,0,29.0,28.0,6.5,6.4,126,8,1,5
07.05.2019 09:00:00,10.0,67.0,19.2,0,0.15,0,1.1,2.7,3.8,56.0,1.6,91.0,0.4,0,28.0,30.0,6.2,6.3,126,9,1,5
07.05.2019 10:00:00,10.0,66.0,19.3,0,0.15,0,1.2,3.4,4.6,57.0,0.8,90.0,0.5,0,29.0,22.0,7.7,6.0,126,10,1,5
07.05.2019 11:00:00,9.0,65.0,19.6,0,0.15,0,1.2,3.5,4.6,61.0,1.4,89.0,0.4,0,30.0,26.0,8.3,6.5,126,11,1,5
07.05.2019 12:00:00,10.0,64.0,19.4,0,0.15,0,1.3,3.6,4.9,62.0,0.8,88.0,0.1,0,35.0,37.0,5.3,5.0,126,12,1,5
07.05.2019 13:00:00,14.0,66.0,20.5,0,0.14,0,1.1,1.7,2.7,68.0,0,74.0,0.0,0,47.0,48.0,9.9,7.2,126,13,1,5
07.05.2019 14:00:00,14.0,67.0,20.6,0,0.14,0,0.9,1.6,2.6,65.0,0,72.0,-0.3,0,48.0,50.0,8.6,7.3,126,14,1,5
07.05.2019 15:00:00,11.0,67.0,20.5,0,0.14,0,1.1,1.7,2.8,59.0,0,76.0,-0.1,0,52.0,46.0,6.8,6.5,126,15,1,5
07.05.2019 16:00:00,9.0,67.0,20.8,0,0.15,0,1.2,3.0,4.2,74.0,0,73.0,-0.3,0,49.0,52.0,7.6,5.5,126,16,1,5
07.05.2019 17:00:00,11.0,70.0,21.2,0,0.15,0,1.1,1.6,2.7,62.0,0,69.0,-0.1,0,50.0,41.0,8.0,7.6,126,17,1,5
07.05.2019 18:00:00,11.0,68.0,20.9,0,0.15,0,1.0,2.1,3.1,83.0,0,73.0,-0.5,0,43.0,49.0,8.2,6.4,126,18,1,5
07.05.2019 19:00:00,11.0,70.0,20.9,0,0.14,0,0.8,1.7,2.5,72.0,0,72.0,-0.5,0,47.0,50.0,7.2,6.8,126,19,1,5
07.05.2019 20:00:00,13.0,71.0,21.1,0,0.14,0,0.9,1.3,2.2,58.0,0,70.0,1.958,0,50.0,49.0,7.5,6.8,126,20,1,5
07.05.2019 21:00:00,11.0,69.0,21.4,0,0.14,0,0.8,1.1,1.9,59.0,0,73.0,1.958,0,49.0,47.0,7.2,7.5,126,21,1,5
07.05.2019 22:00:00,9.0,69.0,20.8,0,0.15,0,0.9,1.4,2.3,56.0,0.2,78.0,1.957,0,55.0,123.0,1.1,3.6,126,22,1,5
07.05.2019 23:00:00,8.0,65.0,20.5,0,0.15,0,0.7,2.6,3.2,34.0,0,83.0,1.957,0,89.0,194.0,1.5,1.8,126,23,1,5
07.05.2019 24:00:00,10.0,57.0,20.4,0,0.15,0,0.9,3.3,4.2,31.0,0,88.0,1.956,0,163.0,213.0,1.5,0.7,126,24,1,5
08.05.2019 01:00:00,8.0,45.0,20.1,0,0.16,0,0.9,4.1,4.9,21.0,0,91.0,0.8,0,202.0,207.0,2.4,1.6,127,1,2,5
08.05.2019 02:00:00,9.0,38.0,19.9,0,0.16,0,0.2,3.2,3.4,16.0,0,92.0,1.9,0,207.0,208.0,2.6,2.3,127,2,2,5
08.05.2019 03:00:00,9.0,34.0,19.9,0,0.15,0,0.1,3.5,3.6,20.0,0.2,93.0,1.7,0,207.0,212.0,4.0,2.9,127,3,2,5
08.05.2019 04:00:00,8.0,39.0,20.1,0,0.15,0,-0.1,2.5,2.4,19.0,0.6,95.0,1.7,0,217.0,216.0,2.9,3.2,127,4,2,5
08.05.2019 05:00:00,11.0,45.0,19.9,0,0.15,0,-0.1,1.7,1.6,17.0,0.2,95.0,1.2,0,215.0,211.0,3.2,2.9,127,5,2,5
08.05.2019 06:00:00,7.0,41.0,19.9,0,0.16,0,0.0,1.9,1.9,18.0,0,95.0,2.1,0,213.0,212.0,2.8,2.6,127,6,2,5
08.05.2019 07:00:00,5.0,39.0,20.0,0,0.2,0,0.4,4.3,4.7,14.0,1.0,95.0,2.0,0,214.0,213.0,3.0,2.7,127,7,2,5
08.05.2019 08:00:00,7.0,41.0,20.1,0,0.24,0,0.5,6.2,6.7,16.0,0.6,96.0,1.9,0,216.0,248.0,1.2,1.9,127,8,2,5
08.05.2019 09:00:00,9.0,36.0,20.7,0,0.33,0,1.2,16.0,17.0,21.0,5.0,96.0,1.8,0,199.0,149.0,1.0,0.2,127,9,2,5
08.05.2019 10:00:00,9.0,63.0,21.3,0,0.19,0,0.5,3.4,3.8,26.0,1.8,96.0,1.8,0,47.0,49.0,4.1,4.5,127,10,2,5
08.05.2019 11:00:00,11.875,67.0,21.5,0,0.18,0,1.137,9.519,10.822,41.722,0.8,96.0,1.948,0,52.0,47.0,3.2,3.1,127,11,2,5
08.05.2019 12:00:00,2.0,55.0,21.9,0,0.2,0,0.6,6.0,6.6,16.0,1.6,96.0,1.948,0,26.0,20.0,3.1,2.5,127,12,2,5
08.05.2019 13:00:00,2.0,63.0,21.8,0,0.17,0,0.3,3.3,3.6,7.0,4.8,97.0,2.2,0,21.0,23.0,4.3,4.0,127,13,2,5
08.05.2019 14:00:00,2.0,66.0,21.5,0,0.17,0,0.1,2.1,2.1,10.0,2.2,97.0,2.0,0,16.0,13.0,4.3,4.5,127,14,2,5
08.05.2019 15:00:00,2.0,66.0,21.7,0,0.17,0,0.1,2.1,2.2,33.0,0.2,97.0,1.7,0,14.0,12.0,5.0,4.2,127,15,2,5
08.05.2019 16:00:00,3.0,64.0,21.7,0,0.18,0,0.2,3.4,3.6,21.0,6.6,96.0,1.9,0,354.0,336.0,3.6,3.5,127,16,2,5
08.05.2019 17:00:00,2.0,61.0,21.7,0,0.19,0,0.3,5.9,6.2,40.903,8.0,96.0,1.5,0,339.0,343.0,3.6,3.3,127,17,2,5
08.05.2019 18:00:00,3.0,64.0,21.6,0,0.17,0,0.2,3.4,3.6,1.0,12.0,96.0,1.5,0,355.0,2.9,4.5,4.0,127,18,2,5
08.05.2019 19:00:00,6.0,66.0,21.2,0,0.17,0,0.0,2.1,2.1,5.0,3.2,96.0,1.4,0,355.0,358.0,3.7,4.0,127,19,2,5
08.05.2019 20:00:00,2.0,56.0,21.2,0,0.19,0,0.5,9.7,10.0,7.0,0.8,96.0,1.6,0,339.0,342.0,2.6,2.2,127,20,2,5
08.05.2019 21:00:00,3.0,57.0,21.3,0,0.17,0,0.4,8.5,8.8,16.0,0.8,96.0,1.6,0,353.0,7.0,3.7,2.7,127,21,2,5
08.05.2019 22:00:00,5.0,65.0,21.5,0,0.16,0,0.1,2.4,2.5,10.0,1.4,96.0,1.5,0,352.0,338.0,2.4,3.1,127,22,2,5
08.05.2019 23:00:00,6.0,64.0,21.6,0,0.16,0,0.2,2.4,2.6,15.0,0.4,96.0,1.2,0,349.0,345.0,3.1,2.8,127,23,2,5
08.05.2019 24:00:00,7.0,59.0,21.5,0,0.16,0,0.0,4.3,4.3,8.0,0.2,96.0,1.1,0,344.0,346.0,1.1,1.6,127,24,2,5
09.05.2019 01:00:00,5.0,55.0,21.4,0,0.17,0,0.1,7.9,8.0,7.0,0.2,95.0,1.9,0,323.0,317.0,1.7,1.4,128,1,3,5
09.05.2019 02:00:00,4.0,61.0,21.5,0,0.16,0,0.9,2.4,3.3,4.0,2.0,94.0,2.1,0,301.0,267.0,0.6,0.9,128,2,3,5
09.05.2019 03:00:00,2.0,59.0,21.5,0,0.17,0,0.9,2.3,3.1,3.0,0.4,94.0,1.9,0,317.0,252.0,0.7,0.6,128,3,3,5
09.05.2019 04:00:00,2.0,55.0,21.5,0,0.17,0,1.0,4.7,5.7,4.0,1.4,95.0,2.0,0,333.0,347.0,2.1,1.3,128,4,3,5
09.05.2019 05:00:00,2.0,58.0,21.5,0,0.17,0,1.2,4.4,5.6,22.0,0.2,95.0,1.8,0,349.0,340.0,1.8,2.0,128,5,3,5
09.05.2019 06:00:00,2.0,52.0,21.3,0,0.18,0,1.0,8.8,9.8,7.0,1.6,95.0,1.8,0,333.0,331.0,2.1,1.8,128,6,3,5
09.05.2019 07:00:00,3.0,50.0,21.5,0,0.19,0,1.2,12.0,13.0,5.0,0.4,94.0,1.9,0,331.0,335.0,2.8,2.2,128,7,3,5
09.05.2019 08:00:00,3.0,46.0,21.6,0,0.22,0,1.9,15.0,17.0,7.0,1.6,95.0,1.7,0,342.0,355.0,2.6,2.4,128,8,3,5
09.05.2019 09:00:00,2.0,57.0,21.6,0,0.19,0,1.6,6.4,8.0,14.0,2.2,96.0,1.5,0,1.9,7.0,3.3,3.2,128,9,3,5
09.05.2019 10:00:00,2.0,58.0,21.4,0,0.19,0,1.4,6.3,7.7,17.0,2.6,96.0,1.8,0,7.6,13.0,3.9,2.8,128,10,3,5
09.05.2019 11:00:00,3.0,58.0,21.4,0,0.19,0,1.6,5.5,7.1,25.0,0.4,95.0,1.5,0,12.0,21.0,2.3,2.3,128,11,3,5
09.05.2019 12:00:00,4.0,60.0,21.6,0,0.18,0,1.3,4.3,5.6,31.0,0.2,94.0,1.4,0,18.0,8.2,4.1,3.1,128,12,3,5
09.05.2019 13:00:00,2.0,62.0,22.1,0,0.17,0,1.1,3.1,4.2,29.0,0,89.0,1.4,0,14.0,3.0,3.2,3.0,128,13,3,5
09.05.2019 14:00:00,3.0,56.0,21.9,0,0.19,0,1.4,5.0,6.4,14.0,0.8,90.0,1.3,0,331.0,333.0,1.6,1.6,128,14,3,5
09.05.2019 15:00:00,6.0,55.0,21.9,0,0.2,0,1.9,7.8,9.6,18.0,1.4,91.0,1.3,0,17.0,21.0,5.8,2.1,128,15,3,5
09.05.2019 16:00:00,8.0,65.0,21.8,0,0.17,0,1.2,3.1,4.3,31.0,2.4,92.0,1.2,0,19.0,22.0,5.7,4.8,128,16,3,5
09.05.2019 17:00:00,10.0,58.0,21.2,0,0.19,0,1.3,5.4,6.6,40.0,0.6,92.0,1.2,0,19.0,19.0,4.1,4.9,128,17,3,5
09.05.2019 18:00:00,7.0,52.0,20.6,0,0.23,0,1.6,9.1,11.0,19.0,2.8,94.0,1.1,0,2.6,23.0,3.9,2.7,128,18,3,5
09.05.2019 19:00:00,6.0,60.0,20.3,0,0.19,0,1.4,2.9,4.3,26.0,1.4,95.0,0.8,0,21.0,22.0,2.4,3.3,128,19,3,5
09.05.2019 20:00:00,7.0,50.0,20.2,0,0.22,0,1.5,8.4,9.8,12.0,1.0,94.0,0.5,0,344.0,345.0,0.5,1.2,128,20,3,5
09.05.2019 21:00:00,7.0,41.0,20.2,0,0.25,0,1.1,9.4,10.0,15.0,2.2,95.0,0.8,0,217.0,213.0,1.9,1.3,128,21,3,5
09.05.2019 22:00:00,9.0,47.0,20.4,0,0.23,0,1.3,8.7,10.0,13.0,2.6,96.0,0.5,0,51.0,52.0,4.3,1.5,128,22,3,5
09.05.2019 23:00:00,7.0,67.0,20.9,0,0.17,0,0.9,2.4,3.3,24.0,0.6,91.0,0.8,0,57.0,68.0,3.1,4.0,128,23,3,5
09.05.2019 24:00:00,4.0,73.0,21.0,0,0.17,0,1.0,1.9,2.9,24.0,0.2,89.0,0.5,0,54.0,49.0,4.3,4.5,128,24,3,5
10.05.2019 01:00:00,6.0,73.0,20.8,0,0.18,0,1.0,2.3,3.3,17.0,0.2,90.0,2.3,0,50.0,49.0,4.1,4.5,129,1,4,5
10.05.2019 02:00:00,6.0,74.0,20.8,0,0.17,0,0.8,1.8,2.6,19.0,0,90.0,1.8,0,54.0,54.0,2.9,3.3,129,2,4,5
10.05.2019 03:00:00,6.0,70.0,21.1,0,0.18,0,0.7,2.1,2.8,22.0,0.2,90.0,2.0,0,51.0,51.0,4.6,3.8,129,3,4,5
10.05.2019 04:00:00,3.0,57.0,21.0,0,0.2,0,1.0,2.4,3.4,15.0,0,89.0,1.6,0,57.0,216.0,1.4,0.6,129,4,4,5
10.05.2019 05:00:00,2.0,49.0,20.4,0,0.19,0,0.7,2.1,2.8,17.0,0,94.0,1.6,0,214.0,206.0,1.8,1.8,129,5,4,5
10.05.2019 06:00:00,4.0,40.0,20.3,0,0.21,0,0.6,2.3,3.0,10.0,0,95.0,1.5,0,207.0,205.0,1.5,2.0,129,6,4,5
10.05.2019 07:00:00,4.0,46.0,20.5,0,0.24,0,1.0,5.1,6.2,16.0,0.8,94.0,1.6,0,68.0,62.0,3.1,1.3,129,7,4,5
10.05.2019 08:00:00,3.0,56.0,21.3,0,0.27,0,1.1,7.8,8.9,20.0,0,88.0,1.4,0,62.0,97.0,1.5,1.6,129,8,4,5
10.05.2019 09:00:00,2.0,56.0,21.2,0,0.25,0,1.3,8.2,9.5,12.0,0.2,91.0,1.3,0,82.0,94.0,1.9,1.6,129,9,4,5
10.05.2019 10:00:00,3.0,61.0,21.5,0,0.22,0,1.2,6.1,7.3,19.0,0,91.0,1.2,0,86.0,58.0,2.7,0.9,129,10,4,5
10.05.2019 11:00:00,5.0,65.0,21.9,0,0.2,0,0.9,3.0,3.9,30.0,0,82.0,1.2,0,51.0,34.0,1.8,2.5,129,11,4,5
10.05.2019 12:00:00,8.0,62.0,22.5,0,0.25,0,1.4,9.6,11.0,45.0,0,79.0,1.9,0,13.0,21.0,3.3,2.2,129,12,4,5
10.05.2019 13:00:00,11.0,68.0,23.3,0,0.22,0,1.6,4.1,5.7,41.0,0,77.0,1.3,0,26.0,26.0,3.0,2.6,129,13,4,5
10.05.2019 14:00:00,11.0,75.0,23.6,0,0.21,0,1.2,3.6,4.7,41.0,0,73.0,1.0,0,40.0,46.0,1.6,2.0,129,14,4,5
10.05.2019 15:00:00,10.0,73.0,23.9,0,0.22,0,1.4,4.0,5.4,40.0,0,73.0,0.9,0,38.0,46.0,2.4,1.8,129,15,4,5
10.05.2019 16:00:00,7.0,73.0,23.8,0,0.21,0,1.3,3.4,4.7,23.0,0,74.0,0.9,0,53.0,56.0,2.1,2.1,129,16,4,5
10.05.2019 17:00:00,7.0,72.0,23.7,0,0.21,0,1.1,4.3,5.3,28.0,0,77.0,0.8,0,60.0,65.0,2.7,2.4,129,17,4,5
10.05.2019 18:00:00,11.0,69.0,23.5,0,0.23,0,0.9,6.0,6.9,31.0,0,79.0,0.8,0,65.0,84.0,1.6,1.7,129,18,4,5
10.05.2019 19:00:00,9.0,64.0,23.4,0,0.23,0,0.8,5.8,6.6,24.0,0,80.0,0.7,0,82.0,55.0,3.0,0.9,129,19,4,5
10.05.2019 20:00:00,5.0,71.0,23.4,0,0.17,0,0.7,3.0,3.6,24.0,0,81.0,0.8,0,51.0,48.0,5.6,5.4,129,20,4,5
10.05.2019 21:00:00,2.0,73.0,23.4,0,0.17,0,0.9,2.2,3.1,26.0,0,80.0,0.4,0,50.0,51.0,5.1,5.6,129,21,4,5
10.05.2019 22:00:00,9.0,69.0,23.3,0,0.16,0,0.8,1.7,2.6,29.0,0,83.0,0.4,0,52.0,50.0,5.7,5.3,129,22,4,5
10.05.2019 23:00:00,11.0,69.0,22.7,0,0.16,0,0.6,1.7,2.3,32.0,0,87.0,0.1,0,51.0,55.0,6.1,6.5,129,23,4,5
10.05.2019 24:00:00,7.0,66.0,21.9,0,0.16,0,0.7,2.2,2.9,24.0,0,91.0,-0.1,0,66.0,98.0,1.8,2.9,129,24,4,5
11.05.2019 01:00:00,5.0,64.0,22.2,0,0.17,0,0.9,2.0,2.9,16.0,0,87.0,1.8,0,99.0,139.0,0.8,0.7,130,1,5,5
11.05.2019 02:00:00,5.0,60.0,21.9,0,0.14,0,0.4,1.8,2.2,21.0,0,90.0,1.6,0,143.0,180.0,0.9,1.1,130,2,5,5
11.05.2019 03:00:00,6.0,45.0,21.6,0,0.15,0,0.3,1.5,1.8,23.0,0,92.0,1.5,0,215.0,224.0,2.2,1.7,130,3,5,5
11.05.2019 04:00:00,6.0,40.0,21.5,0,0.15,0,0.5,1.1,1.6,23.0,0,93.0,1.5,0,194.0,195.0,2.2,1.5,130,4,5,5
11.05.2019 05:00:00,5.0,37.0,21.5,0,0.15,0,0.5,1.1,1.6,20.0,0,93.0,1.5,0,205.0,187.0,2.2,2.2,130,5,5,5
11.05.2019 06:00:00,7.0,32.0,21.5,0,0.15,0,0.6,3.2,3.9,23.0,0,93.0,3.6,0,213.0,214.0,2.8,2.9,130,6,5,5
11.05.2019 07:00:00,11.0,25.0,22.1,0,0.21,0,1.4,11.0,12.0,30.0,0,92.0,5.4,0,205.0,174.0,0.5,1.6,130,7,5,5
11.05.2019 08:00:00,11.0,21.0,22.8,0,0.3,0,2.5,15.0,18.0,23.0,0,90.0,3.2,0,195.0,209.0,1.4,0.9,130,8,5,5
11.05.2019 09:00:00,7.0,43.0,23.6,0,0.23,0,1.6,10.0,12.0,24.0,0,88.0,1.7,0,6.1,10.0,2.0,0.8,130,9,5,5
11.05.2019 10:00:00,4.0,49.0,23.8,0,0.19,0,1.1,7.5,8.6,36.0,0,86.0,1.6,0,9.0,337.0,0.7,1.6,130,10,5,5
11.05.2019 11:00:00,2.0,54.0,24.2,0,0.17,0,1.0,3.6,4.6,20.0,0,84.0,1.5,0,10.0,45.0,2.9,1.2,130,11,5,5
11.05.2019 12:00:00,3.0,58.0,23.9,0,0.16,0,0.9,3.5,4.5,38.0,0,84.0,1.5,0,23.0,33.0,3.1,3.2,130,12,5,5
11.05.2019 13:00:00,6.0,61.0,24.0,0,0.15,0,0.8,2.6,3.4,34.0,0,83.0,1.1,0,41.0,42.0,3.1,3.4,130,13,5,5
11.05.2019 14:00:00,6.0,60.0,23.8,0,0.15,0,0.6,2.4,3.1,32.0,0,84.0,0.9,0,55.0,55.0,2.9,3.1,130,14,5,5
11.05.2019 15:00:00,5.0,56.0,23.8,0,0.17,0,0.8,5.9,6.8,39.0,0,82.0,0.9,0,34.0,4.5,1.9,1.5,130,15,5,5
11.05.2019 16:00:00,7.0,52.0,23.9,0,0.17,0,1.1,4.8,5.9,32.0,0,83.0,1.1,0,45.0,70.0,2.3,2.6,130,16,5,5
11.05.2019 17:00:00,9.0,44.0,23.5,0,0.25,0,1.3,10.0,12.0,41.0,0,87.0,0.9,0,28.0,18.0,1.2,0.9,130,17,5,5
11.05.2019 18:00:00,11.0,38.0,23.7,0,0.28,0,1.3,12.0,13.0,44.0,0,86.0,1.2,0,69.0,111.0,1.0,0.6,130,18,5,5
11.05.2019 19:00:00,12.0,43.0,23.1,0,0.17,0,1.2,8.1,9.3,33.0,0,89.0,0.9,0,69.0,60.0,2.6,2.3,130,19,5,5
11.05.2019 20:00:00,9.0,49.0,22.5,0,0.16,0,0.6,3.9,4.5,37.0,0,92.0,0.3,0,51.0,208.0,1.0,1.2,130,20,5,5
11.05.2019 21:00:00,9.0,36.0,22.3,0,0.19,0,0.8,6.5,7.4,30.0,0,93.0,0.3,0,220.0,222.0,2.9,2.4,130,21,5,5
11.05.2019 22:00:00,10.0,32.0,22.2,0,0.16,0,0.7,3.5,4.1,21.0,0,93.0,0.2,0,214.0,212.0,3.2,3.1,130,22,5,5
11.05.2019 23:00:00,6.0,28.0,22.2,0,0.14,0,0.6,2.5,3.1,18.0,0,93.0,0.3,0,216.0,215.0,3.7,3.5,130,23,5,5
11.05.2019 24:00:00,2.0,32.0,22.2,0,0.13,0,0.4,1.8,2.2,21.0,0,91.0,0.3,0,216.0,217.0,3.2,3.2,130,24,5,5
12.05.2019 01:00:00,3.0,28.0,22.2,0,0.13,0,0.7,2.7,3.4,24.0,0,90.0,2.1,0,215.0,217.0,3.4,3.3,131,1,6,5
12.05.2019 02:00:00,4.0,26.0,22.4,0,0.14,0,0.5,3.9,4.4,25.0,0,90.0,3.6,0,212.0,214.0,3.0,2.9,131,2,6,5
12.05.2019 03:00:00,5.0,24.0,22.5,0,0.14,0,0.1,3.1,3.3,23.0,0,91.0,2.7,0,214.0,217.0,3.0,3.0,131,3,6,5
12.05.2019 04:00:00,6.0,24.0,22.6,0,0.15,0,0.2,2.4,2.5,24.0,0,91.0,2.4,0,214.0,217.0,2.1,2.5,131,4,6,5
12.05.2019 05:00:00,5.0,23.0,22.8,0,0.14,0,0.4,1.7,2.1,28.0,0,91.0,2.0,0,212.0,217.0,2.8,2.6,131,5,6,5
12.05.2019 06:00:00,4.0,20.0,23.0,0,0.15,0,0.4,1.7,2.1,25.0,0,91.0,2.2,0,211.0,211.0,3.0,2.6,131,6,6,5
12.05.2019 07:00:00,6.0,18.0,23.6,0,0.2,0,1.0,3.9,4.9,21.0,0,91.0,1.9,0,208.0,199.0,1.0,1.9,131,7,6,5
12.05.2019 08:00:00,6.0,35.0,24.8,0,0.2,0,1.3,4.4,5.7,27.0,0,88.0,2.4,0,45.0,27.0,1.0,0.4,131,8,6,5
12.05.2019 09:00:00,7.0,40.0,25.1,0,0.18,0,0.9,6.4,7.3,32.0,0,88.0,3.5,0,29.0,31.0,1.6,1.0,131,9,6,5
12.05.2019 10:00:00,8.0,46.0,25.1,0,0.16,0,1.1,5.1,6.2,31.0,0,89.0,2.6,0,28.0,35.0,1.1,1.6,131,10,6,5
12.05.2019 11:00:00,7.0,52.0,25.4,0,0.17,0,1.0,4.2,5.3,32.0,0,88.0,2.8,0,26.0,20.0,2.2,1.5,131,11,6,5
12.05.2019 12:00:00,11.0,53.0,25.3,0,0.19,0,0.6,3.7,4.3,35.0,0,89.0,3.0,0,17.0,33.0,2.7,2.0,131,12,6,5
12.05.2019 13:00:00,14.0,54.0,25.5,0,0.19,0,0.9,3.4,4.3,39.0,0,88.0,2.4,0,50.0,58.0,3.7,3.4,131,13,6,5
12.05.2019 14:00:00,12.0,52.0,25.5,0,0.15,0,0.7,1.7,2.4,37.0,0,88.0,2.2,0,52.0,55.0,5.1,4.2,131,14,6,5
12.05.2019 15:00:00,11.0,53.0,25.2,0,0.16,0,0.6,1.3,1.9,34.0,0,89.0,1.7,0,52.0,54.0,2.9,4.3,131,15,6,5
12.05.2019 16:00:00,11.0,49.0,25.3,0,0.2,0,0.9,4.1,5.0,37.0,0,89.0,1.5,0,77.0,65.0,2.6,2.2,131,16,6,5
12.05.2019 17:00:00,10.0,45.0,25.2,0,0.18,0,0.7,3.9,4.6,36.0,0,89.0,1.4,0,66.0,103.0,1.2,1.7,131,17,6,5
12.05.2019 18:00:00,10.0,43.0,25.2,0,0.18,0,0.8,4.7,5.4,39.0,0,89.0,1.5,0,66.0,65.0,2.5,1.6,131,18,6,5
12.05.2019 19:00:00,9.0,37.0,25.0,0,0.2,0,1.1,6.8,7.9,32.0,0,91.0,1.8,0,62.0,51.0,2.1,1.1,131,19,6,5
12.05.2019 20:00:00,6.0,33.0,24.6,0,0.18,0,0.5,4.0,4.5,16.0,0,92.0,1.4,0,91.0,155.0,0.9,0.7,131,20,6,5
12.05.2019 21:00:00,7.0,33.0,24.6,0,0.17,0,0.3,2.0,2.3,13.0,0,92.0,1.0,0,104.0,255.0,1.0,0.4,131,21,6,5
12.05.2019 22:00:00,8.0,29.0,24.6,0,0.18,0,0.6,4.2,4.9,13.0,0,93.0,1.3,0,255.0,18.0,0.5,0.4,131,22,6,5
12.05.2019 23:00:00,5.0,25.0,24.7,0,0.18,0,0.7,6.8,7.5,15.0,0,93.0,1.4,0,188.0,87.0,0.5,0.1,131,23,6,5
12.05.2019 24:00:00,4.0,21.0,24.7,0,0.18,0,0.2,6.2,6.4,20.0,0,93.0,1.2,0,192.0,211.0,2.4,0.5,131,24,6,5
13.05.2019 01:00:00,3.0,16.0,24.4,0,0.16,0,0.0,3.6,3.5,15.0,0,93.0,3.0,0,210.0,213.0,1.7,2.0,132,1,0,5
13.05.2019 02:00:00,2.0,10.0,24.2,0,0.18,0,0.9,3.9,4.8,30.0,0,94.0,2.9,0,213.0,214.0,1.8,1.0,132,2,0,5
13.05.2019 03:00:00,3.0,13.0,24.0,0,0.15,0,1.0,1.7,2.7,16.0,0,94.0,2.6,0,209.0,207.0,2.7,2.6,132,3,0,5
13.05.2019 04:00:00,2.0,15.0,23.8,0,0.15,0,0.9,1.1,2.1,12.0,0,93.0,2.4,0,207.0,206.0,2.9,2.9,132,4,0,5
13.05.2019 05:00:00,2.0,15.0,23.6,0,0.15,0,1.2,1.0,2.1,15.0,0,93.0,2.3,0,213.0,211.0,2.6,2.5,132,5,0,5
13.05.2019 06:00:00,2.0,13.0,23.5,0,0.16,0,1.4,1.2,2.6,15.0,0,93.0,1.9,0,209.0,212.0,2.8,3.3,132,6,0,5
13.05.2019 07:00:00,4.0,10.0,24.5,0,0.23,0,4.4,3.7,8.0,11.0,0,91.0,2.3,0,208.0,205.0,2.2,2.4,132,7,0,5
13.05.2019 08:00:00,2.0,17.0,26.4,0,0.29,0,5.5,5.5,11.0,15.0,0,82.0,2.7,0,119.0,53.0,2.5,0.6,132,8,0,5
13.05.2019 09:00:00,2.0,29.0,26.8,0,0.2,0,3.5,6.0,9.5,19.0,0,81.0,2.8,0,31.0,22.0,1.9,1.7,132,9,0,5
13.05.2019 10:00:00,2.0,35.0,27.7,0,0.16,0,3.0,4.8,7.8,24.0,0,77.0,2.6,0,31.0,42.0,1.8,1.9,132,10,0,5
13.05.2019 11:00:00,12.0,34.0,28.0,0,0.24,0,3.2,4.8,8.0,40.0,0,80.0,3.0,0,33.0,24.0,2.8,2.0,132,11,0,5
13.05.2019 12:00:00,16.0,48.0,28.2,0,0.24,0,2.4,4.1,6.6,38.0,0,79.0,4.0,0,18.0,20.0,4.1,3.7,132,12,0,5
13.05.2019 13:00:00,19.0,75.0,28.2,0,0.33,0,1.9,4.4,6.4,69.0,0,80.0,3.3,0,30.0,44.0,4.4,3.8,132,13,0,5
13.05.2019 14:00:00,29.0,79.0,28.1,0,0.32,0,1.8,3.5,5.3,62.0,0,81.0,2.7,0,48.0,45.0,3.1,3.4,132,14,0,5
13.05.2019 15:00:00,26.0,68.0,28.3,0,0.27,0,2.0,2.8,4.8,56.0,0,79.0,2.3,0,46.0,51.0,2.7,2.8,132,15,0,5
13.05.2019 16:00:00,15.0,48.0,27.9,0,0.23,0,2.0,2.9,4.9,27.0,0,83.0,2.0,0,32.0,20.0,2.7,3.0,132,16,0,5
13.05.2019 17:00:00,19.0,77.0,27.5,0,0.37,0,1.9,5.1,7.0,65.0,0,84.0,3.0,0,19.0,21.0,2.2,2.5,132,17,0,5
13.05.2019 18:00:00,24.0,68.0,27.1,0,0.3,0,1.9,7.6,9.5,53.0,0,84.0,2.6,0,24.0,46.0,1.2,1.3,132,18,0,5
13.05.2019 19:00:00,18.0,44.0,26.7,0,0.31,0,1.7,8.6,10.0,42.0,0,86.0,1.9,0,197.0,203.0,2.5,1.4,132,19,0,5
13.05.2019 20:00:00,13.0,19.0,25.7,0,0.27,0,2.5,8.0,10.0,29.0,0,89.0,1.8,0,222.0,231.0,2.4,2.2,132,20,0,5
13.05.2019 21:00:00,13.0,21.0,24.9,0,0.27,0,1.8,5.0,6.8,30.0,0,87.0,1.9,0,215.0,210.0,3.4,3.0,132,21,0,5
13.05.2019 22:00:00,13.0,19.0,24.7,0,0.3,0,1.7,5.6,7.3,35.0,0,86.0,1.3,0,212.0,210.0,3.2,3.2,132,22,0,5
13.05.2019 23:00:00,11.0,16.0,24.3,0,0.33,0,1.7,5.6,7.3,33.0,0,88.0,1.1,0,214.0,219.0,3.0,3.2,132,23,0,5
13.05.2019 24:00:00,13.0,15.0,24.1,0,0.4,0,1.6,6.8,8.4,33.0,0,89.0,1.0,0,206.0,196.0,2.3,2.2,132,24,0,5
14.05.2019 01:00:00,15.0,12.0,23.7,0,0.41,0,1.5,6.6,8.0,30.0,0,90.0,3.0,0,202.0,196.0,1.8,2.1,133,1,1,5
14.05.2019 02:00:00,14.0,9.4,23.8,0,0.48,0,0.8,11.0,12.0,27.0,0,90.0,2.6,0,209.0,223.0,2.1,1.2,133,2,1,5
14.05.2019 03:00:00,12.0,9.4,24.3,0,0.51,0,0.6,14.0,15.0,32.0,0,87.0,2.8,0,225.0,206.0,1.8,0.8,133,3,1,5
14.05.2019 04:00:00,12.0,9.4,23.3,0,0.43,0,0.4,9.0,9.4,31.0,0,90.0,2.5,0,207.0,210.0,2.5,2.1,133,4,1,5
14.05.2019 05:00:00,14.0,10.0,23.2,0,0.37,0,0.2,8.0,8.2,24.0,0,90.0,2.4,0,211.0,203.0,1.1,1.9,133,5,1,5
14.05.2019 06:00:00,15.0,9.1,23.5,0,0.42,0,1.5,9.2,11.0,31.0,0,90.0,2.4,0,176.0,142.0,1.1,0.5,133,6,1,5
14.05.2019 07:00:00,12.0,10.0,25.1,0,0.5,0,7.6,14.0,21.0,41.0,0,86.0,2.9,0,8.7,360.0,2.4,1.2,133,7,1,5
14.05.2019 08:00:00,16.0,24.0,26.0,0,0.34,0,3.3,11.0,14.0,45.0,0,86.0,3.6,0,17.0,41.0,1.1,1.4,133,8,1,5
14.05.2019 09:00:00,22.0,34.0,26.7,0,0.25,0,2.4,7.9,10.0,43.0,0,86.0,3.3,0,13.0,355.0,2.6,1.7,133,9,1,5
14.05.2019 10:00:00,23.0,37.0,27.0,0,0.24,0,2.7,7.1,9.9,38.0,0,83.0,3.1,0,15.0,16.0,2.1,2.4,133,10,1,5
14.05.2019 11:00:00,22.0,40.0,29.0,0,0.0,0,1.115,9.091,10.887,29.0,0,72.0,2.03,0,226.0,93.0,2.0,1.1,133,11,1,5
14.05.2019 12:00:00,9.944,36.128,28.3,0,0.2,0,2.4,5.3,7.7,31.014,0,79.0,2.1,0,21.0,18.0,4.8,3.1,133,12,1,5
14.05.2019 13:00:00,25.0,51.0,28.5,0,0.18,0,1.9,3.8,5.7,28.0,0,79.0,1.9,0,15.0,9.2,4.6,3.6,133,13,1,5
14.05.2019 14:00:00,19.0,52.0,28.4,0,0.17,0,1.9,3.5,5.4,39.0,0,79.0,1.6,0,325.0,310.0,5.6,3.6,133,14,1,5
14.05.2019 15:00:00,19.0,53.0,27.2,0,0.16,0,1.8,2.7,4.5,29.0,0,84.0,1.5,0,327.0,322.0,3.4,4.6,133,15,1,5
14.05.2019 16:00:00,23.0,54.0,26.2,0,0.19,0,1.6,3.0,4.6,43.0,0,86.0,1.4,0,348.0,350.0,4.5,3.3,133,16,1,5
14.05.2019 17:00:00,25.0,54.0,25.8,0,0.21,0,1.4,5.0,6.4,47.0,0,86.0,1.6,0,346.0,337.0,2.2,2.6,133,17,1,5
14.05.2019 18:00:00,25.0,54.0,25.8,0,0.22,0,1.3,6.2,7.6,42.0,0,86.0,2.0,0,6.4,33.0,2.8,1.8,133,18,1,5
14.05.2019 19:00:00,22.0,57.0,25.4,0,0.18,0,1.4,4.0,5.4,56.0,0,88.0,1.7,0,48.0,49.0,4.7,3.6,133,19,1,5
14.05.2019 20:00:00,19.0,57.0,24.9,0,0.16,0,1.1,2.1,3.2,34.0,0,92.0,1.3,0,50.0,51.0,4.0,4.2,133,20,1,5
14.05.2019 21:00:00,11.0,56.0,24.7,0,0.16,0,1.1,1.9,3.1,23.0,0,94.0,0.9,0,49.0,49.0,4.6,3.5,133,21,1,5
14.05.2019 22:00:00,9.0,55.0,24.5,0,0.16,0,1.2,2.0,3.2,35.0,0.2,94.0,0.9,0,55.0,72.0,1.6,2.7,133,22,1,5
14.05.2019 23:00:00,8.0,51.0,24.6,0,0.17,0,1.3,3.6,4.8,34.0,0,95.0,0.8,0,69.0,233.0,0.6,0.3,133,23,1,5
14.05.2019 24:00:00,11.0,46.0,24.8,0,0.22,0,1.3,4.7,6.0,42.0,0,93.0,1.3,0,225.0,223.0,0.6,0.5,133,24,1,5
15.05.2019 01:00:00,15.0,36.0,24.7,0,0.18,0,1.2,3.9,5.2,42.0,0,93.0,2.2,0,204.0,190.0,0.9,0.9,134,1,2,5
15.05.2019 02:00:00,11.0,36.0,24.6,0,0.17,0,0.5,2.0,2.5,42.0,0,94.0,2.3,0,220.0,238.0,0.5,0.7,134,2,2,5
15.05.2019 03:00:00,11.0,32.0,24.5,0,0.18,0,0.5,1.9,2.4,57.0,0,94.0,2.1,0,205.0,204.0,1.4,0.8,134,3,2,5
15.05.2019 04:00:00,14.0,35.0,24.5,0,0.17,0,0.3,1.7,2.0,68.0,0,94.0,2.2,0,211.0,217.0,0.9,0.8,134,4,2,5
15.05.2019 05:00:00,15.0,42.0,24.5,0,0.18,0,0.9,3.8,4.7,56.0,0,94.0,1.9,0,214.0,211.0,1.9,1.4,134,5,2,5
15.05.2019 06:00:00,16.0,31.0,24.4,0,0.19,0,0.5,3.2,3.7,63.0,0,94.0,1.9,0,213.0,216.0,1.3,1.5,134,6,2,5
15.05.2019 07:00:00,19.0,28.0,24.6,0,0.24,0,0.7,6.1,6.9,48.0,0,94.0,1.5,0,219.0,43.0,0.5,0.3,134,7,2,5
15.05.2019 08:00:00,19.0,34.0,25.2,0,0.26,0,1.4,9.2,11.0,43.0,0,91.0,2.4,0,40.0,48.0,1.2,0.7,134,8,2,5
15.05.2019 09:00:00,15.0,49.0,25.6,0,0.21,0,1.4,5.2,6.6,27.0,0,88.0,2.4,0,63.0,72.0,2.3,2.0,134,9,2,5
15.05.2019 10:00:00,10.0,55.0,25.6,0,0.19,0,1.0,1.9,2.9,25.0,0,84.0,2.8,0,67.0,69.0,2.3,2.3,134,10,2,5
15.05.2019 11:00:00,10.0,55.0,26.1,0,0.19,0,1.1,2.2,3.3,21.0,0,83.0,2.8,0,63.0,65.0,2.7,2.7,134,11,2,5
15.05.2019 12:00:00,11.0,54.0,26.2,0,0.21,0,1.1,3.3,4.5,18.0,0,82.0,2.6,0,60.0,58.0,2.0,2.1,134,12,2,5
15.05.2019 13:00:00,10.0,57.0,26.3,0,0.19,0,0.8,0.8,1.7,15.0,0,83.0,2.8,0,46.0,38.0,1.8,2.0,134,13,2,5
15.05.2019 14:00:00,10.0,54.0,26.4,0,0.19,0,0.8,1.5,2.2,20.0,0,84.0,2.4,0,43.0,50.0,3.5,2.2,134,14,2,5
15.05.2019 15:00:00,11.0,56.0,26.6,0,0.19,0,0.5,1.2,1.7,23.0,0,84.0,0.9,0,46.0,26.0,2.3,2.7,134,15,2,5
15.05.2019 16:00:00,11.0,54.0,26.2,0,0.21,0,0.9,3.9,4.7,27.0,0,87.0,0.9,0,23.0,17.0,1.7,1.7,134,16,2,5
15.05.2019 17:00:00,12.0,51.0,26.1,0,0.22,0,1.0,5.4,6.4,26.0,0,88.0,0.5,0,356.0,301.0,1.0,1.2,134,17,2,5
15.05.2019 18:00:00,12.0,48.0,26.1,0,0.26,0,1.1,5.7,6.8,25.0,0,88.0,0.6,0,98.0,138.0,0.8,0.4,134,18,2,5
15.05.2019 19:00:00,15.0,42.0,26.0,0,0.26,0,0.9,4.5,5.4,27.0,0,88.0,0.4,0,197.0,218.0,1.5,0.9,134,19,2,5
15.05.2019 20:00:00,13.0,23.0,25.7,0,0.3,0,0.8,7.8,8.7,25.0,0,90.0,0.3,0,198.0,183.0,0.9,1.1,134,20,2,5
15.05.2019 21:00:00,11.0,15.0,25.4,0,0.26,0,0.8,5.5,6.3,34.0,0,91.0,0.5,0,220.0,210.0,1.8,1.2,134,21,2,5
15.05.2019 22:00:00,13.0,8.1,25.4,0,0.29,0,1.7,5.8,7.5,30.0,0,91.0,0.4,0,207.0,208.0,2.5,1.3,134,22,2,5
15.05.2019 23:00:00,16.0,8.7,25.3,0,0.28,0,1.0,5.7,6.6,34.0,0,91.0,0.5,0,213.0,209.0,2.9,2.3,134,23,2,5
15.05.2019 24:00:00,15.0,9.9,25.2,0,0.26,0,0.3,4.1,4.4,32.0,0,92.0,0.2,0,211.0,208.0,2.1,2.5,134,24,2,5
16.05.2019 01:00:00,14.0,8.0,25.2,0,0.25,0,0.3,3.6,3.9,30.0,0,93.0,1.2,0,204.0,191.0,1.1,1.2,135,1,3,5
16.05.2019 02:00:00,15.0,7.8,25.1,0,0.27,0,1.0,4.7,5.6,30.0,0,93.0,2.3,0,204.0,203.0,1.3,1.0,135,2,3,5
16.05.2019 03:00:00,14.0,4.9,25.1,0,0.39,0,1.2,8.8,10.0,32.0,0,93.0,2.4,0,201.0,182.0,0.9,1.1,135,3,3,5
16.05.2019 04:00:00,12.0,3.5,25.1,0,0.45,0,1.9,11.0,12.0,33.0,0,93.0,2.6,0,192.0,197.0,0.8,0.7,135,4,3,5
16.05.2019 05:00:00,9.0,2.9,25.2,0,0.49,0,2.7,12.0,14.0,35.0,0,93.0,2.7,0,206.0,200.0,2.1,1.2,135,5,3,5
16.05.2019 06:00:00,11.0,4.1,25.3,0,0.54,0,4.4,13.0,17.0,32.0,0,93.0,2.7,0,206.0,350.0,0.5,0.9,135,6,3,5
16.05.2019 07:00:00,14.0,7.4,26.0,0,0.56,0,9.1,14.0,23.0,48.0,0,90.0,4.0,0,47.0,15.0,0.7,0.4,135,7,3,5
16.05.2019 08:00:00,15.0,11.0,26.7,0,0.52,0,9.6,18.0,27.0,45.0,0,87.0,6.0,0,23.0,16.0,1.0,1.2,135,8,3,5
16.05.2019 09:00:00,15.0,17.0,27.0,0,0.36,0,8.8,16.0,24.0,32.0,0,84.0,8.1,0,43.0,30.0,1.8,1.2,135,9,3,5
16.05.2019 10:00:00,13.0,24.0,28.1,0,0.31,0,6.2,14.0,20.0,30.0,0,81.0,4.6,0,24.0,8.0,2.7,1.7,135,10,3,5
16.05.2019 11:00:00,14.0,30.0,27.4,0,0.27,0,4.1,12.0,16.0,35.0,0,87.0,4.6,0,1.3,9.0,2.3,2.2,135,11,3,5
16.05.2019 12:00:00,16.0,43.0,27.4,0,0.25,0,2.7,6.4,9.1,37.0,0,86.0,2.9,0,30.0,31.0,2.2,1.7,135,12,3,5
16.05.2019 13:00:00,18.0,45.0,27.5,0,0.25,0,2.6,6.5,9.1,43.0,0,86.0,2.2,0,20.0,25.0,2.9,2.5,135,13,3,5
16.05.2019 14:00:00,15.0,47.0,27.3,0,0.24,0,2.6,6.0,8.5,35.0,0,87.0,2.1,0,17.0,26.0,3.5,2.4,135,14,3,5
16.05.2019 15:00:00,13.0,45.0,27.5,0,0.23,0,2.5,7.7,10.0,42.0,0,87.0,1.9,0,52.0,31.0,2.0,2.8,135,15,3,5
16.05.2019 16:00:00,17.0,44.0,27.3,0,0.22,0,2.7,8.5,11.0,48.0,0,89.0,2.0,0,22.0,13.0,2.0,2.1,135,16,3,5
16.05.2019 17:00:00,18.0,45.0,27.3,0,0.23,0,2.7,9.3,12.0,40.0,0,88.0,1.8,0,7.5,346.0,2.3,1.6,135,17,3,5
16.05.2019 18:00:00,19.0,37.0,27.1,0,0.25,0,2.8,16.0,18.0,58.0,0,89.0,2.4,0,17.0,8.1,1.4,1.6,135,18,3,5
16.05.2019 19:00:00,21.0,35.0,27.3,0,0.29,0,2.0,14.0,16.0,57.0,0,89.0,2.0,0,26.0,84.0,0.6,0.8,135,19,3,5
16.05.2019 20:00:00,16.0,16.0,27.3,0,0.35,0,4.2,19.0,23.0,57.0,0,90.0,1.6,0,355.0,360.0,1.4,0.4,135,20,3,5
16.05.2019 21:00:00,16.0,30.0,27.0,0,0.23,0,1.7,10.0,12.0,48.0,7.2,92.0,2.1,0,32.0,129.0,0.7,1.2,135,21,3,5
16.05.2019 22:00:00,16.0,30.0,27.4,0,0.19,0,1.8,6.6,8.4,34.0,17.0,90.0,1.1,0,250.0,316.0,0.6,1.1,135,22,3,5
16.05.2019 23:00:00,9.0,24.0,26.8,0,0.21,0,2.2,12.0,15.0,39.0,1.2,92.0,1.1,0,346.0,337.0,3.6,1.3,135,23,3,5
16.05.2019 24:00:00,7.0,22.0,26.1,0,0.21,0,2.0,17.0,19.0,56.0,0,93.0,2.1,0,357.0,357.0,2.5,1.8,135,24,3,5
17.05.2019 01:00:00,9.0,27.0,26.3,0,0.19,0,1.5,10.0,12.0,40.0,0,92.0,2.9,0,13.0,16.0,1.7,1.6,136,1,4,5
17.05.2019 02:00:00,10.0,21.0,26.8,0,0.18,0,0.2,7.1,7.4,49.0,0,90.0,2.9,0,38.0,53.0,0.9,0.7,136,2,4,5
17.05.2019 03:00:00,9.0,19.0,26.8,0,0.18,0,0.5,7.0,7.5,36.0,0,91.0,3.0,0,14.0,20.0,1.8,1.2,136,3,4,5
17.05.2019 04:00:00,13.0,21.0,26.4,0,0.17,0,0.3,5.9,6.1,42.0,1.2,94.0,2.8,0,90.0,54.0,1.7,0.3,136,4,4,5
17.05.2019 05:00:00,14.0,22.0,26.1,0,0.17,0,0.3,5.8,6.1,35.0,0.6,94.0,2.1,0,22.0,349.0,1.6,0.7,136,5,4,5
17.05.2019 06:00:00,11.0,15.0,26.1,0,0.2,0,0.4,6.4,6.9,35.0,0.2,94.0,2.1,0,135.0,353.0,0.7,0.2,136,6,4,5
17.05.2019 07:00:00,8.0,10.0,26.5,0,0.25,0,2.2,7.1,9.2,16.0,0,92.0,2.3,0,179.0,176.0,1.8,0.7,136,7,4,5
17.05.2019 08:00:00,7.0,8.5,26.9,0,0.34,0,6.9,11.0,17.0,18.0,0,92.0,2.6,0,133.0,153.0,1.1,1.1,136,8,4,5
17.05.2019 09:00:00,10.0,8.4,27.3,0,0.35,0,5.8,9.1,15.0,8.0,0,91.0,2.4,0,207.0,218.0,1.6,1.7,136,9,4,5
17.05.2019 10:00:00,9.0,6.0,27.3,0,0.38,0,9.8,9.7,20.0,17.0,0.2,91.0,2.2,0,248.0,343.0,1.4,0.6,136,10,4,5
17.05.2019 11:00:00,5.0,15.0,27.0,0,0.26,0,1.0,7.3,8.3,13.0,1.4,89.0,2.3,0,218.0,36.0,1.1,1.2,136,11,4,5
17.05.2019 12:00:00,2.0,18.0,26.5,0,0.33,0,1.6,12.0,14.0,11.0,2.2,88.0,1.9,0,186.0,170.0,2.1,2.1,136,12,4,5
17.05.2019 13:00:00,2.0,20.0,26.4,0,0.34,0,4.8,12.0,17.0,11.0,3.4,89.0,1.9,0,198.0,221.0,5.6,1.3,136,13,4,5
17.05.2019 14:00:00,5.0,30.0,26.6,0,0.19,0,1.4,4.3,5.7,15.0,2.4,85.0,1.7,0,221.0,198.0,3.5,4.4,136,14,4,5
17.05.2019 15:00:00,5.0,24.0,26.6,0,0.27,0,2.7,11.0,13.0,10.0,0.8,88.0,1.6,0,184.0,157.0,2.5,2.6,136,15,4,5
17.05.2019 16:00:00,3.0,26.0,27.3,0,0.25,0,3.0,8.1,11.0,14.0,0,87.0,1.4,0,143.0,211.0,1.9,1.7,136,16,4,5
17.05.2019 17:00:00,6.0,24.0,28.0,0,0.31,0,2.6,11.0,14.0,23.0,0,85.0,1.6,0,210.0,215.0,1.0,2.1,136,17,4,5
17.05.2019 18:00:00,6.0,24.0,27.3,0,0.24,0,2.6,13.0,16.0,20.0,0,84.0,3.6,0,11.0,47.0,1.6,1.3,136,18,4,5
17.05.2019 19:00:00,3.0,15.0,26.7,0,0.31,0,2.3,14.0,16.0,24.0,0,89.0,1.9,0,201.0,196.0,0.6,0.9,136,19,4,5
17.05.2019 20:00:00,4.0,6.2,26.0,0,0.35,0,5.7,13.0,18.0,26.0,0,92.0,1.5,0,209.0,213.0,2.0,1.7,136,20,4,5
17.05.2019 21:00:00,3.0,8.5,25.7,0,0.26,0,2.9,9.0,12.0,28.0,0,93.0,1.4,0,206.0,209.0,2.3,1.9,136,21,4,5
17.05.2019 22:00:00,3.0,11.0,25.8,0,0.25,0,2.3,10.0,12.0,30.0,0,92.0,1.4,0,216.0,211.0,1.9,1.2,136,22,4,5
17.05.2019 23:00:00,2.0,8.7,25.6,0,0.23,0,1.3,7.9,9.2,22.0,0,93.0,1.3,0,202.0,203.0,1.4,1.6,136,23,4,5
17.05.2019 24:00:00,2.0,5.4,25.4,0,0.25,0,1.6,8.1,9.7,32.0,0,93.0,1.1,0,205.0,198.0,2.7,1.8,136,24,4,5
18.05.2019 01:00:00,7.0,4.5,25.8,0,0.29,0,1.0,9.0,10.0,29.0,0,92.0,2.0,0,213.0,221.0,1.4,1.2,137,1,5,5
18.05.2019 02:00:00,11.0,2.8,26.6,0,0.4,0,3.3,16.0,19.0,30.0,0,88.0,2.6,0,239.0,242.0,1.3,1.2,137,2,5,5
18.05.2019 03:00:00,9.0,5.2,26.7,0,0.33,0,1.3,14.0,15.0,26.0,0,88.0,2.5,0,242.0,251.0,2.4,1.6,137,3,5,5
18.05.2019 04:00:00,4.0,10.0,27.4,0,0.27,0,0.3,12.0,12.0,27.0,0,83.0,2.5,0,249.0,250.0,3.2,2.8,137,4,5,5
18.05.2019 05:00:00,6.0,17.0,27.9,0,0.2,0,0.7,7.5,8.2,26.0,0,80.0,2.5,0,245.0,250.0,2.7,2.4,137,5,5,5
18.05.2019 06:00:00,10.0,17.0,27.9,0,0.2,0,1.4,7.6,9.0,24.0,0,81.0,2.2,0,232.0,232.0,0.5,1.5,137,6,5,5
18.05.2019 07:00:00,11.0,18.0,28.6,0,0.24,0,1.5,7.0,8.4,23.0,0,79.0,2.0,0,214.0,315.0,1.1,0.9,137,7,5,5
18.05.2019 08:00:00,11.0,25.0,30.1,0,0.22,0,2.6,6.8,9.4,21.0,0,74.0,2.1,0,242.0,247.0,3.7,2.0,137,8,5,5
18.05.2019 09:00:00,7.0,30.0,30.6,0,0.22,0,2.2,5.8,8.0,18.0,0,73.0,1.8,0,241.0,242.0,3.4,3.6,137,9,5,5
18.05.2019 10:00:00,8.0,31.0,30.4,0,0.25,0,2.1,6.5,8.7,20.0,0,75.0,1.7,0,228.0,224.0,3.5,3.4,137,10,5,5
18.05.2019 11:00:00,10.0,39.0,31.2,0,0.21,0,2.0,4.8,6.8,19.0,0,71.0,1.3,0,225.0,229.0,4.7,4.3,137,11,5,5
18.05.2019 12:00:00,10.0,37.0,28.8,0,0.19,0,1.5,4.5,6.0,15.0,24.0,86.0,1.3,0,228.0,225.0,2.4,3.1,137,12,5,5
18.05.2019 13:00:00,11.0,37.0,29.4,0,0.22,0,2.3,5.9,8.2,23.0,0,85.0,1.2,0,220.0,63.0,3.1,0.7,137,13,5,5
18.05.2019 14:00:00,12.0,48.0,28.5,0,0.18,0,1.9,5.0,6.9,37.0,0,88.0,1.6,0,40.0,37.0,1.8,1.9,137,14,5,5
18.05.2019 15:00:00,11.0,50.0,29.2,0,0.23,0,2.3,9.1,11.0,42.0,0,83.0,2.3,0,73.0,81.0,1.8,2.5,137,15,5,5
18.05.2019 16:00:00,13.0,50.0,28.8,0,0.25,0,2.0,8.5,11.0,54.0,0,82.0,1.6,0,356.0,242.0,1.9,1.4,137,16,5,5
18.05.2019 17:00:00,15.0,50.0,30.6,0,0.26,0,1.7,7.3,9.0,25.0,0,72.0,0.9,0,227.0,205.0,2.5,2.4,137,17,5,5
18.05.2019 18:00:00,15.0,47.0,30.2,0,0.27,0,1.6,8.4,10.0,30.0,0,73.0,0.9,0,257.0,317.0,1.2,1.4,137,18,5,5
18.05.2019 19:00:00,15.0,40.0,28.1,0,0.24,0,1.6,8.6,10.0,55.0,0,85.0,1.4,0,55.0,205.0,0.6,0.8,137,19,5,5
18.05.2019 20:00:00,12.0,32.0,27.6,0,0.28,0,1.7,12.0,14.0,69.0,0,88.0,1.4,0,18.0,354.0,1.8,1.2,137,20,5,5
18.05.2019 21:00:00,12.0,26.0,27.3,0,0.28,0,1.9,17.0,19.0,55.0,0,89.0,1.5,0,357.0,0.6,1.5,1.4,137,21,5,5
18.05.2019 22:00:00,11.0,30.0,27.0,0,0.24,0,1.4,11.0,12.0,54.0,0,90.0,1.5,0,18.0,22.0,0.8,1.5,137,22,5,5
18.05.2019 23:00:00,10.0,20.0,27.4,0,0.25,0,1.8,14.0,15.0,38.0,0,88.0,0.9,0,330.0,343.0,2.7,0.9,137,23,5,5
18.05.2019 24:00:00,12.0,27.0,27.1,0,0.22,0,1.2,9.9,11.0,52.0,0,89.0,2.0,0,358.0,349.0,2.0,1.1,137,24,5,5
19.05.2019 01:00:00,18.0,28.0,27.0,0,0.21,0,1.2,7.4,8.5,43.0,0,90.0,3.3,0,8.5,81.0,1.2,1.4,138,1,6,5
19.05.2019 02:00:00,15.0,21.0,27.2,0,0.19,0,1.8,9.3,11.0,37.0,0,89.0,2.2,0,1.9,187.0,0.9,0.3,138,2,6,5
19.05.2019 03:00:00,9.0,17.0,27.3,0,0.22,0,1.2,6.9,8.2,49.0,0,88.0,1.9,0,266.0,224.0,0.7,0.4,138,3,6,5
19.05.2019 04:00:00,7.0,13.0,27.2,0,0.24,0,1.0,6.1,7.0,43.0,0,89.0,1.8,0,197.0,186.0,0.8,0.5,138,4,6,5
19.05.2019 05:00:00,10.0,8.9,27.0,0,0.26,0,0.9,6.1,7.0,42.0,0,90.0,1.6,0,208.0,200.0,1.2,0.4,138,5,6,5
19.05.2019 06:00:00,11.0,17.0,27.4,0,0.26,0,0.8,5.8,6.7,38.0,0,85.0,2.2,0,157.0,153.0,2.4,0.9,138,6,6,5
19.05.2019 07:00:00,11.0,17.0,27.8,0,0.27,0,1.6,6.3,7.9,24.0,0,81.0,2.9,0,151.0,223.0,0.8,1.4,138,7,6,5
19.05.2019 08:00:00,12.0,18.0,28.8,0,0.31,0,4.0,7.0,11.0,31.0,0,78.0,2.3,0,175.0,191.0,3.8,1.1,138,8,6,5
19.05.2019 09:00:00,13.0,27.0,30.0,0,0.22,0,2.1,4.6,6.8,28.0,0,72.0,1.9,0,168.0,164.0,2.6,2.5,138,9,6,5
19.05.2019 10:00:00,11.0,32.0,30.6,0,0.24,0,3.1,7.9,11.0,37.0,0,70.0,1.6,0,56.0,343.0,0.8,0.8,138,10,6,5
19.05.2019 11:00:00,11.0,34.0,29.8,0,0.24,0,2.7,8.0,11.0,34.0,0.6,75.0,1.6,0,28.0,14.0,2.0,1.4,138,11,6,5
19.05.2019 12:00:00,11.0,35.0,27.5,0,0.22,0,2.6,6.8,9.3,29.0,13.0,90.0,1.7,0,19.0,28.0,1.1,0.8,138,12,6,5
19.05.2019 13:00:00,12.0,44.0,28.2,0,0.23,0,2.7,5.9,8.5,26.0,0,86.0,2.3,0,59.0,33.0,1.8,1.9,138,13,6,5
19.05.2019 14:00:00,10.0,47.0,27.7,0,0.21,0,2.6,4.6,7.2,36.0,11.0,82.0,1.6,0,27.0,353.0,2.2,1.2,138,14,6,5
19.05.2019 15:00:00,8.0,47.0,27.9,0,0.19,0,2.4,3.7,6.2,37.0,0,80.0,1.0,0,26.0,46.0,2.7,1.6,138,15,6,5
19.05.2019 16:00:00,9.0,48.0,27.9,0,0.31,0,2.9,6.6,9.4,82.0,0,80.0,1.8,0,19.0,28.0,1.9,1.8,138,16,6,5
19.05.2019 17:00:00,7.0,52.0,27.7,0,0.23,0,2.0,4.4,6.4,43.0,0,82.0,1.8,0,36.0,46.0,1.4,1.3,138,17,6,5
19.05.2019 18:00:00,8.0,48.0,27.8,0,0.32,0,2.1,7.4,9.6,54.0,0,85.0,2.7,0,41.0,45.0,1.6,1.5,138,18,6,5
19.05.2019 19:00:00,11.0,62.0,27.4,0,0.29,0,1.8,8.1,9.9,42.0,0,88.0,1.9,0,61.0,208.0,0.9,0.1,138,19,6,5
19.05.2019 20:00:00,8.0,21.0,26.6,0,0.26,0,1.6,5.5,7.2,29.0,0,90.0,1.1,0,219.0,218.0,1.8,1.8,138,20,6,5
19.05.2019 21:00:00,4.0,18.0,26.3,0,0.24,0,1.6,4.2,5.8,28.0,0,89.0,0.9,0,219.0,226.0,2.2,2.2,138,21,6,5
19.05.2019 22:00:00,5.0,16.0,26.3,0,0.23,0,1.7,4.6,6.3,21.0,0,89.0,0.9,0,214.0,225.0,1.4,1.6,138,22,6,5
19.05.2019 23:00:00,5.0,14.0,26.2,0,0.22,0,1.5,5.4,6.9,30.0,0,89.0,0.8,0,211.0,213.0,1.7,1.8,138,23,6,5
19.05.2019 24:00:00,3.0,9.7,26.0,0,0.23,0,1.9,5.0,6.8,35.0,0,90.0,1.1,0,206.0,208.0,3.0,1.8,138,24,6,5
20.05.2019 01:00:00,3.0,12.0,25.6,0,0.19,0,1.0,3.2,4.2,28.0,0,92.0,3.0,0,209.0,206.0,3.0,3.0,139,1,0,5
20.05.2019 02:00:00,6.0,12.0,25.8,0,0.19,0,1.0,2.5,3.5,29.0,0,91.0,2.8,0,203.0,203.0,2.4,2.3,139,2,0,5
20.05.2019 03:00:00,8.0,9.8,25.8,0,0.21,0,1.4,2.7,4.1,31.0,0,91.0,3.0,0,202.0,201.0,1.1,1.7,139,3,0,5
20.05.2019 04:00:00,7.0,9.5,25.7,0,0.23,0,1.2,3.7,5.0,36.0,0,91.0,3.0,0,206.0,207.0,1.1,1.0,139,4,0,5
20.05.2019 05:00:00,6.0,18.0,27.7,0,0.17,0,1.1,3.3,4.4,21.0,0,78.0,2.9,0,228.0,218.0,4.0,2.3,139,5,0,5
20.05.2019 06:00:00,6.0,27.0,29.2,0,0.13,0,1.6,1.4,3.0,23.0,0,72.0,2.0,0,240.0,217.0,1.4,1.9,139,6,0,5
20.05.2019 07:00:00,4.0,29.0,29.2,0,0.15,0,2.1,2.9,5.0,20.0,0,72.0,1.2,0,293.0,337.0,6.0,1.3,139,7,0,5
20.05.2019 08:00:00,2.0,63.0,25.5,0,0.19,0,1.7,4.0,5.7,10.0,20.0,85.0,1.1,0,251.0,33.0,2.6,1.6,139,8,0,5
20.05.2019 09:00:00,2.0,55.0,25.1,0,0.21,0,1.8,7.7,9.5,12.0,23.0,91.0,1.3,0,358.0,119.0,0.8,0.4,139,9,0,5
20.05.2019 10:00:00,4.0,61.0,24.8,0,0.3,0,2.2,5.7,7.8,24.0,22.0,94.0,1.3,0,26.0,21.0,9.8,4.7,139,10,0,5
20.05.2019 11:00:00,8.069,77.0,24.1,0,0.36,0,1.9,2.8,4.7,30.875,15.0,95.0,1.3,0,22.0,21.0,8.6,8.6,139,11,0,5
20.05.2019 12:00:00,25.0,76.0,24.1,0,0.43,0,1.8,3.5,5.2,64.0,4.58,91.0,2.141,0,14.0,14.0,7.1,6.6,139,12,0,5
20.05.2019 13:00:00,20.0,54.0,24.3,0,0.31,0,1.9,2.8,4.6,81.0,2.2,87.0,1.0,0,17.0,18.0,8.1,6.9,139,13,0,5
20.05.2019 14:00:00,13.0,57.0,24.3,0,0.22,0,1.7,2.0,3.7,65.0,0.6,87.0,0.7,0,19.0,17.0,6.9,7.3,139,14,0,5
20.05.2019 15:00:00,11.0,54.0,24.0,0,0.18,0,1.5,1.5,3.0,80.0,0,83.0,0.7,0,21.0,20.0,7.3,6.5,139,15,0,5
20.05.2019 16:00:00,14.0,59.0,24.0,0,0.19,0,1.6,1.5,3.1,68.0,0.8,87.0,0.7,0,19.0,22.0,7.5,7.8,139,16,0,5
20.05.2019 17:00:00,15.0,58.0,23.9,0,0.2,0,1.8,1.9,3.7,78.0,0.6,86.0,0.5,0,21.0,19.0,8.5,7.3,139,17,0,5
20.05.2019 18:00:00,15.0,60.0,23.4,0,0.19,0,1.8,1.6,3.3,65.0,1.0,86.0,0.5,0,19.0,21.0,8.0,7.0,139,18,0,5
20.05.2019 19:00:00,14.0,66.0,23.7,0,0.18,0,1.7,1.6,3.3,92.0,0,75.0,0.4,0,20.0,23.0,7.5,7.8,139,19,0,5
20.05.2019 20:00:00,15.0,69.0,23.4,0,0.18,0,1.5,1.6,3.2,78.0,0,77.0,0.5,0,34.0,24.0,6.7,6.0,139,20,0,5
20.05.2019 21:00:00,16.0,71.0,23.7,0,0.19,0,1.5,1.8,3.3,94.0,0,77.0,0.3,0,25.0,26.0,6.1,5.1,139,21,0,5
20.05.2019 22:00:00,19.0,69.0,23.3,0,0.19,0,1.8,1.6,3.4,117.0,0.2,82.0,0.2,0,17.0,22.0,8.5,4.1,139,22,0,5
20.05.2019 23:00:00,17.0,74.0,23.4,0,0.18,0,1.7,1.1,2.8,133.0,0,76.0,-0.2,0,28.0,42.0,3.7,3.9,139,23,0,5
20.05.2019 24:00:00,18.0,72.0,23.4,0,0.18,0,1.7,1.2,2.9,136.0,0,78.0,0.4,0,39.0,48.0,5.1,3.8,139,24,0,5
21.05.2019 01:00:00,20.0,72.0,23.1,0,0.18,0,1.8,1.1,2.9,114.0,0,77.0,2.0,0,42.0,43.0,3.6,3.8,140,1,1,5
21.05.2019 02:00:00,18.0,70.0,23.2,0,0.18,0,0.7,2.6,3.3,120.0,0,75.0,2.9,0,47.0,48.0,3.1,3.5,140,2,1,5
21.05.2019 03:00:00,15.0,72.0,23.3,0,0.17,0,0.5,1.2,1.7,107.0,0,73.0,1.8,0,49.0,50.0,5.5,4.8,140,3,1,5
21.05.2019 04:00:00,14.0,72.0,23.3,0,0.15,0,0.5,1.1,1.6,109.0,0,71.0,1.6,0,48.0,47.0,5.8,5.2,140,4,1,5
21.05.2019 05:00:00,13.0,74.0,23.3,0,0.16,0,0.7,1.2,1.8,107.0,0,67.0,1.4,0,47.0,44.0,5.6,5.9,140,5,1,5
21.05.2019 06:00:00,13.0,77.0,23.3,0,0.17,0,0.8,1.7,2.5,105.0,0,66.0,1.4,0,49.0,48.0,6.0,6.0,140,6,1,5
21.05.2019 07:00:00,15.0,76.0,23.4,0,0.17,0,0.7,2.0,2.7,112.0,0,67.0,1.7,0,48.0,49.0,7.1,6.2,140,7,1,5
21.05.2019 08:00:00,15.0,74.0,23.3,0,0.18,0,0.7,3.1,3.8,127.0,0,69.0,1.2,0,51.0,53.0,6.0,6.4,140,8,1,5
21.05.2019 09:00:00,14.0,74.0,23.2,0,0.19,0,0.9,2.9,3.8,98.0,0,68.0,1.5,0,54.0,51.0,6.4,5.9,140,9,1,5
21.05.2019 10:00:00,13.0,74.0,23.3,0,0.19,0,1.1,3.2,4.4,102.0,0,66.0,1.5,0,54.0,50.0,6.2,5.6,140,10,1,5
21.05.2019 11:00:00,15.0,78.0,23.7,0,0.2,0,1.0,2.3,3.3,101.0,0,63.0,1.7,0,50.0,50.0,5.7,5.9,140,11,1,5
21.05.2019 12:00:00,19.0,79.0,24.2,0,0.2,0,1.0,2.9,3.9,101.0,0,59.0,1.6,0,52.0,51.0,4.7,4.9,140,12,1,5
21.05.2019 13:00:00,18.0,80.0,24.6,0,0.2,0,0.9,2.9,3.8,101.0,0,51.0,1.5,0,50.0,48.0,4.4,4.4,140,13,1,5
21.05.2019 14:00:00,15.0,76.0,24.7,0,0.18,0,0.7,2.2,2.8,78.0,0,47.0,1.1,0,51.0,47.0,4.3,4.4,140,14,1,5
21.05.2019 15:00:00,12.0,72.0,24.2,0,0.17,0,1.0,2.5,3.5,83.0,0,49.0,1.0,0,53.0,54.0,4.0,3.9,140,15,1,5
21.05.2019 16:00:00,11.0,73.0,24.0,0,0.17,0,1.1,2.2,3.3,77.0,0,51.0,1.0,0,51.0,53.0,3.4,4.0,140,16,1,5
21.05.2019 17:00:00,13.0,75.0,24.0,0,0.18,0,1.0,2.6,3.5,60.236,0,51.0,0.7,0,51.0,50.0,4.6,3.6,140,17,1,5
21.05.2019 18:00:00,15.0,74.0,23.7,0,0.19,0,1.0,3.6,4.5,67.0,0,52.0,1.1,0,64.0,84.0,2.5,3.1,140,18,1,5
21.05.2019 19:00:00,14.0,59.0,22.8,0,0.26,0,0.9,9.1,10.0,55.0,0,58.0,1.3,0,142.0,185.0,1.7,0.8,140,19,1,5
21.05.2019 20:00:00,11.0,41.0,20.6,0,0.25,0,1.4,8.7,10.0,40.0,0,74.0,1.3,0,197.0,206.0,2.6,2.5,140,20,1,5
21.05.2019 21:00:00,10.0,41.0,19.8,0,0.21,0,0.9,5.2,6.1,30.0,0,78.0,1.4,0,213.0,212.0,4.1,3.6,140,21,1,5
21.05.2019 22:00:00,12.0,39.0,19.4,0,0.21,0,0.8,5.1,5.9,30.0,0,79.0,1.3,0,211.0,212.0,4.0,3.5,140,22,1,5
21.05.2019 23:00:00,12.0,43.0,19.1,0,0.19,0,0.8,4.0,4.7,38.0,0,80.0,1.2,0,209.0,212.0,4.4,3.9,140,23,1,5
21.05.2019 24:00:00,11.0,43.0,18.9,0,0.18,0,0.7,3.3,4.0,32.0,0,80.0,1.3,0,214.0,213.0,3.9,3.8,140,24,1,5
22.05.2019 01:00:00,12.0,41.0,18.9,0,0.17,0,0.7,4.0,4.7,29.0,0,80.0,1.9,0,213.0,212.0,3.7,3.7,141,1,2,5
22.05.2019 02:00:00,11.0,42.0,19.4,0,0.16,0,0.4,3.4,3.8,24.0,0,79.0,2.9,0,211.0,214.0,3.9,3.7,141,2,2,5
22.05.2019 03:00:00,12.0,43.0,19.7,0,0.16,0,0.3,2.8,3.1,28.0,0,79.0,2.7,0,211.0,204.0,2.9,3.5,141,3,2,5
22.05.2019 04:00:00,9.0,42.0,19.7,0,0.16,0,0.5,2.1,2.6,26.0,0,81.0,2.2,0,212.0,213.0,3.8,3.6,141,4,2,5
22.05.2019 05:00:00,5.0,41.0,19.7,0,0.15,0,0.7,1.8,2.4,26.0,0,83.0,2.4,0,212.0,210.0,4.1,3.7,141,5,2,5
22.05.2019 06:00:00,10.0,41.0,20.1,0,0.16,0,0.4,1.9,2.3,28.0,0,82.0,2.3,0,207.0,206.0,3.3,3.1,141,6,2,5
22.05.2019 07:00:00,11.0,36.0,20.5,0,0.19,0,0.5,3.7,4.2,24.0,0,82.0,2.4,0,213.0,216.0,3.0,3.2,141,7,2,5
22.05.2019 08:00:00,10.0,31.0,21.2,0,0.26,0,1.5,10.0,12.0,33.0,0,80.0,3.1,0,201.0,207.0,2.2,2.3,141,8,2,5
22.05.2019 09:00:00,11.0,35.0,22.1,0,0.28,0,1.7,9.4,11.0,33.0,0,78.0,2.9,0,210.0,208.0,1.3,1.8,141,9,2,5
22.05.2019 10:00:00,11.0,55.0,23.6,0,0.23,0,1.7,9.1,11.0,43.0,0,69.0,2.9,0,112.0,82.0,2.7,1.0,141,10,2,5
22.05.2019 11:00:00,11.0,70.0,24.5,0,0.17,0,1.1,5.3,6.4,46.0,0,66.0,3.1,0,73.0,72.0,3.6,3.1,141,11,2,5
22.05.2019 12:00:00,11.0,74.0,25.1,0,0.16,0,0.8,3.4,4.2,51.0,0,66.0,2.9,0,53.0,48.0,4.6,4.0,141,12,2,5
22.05.2019 13:00:00,8.0,77.0,24.9,0,0.16,0,0.5,2.7,3.2,46.0,0,65.0,2.8,0,56.0,58.0,3.4,3.5,141,13,2,5
22.05.2019 14:00:00,7.0,54.097,24.6,0,0.17,0,0.5,4.6,5.1,48.0,0,66.0,2.4,0,66.0,61.0,3.6,2.9,141,14,2,5
22.05.2019 15:00:00,11.322,72.0,24.9,0,0.0,0,1.217,9.715,11.881,59.41,4.794,66.0,2.105,0,66.0,77.0,3.3,3.2,141,15,2,5
22.05.2019 16:00:00,6.0,72.0,25.0,0,0.17,0,0.8,3.4,4.2,44.0,0,66.0,2.5,0,85.0,137.0,2.4,2.4,141,16,2,5
22.05.2019 17:00:00,7.0,70.0,24.9,0,0.18,0,0.6,4.9,5.5,41.0,0,66.0,2.2,0,106.0,115.0,1.9,1.6,141,17,2,5
22.05.2019 18:00:00,7.0,69.0,24.9,0,0.18,0,0.8,4.5,5.3,41.0,0,68.0,2.6,0,118.0,141.0,1.4,1.5,141,18,2,5
22.05.2019 19:00:00,9.0,48.0,23.8,0,0.23,0,0.8,7.0,7.7,39.0,0,77.0,2.3,0,202.0,210.0,2.7,2.1,141,19,2,5
22.05.2019 20:00:00,8.0,36.0,22.6,0,0.22,0,0.5,6.7,7.2,31.0,0,84.0,2.4,0,212.0,212.0,2.9,2.9,141,20,2,5
22.05.2019 21:00:00,6.0,35.0,22.5,0,0.21,0,0.7,6.7,7.3,26.0,0,83.0,2.6,0,209.0,211.0,2.8,2.8,141,21,2,5
22.05.2019 22:00:00,7.0,37.0,22.1,0,0.19,0,0.2,4.7,4.9,30.0,0,83.0,2.7,0,213.0,217.0,4.0,3.6,141,22,2,5
22.05.2019 23:00:00,8.0,41.0,22.2,0,0.18,0,0.2,3.2,3.4,27.0,0,81.0,2.2,0,216.0,213.0,2.8,2.8,141,23,2,5
22.05.2019 24:00:00,7.0,38.0,22.4,0,0.19,0,0.3,3.5,3.8,31.0,0,81.0,2.5,0,205.0,208.0,2.5,2.4,141,24,2,5
23.05.2019 01:00:00,8.0,33.0,22.3,0,0.2,0,0.2,3.0,3.1,28.0,0,84.0,3.2,0,201.0,203.0,2.8,2.0,142,1,3,5
23.05.2019 02:00:00,10.0,36.0,22.2,0,0.21,0,0.5,2.5,3.0,29.0,0,85.0,2.5,0,205.0,202.0,2.1,2.4,142,2,3,5
23.05.2019 03:00:00,11.0,36.0,22.3,0,0.22,0,0.4,2.3,2.7,33.0,0.6,86.0,2.1,0,201.0,181.0,3.3,2.6,142,3,3,5
23.05.2019 04:00:00,12.0,37.0,22.5,0,0.23,0,0.2,2.1,2.3,32.0,0,90.0,2.4,0,183.0,183.0,2.9,2.8,142,4,3,5
23.05.2019 05:00:00,10.0,49.0,22.5,0,0.25,0,0.3,2.5,2.8,32.0,2.2,90.0,2.5,0,206.0,177.0,0.9,0.8,142,5,3,5
23.05.2019 06:00:00,11.0,34.0,22.0,0,0.25,0,0.6,3.1,3.7,29.0,0.2,93.0,2.4,0,211.0,206.0,2.6,1.8,142,6,3,5
23.05.2019 07:00:00,14.0,35.0,21.8,0,0.29,0,0.4,4.6,5.0,31.0,0,93.0,2.3,0,214.0,216.0,2.1,2.5,142,7,3,5
23.05.2019 08:00:00,15.0,27.0,22.0,0,0.37,0,1.3,11.0,13.0,26.0,2.2,93.0,2.4,0,217.0,317.0,1.8,1.2,142,8,3,5
23.05.2019 09:00:00,11.0,66.0,21.6,0,0.19,0,0.6,8.4,9.0,27.0,11.0,94.0,2.4,0,72.0,154.0,1.0,2.2,142,9,3,5
23.05.2019 10:00:00,7.0,73.0,21.4,0,0.17,0,0.8,6.4,7.1,23.0,0.6,94.0,2.5,0,82.0,81.0,3.1,2.5,142,10,3,5
23.05.2019 11:00:00,4.0,75.0,21.6,0,0.17,0,0.8,5.3,6.1,16.0,0.2,94.0,2.4,0,77.0,87.0,2.7,3.3,142,11,3,5
23.05.2019 12:00:00,3.0,72.0,21.8,0,0.17,0,0.7,4.0,4.7,14.0,2.0,94.0,2.3,0,122.0,189.0,0.7,1.9,142,12,3,5
23.05.2019 13:00:00,2.0,57.0,22.6,0,0.21,0,1.9,11.0,13.0,14.0,0.4,92.0,2.7,0,67.0,73.0,3.1,1.6,142,13,3,5
23.05.2019 14:00:00,4.0,69.0,23.1,0,0.16,0,0.9,3.3,4.2,13.0,0,89.0,2.1,0,61.0,49.0,3.0,2.7,142,14,3,5
23.05.2019 15:00:00,4.0,69.0,23.8,0,0.16,0,0.5,2.8,3.3,20.0,0,85.0,2.1,0,58.0,56.0,3.2,3.1,142,15,3,5
23.05.2019 16:00:00,7.0,67.0,24.3,0,0.16,0,0.9,4.0,4.9,24.0,0,82.0,2.3,0,61.0,58.0,4.1,3.4,142,16,3,5
23.05.2019 17:00:00,9.0,66.0,24.3,0,0.17,0,1.0,4.4,5.4,20.0,0,83.0,2.2,0,68.0,74.0,4.8,4.0,142,17,3,5
23.05.2019 18:00:00,10.0,63.0,24.0,0,0.18,0,0.8,5.0,5.8,24.0,0,83.0,2.6,0,98.0,86.0,2.7,2.5,142,18,3,5
23.05.2019 19:00:00,10.0,62.0,23.8,0,0.19,0,0.7,5.1,5.9,27.0,0,84.0,2.1,0,95.0,125.0,1.0,1.7,142,19,3,5
23.05.2019 20:00:00,7.0,61.0,24.0,0,0.18,0,0.7,6.9,7.5,29.0,0,84.0,2.2,0,109.0,136.0,1.3,0.8,142,20,3,5
23.05.2019 21:00:00,7.0,62.0,24.2,0,0.17,0,0.7,4.2,4.9,22.0,0,84.0,2.2,0,115.0,113.0,1.7,1.1,142,21,3,5
23.05.2019 22:00:00,8.0,57.0,24.1,0,0.17,0,0.6,3.4,4.0,17.0,0,84.0,2.4,0,135.0,192.0,1.7,1.7,142,22,3,5
23.05.2019 23:00:00,7.0,38.0,23.8,0,0.2,0,0.8,6.5,7.3,26.0,0,86.0,2.7,0,179.0,199.0,1.8,0.9,142,23,3,5
23.05.2019 24:00:00,9.0,28.0,23.2,0,0.18,0,0.5,5.0,5.5,26.0,0,90.0,3.2,0,207.0,203.0,3.5,2.9,142,24,3,5
24.05.2019 01:00:00,8.0,28.0,23.1,0,0.18,0,0.4,4.2,4.6,28.0,0,90.0,2.5,0,202.0,194.0,2.1,2.4,143,1,4,5
24.05.2019 02:00:00,7.0,39.0,23.1,0,0.17,0,0.6,1.3,1.9,26.0,0,88.0,2.6,0,202.0,199.0,2.2,2.4,143,2,4,5
24.05.2019 03:00:00,5.0,57.0,24.0,0,0.16,0,1.0,0.2,1.2,17.0,0,83.0,2.5,0,199.0,177.0,2.3,3.0,143,3,4,5
24.05.2019 04:00:00,7.0,58.0,24.3,0,0.16,0,1.0,0.4,1.3,24.0,0,81.0,2.6,0,161.0,177.0,2.0,1.7,143,4,4,5
24.05.2019 05:00:00,7.0,55.0,24.2,0,0.16,0,0.9,0.9,1.8,27.0,0,81.0,2.6,0,170.0,174.0,1.4,1.4,143,5,4,5
24.05.2019 06:00:00,7.0,35.0,23.7,0,0.2,0,1.2,3.0,4.2,28.0,0,85.0,2.4,0,193.0,203.0,2.6,1.5,143,6,4,5
24.05.2019 07:00:00,8.0,27.0,23.6,0,0.26,0,2.2,6.4,8.6,27.0,0,88.0,2.4,0,201.0,207.0,1.8,1.6,143,7,4,5
24.05.2019 08:00:00,9.0,49.0,25.7,0,0.21,0,2.0,5.5,7.5,25.0,0,78.0,5.1,0,109.0,97.0,3.1,1.8,143,8,4,5
24.05.2019 09:00:00,10.0,54.0,26.4,0,0.19,0,2.5,7.7,10.0,27.0,0,75.0,7.6,0,97.0,105.0,3.4,2.8,143,9,4,5
24.05.2019 10:00:00,10.0,58.0,27.0,0,0.18,0,1.7,3.9,5.6,30.0,0,71.0,4.3,0,106.0,97.0,4.5,3.2,143,10,4,5
24.05.2019 11:00:00,8.0,57.0,27.8,0,0.19,0,2.2,4.7,6.9,30.0,0,69.0,5.7,0,90.0,97.0,4.9,4.0,143,11,4,5
24.05.2019 12:00:00,9.0,57.0,28.1,0,0.18,0,2.0,3.5,5.5,32.0,0,69.0,5.3,0,94.0,102.0,5.5,4.8,143,12,4,5
24.05.2019 13:00:00,10.0,57.0,28.4,0,0.18,0,1.6,2.0,3.6,29.0,0,67.0,3.0,0,103.0,103.0,5.2,4.9,143,13,4,5
24.05.2019 14:00:00,11.0,55.0,28.6,0,0.18,0,1.3,1.8,3.1,34.0,0,66.0,2.6,0,101.0,102.0,5.3,4.7,143,14,4,5
24.05.2019 15:00:00,11.0,53.0,28.7,0,0.18,0,1.4,2.9,4.3,30.0,0,66.0,3.2,0,106.0,96.0,4.8,4.0,143,15,4,5
24.05.2019 16:00:00,11.0,52.0,28.1,0,0.17,0,1.8,2.5,4.3,38.0,0,68.0,3.7,0,105.0,105.0,4.7,4.8,143,16,4,5
24.05.2019 17:00:00,11.0,49.0,28.0,0,0.18,0,1.5,2.4,3.8,32.0,0,69.0,2.8,0,106.0,120.0,3.0,4.0,143,17,4,5
24.05.2019 18:00:00,11.0,46.0,27.4,0,0.19,0,1.4,2.7,4.1,29.0,0,71.0,2.2,0,143.0,152.0,3.5,2.8,143,18,4,5
24.05.2019 19:00:00,12.0,46.0,26.7,0,0.2,0,0.9,2.6,3.4,30.0,0,72.0,2.5,0,160.0,167.0,2.4,2.1,143,19,4,5
24.05.2019 20:00:00,13.0,44.0,26.3,0,0.2,0,1.0,3.7,4.8,29.0,0,72.0,2.4,0,179.0,185.0,3.2,2.2,143,20,4,5
24.05.2019 21:00:00,15.0,43.0,26.1,0,0.18,0,1.3,3.2,4.5,32.0,0,71.0,2.3,0,179.0,185.0,1.9,2.2,143,21,4,5
24.05.2019 22:00:00,14.0,35.0,25.2,0,0.2,0,1.2,4.8,6.1,29.0,0,75.0,2.5,0,189.0,187.0,2.6,2.4,143,22,4,5
24.05.2019 23:00:00,10.0,38.0,25.2,0,0.18,0,1.2,2.9,4.1,24.0,0,72.0,2.3,0,194.0,191.0,2.1,2.2,143,23,4,5
24.05.2019 24:00:00,10.0,35.0,24.8,0,0.17,0,0.9,3.9,4.8,17.0,0,73.0,1.9,0,196.0,199.0,2.5,1.8,143,24,4,5
25.05.2019 01:00:00,11.0,32.0,23.7,0,0.17,0,0.8,2.0,2.8,25.0,0,79.0,3.1,0,202.0,203.0,3.0,2.4,144,1,5,5
25.05.2019 02:00:00,9.0,33.0,23.5,0,0.15,0,0.4,1.0,1.4,21.0,0,78.0,1.4,0,204.0,206.0,2.7,2.9,144,2,5,5
25.05.2019 03:00:00,7.0,33.0,23.1,0,0.15,0,0.5,0.9,1.3,26.0,0,78.0,1.3,0,202.0,196.0,2.5,2.8,144,3,5,5
25.05.2019 04:00:00,7.0,33.0,23.1,0,0.16,0,0.4,0.9,1.2,25.0,0,77.0,1.7,0,201.0,208.0,2.7,2.6,144,4,5,5
25.05.2019 05:00:00,9.0,30.0,23.2,0,0.16,0,0.5,1.8,2.3,23.0,0,78.0,1.8,0,201.0,193.0,2.6,2.6,144,5,5,5
25.05.2019 06:00:00,7.0,32.0,23.8,0,0.18,0,0.6,2.1,2.7,24.0,0,74.0,1.6,0,194.0,190.0,2.5,2.4,144,6,5,5
25.05.2019 07:00:00,10.0,31.0,24.7,0,0.21,0,1.0,4.4,5.3,21.0,0,73.0,1.5,0,187.0,184.0,1.8,2.0,144,7,5,5
25.05.2019 08:00:00,13.0,27.0,25.3,0,0.23,0,2.0,6.0,8.0,17.0,0,73.0,1.6,0,197.0,183.0,1.4,2.0,144,8,5,5
25.05.2019 09:00:00,11.0,44.0,27.7,0,0.21,0,1.1,3.1,4.2,25.0,0,66.0,1.9,0,175.0,159.0,2.8,1.8,144,9,5,5
25.05.2019 10:00:00,11.0,50.0,28.5,0,0.18,0,0.8,1.5,2.3,19.0,0,64.0,1.3,0,156.0,164.0,3.1,2.3,144,10,5,5
25.05.2019 11:00:00,9.0,51.0,29.3,0,0.17,0,0.7,1.5,2.2,17.0,0,61.0,1.4,0,162.0,169.0,3.5,2.8,144,11,5,5
25.05.2019 12:00:00,8.0,55.0,29.7,0,0.17,0,0.7,1.0,1.7,17.0,0,58.0,1.2,0,178.0,167.0,3.9,3.6,144,12,5,5
25.05.2019 13:00:00,12.0,56.0,30.5,0,0.18,0,0.8,1.4,2.2,25.0,0,56.0,1.5,0,178.0,154.0,2.1,2.7,144,13,5,5
25.05.2019 14:00:00,15.0,55.0,30.8,0,0.18,0,0.7,1.4,2.2,30.0,0,55.0,1.1,0,148.0,165.0,3.8,3.0,144,14,5,5
25.05.2019 15:00:00,13.0,54.0,30.5,0,0.18,0,0.6,1.3,1.9,31.0,0,55.0,1.0,0,154.0,183.0,3.6,3.4,144,15,5,5
25.05.2019 16:00:00,11.0,52.0,30.0,0,0.18,0,0.8,1.7,2.5,38.0,0,58.0,0.9,0,167.0,177.0,3.3,2.8,144,16,5,5
25.05.2019 17:00:00,12.0,51.0,28.6,0,0.19,0,0.6,1.9,2.5,37.0,0,63.0,0.4,0,180.0,185.0,4.2,4.0,144,17,5,5
25.05.2019 18:00:00,14.0,52.0,27.8,0,0.19,0,0.6,2.1,2.7,32.0,0,66.0,0.4,0,179.0,181.0,4.7,4.3,144,18,5,5
25.05.2019 19:00:00,15.0,50.0,27.1,0,0.2,0,0.7,3.5,4.2,42.0,0,67.0,0.1,0,187.0,186.0,3.5,3.5,144,19,5,5
25.05.2019 20:00:00,18.0,48.0,26.5,0,0.2,0,0.6,3.7,4.3,39.0,0,68.0,0.6,0,198.0,206.0,3.1,2.8,144,20,5,5
25.05.2019 21:00:00,16.0,45.0,25.9,0,0.19,0,0.6,3.3,3.9,36.0,0,71.0,0.2,0,205.0,212.0,3.6,3.2,144,21,5,5
25.05.2019 22:00:00,15.0,46.0,26.0,0,0.19,0,0.6,2.5,3.0,40.0,0,71.0,-0.3,0,216.0,220.0,2.5,2.4,144,22,5,5
25.05.2019 23:00:00,16.0,46.0,26.1,0,0.18,0,0.4,2.3,2.7,34.0,0,71.0,0.0,0,202.0,211.0,2.6,1.3,144,23,5,5
25.05.2019 24:00:00,16.0,45.0,25.8,0,0.18,0,0.5,1.8,2.3,39.0,0,72.0,0.0,0,218.0,212.0,3.6,3.7,144,24,5,5
26.05.2019 01:00:00,16.0,35.0,24.2,0,0.18,0,0.4,1.7,2.1,33.0,0,80.0,1.9,0,211.0,212.0,3.5,3.9,145,1,6,5
26.05.2019 02:00:00,14.0,31.0,23.8,0,0.18,0,0.7,1.4,2.2,33.0,0,83.0,2.7,0,206.0,209.0,3.9,3.6,145,2,6,5
26.05.2019 03:00:00,14.0,30.0,23.6,0,0.18,0,0.8,1.4,2.2,31.0,0,83.0,2.5,0,201.0,171.0,1.8,2.7,145,3,6,5
26.05.2019 04:00:00,12.0,27.0,23.4,0,0.18,0,0.9,1.5,2.4,30.0,0,84.0,2.4,0,191.0,189.0,1.6,2.1,145,4,6,5
26.05.2019 05:00:00,10.0,24.0,22.9,0,0.18,0,0.7,1.5,2.1,24.0,0,86.0,2.6,0,206.0,215.0,4.0,3.1,145,5,6,5
26.05.2019 06:00:00,11.0,29.0,23.4,0,0.19,0,0.9,1.4,2.3,24.0,0,84.0,2.6,0,216.0,220.0,3.1,3.7,145,6,6,5
26.05.2019 07:00:00,12.0,29.0,24.9,0,0.21,0,1.4,2.4,3.7,25.0,0,78.0,2.7,0,217.0,215.0,2.9,2.8,145,7,6,5
26.05.2019 08:00:00,14.0,34.0,26.8,0,0.23,0,2.2,3.4,5.6,26.0,0,72.0,3.1,0,215.0,207.0,2.2,2.8,145,8,6,5
26.05.2019 09:00:00,15.0,50.0,28.6,0,0.26,0,1.6,3.4,4.9,29.0,0,67.0,3.3,0,158.0,71.0,3.1,0.6,145,9,6,5
26.05.2019 10:00:00,16.0,49.0,29.1,0,0.26,0,2.3,7.3,9.6,43.0,0,65.0,4.2,0,67.0,78.0,3.1,2.8,145,10,6,5
26.05.2019 11:00:00,18.0,52.0,29.5,0,0.22,0,2.5,6.9,9.4,57.0,0,65.0,3.3,0,23.0,9.7,2.4,2.3,145,11,6,5
26.05.2019 12:00:00,16.0,56.0,29.8,0,0.22,0,2.3,5.6,7.9,48.0,0,65.0,4.3,0,345.0,336.0,2.5,2.9,145,12,6,5
26.05.2019 13:00:00,15.0,54.0,30.2,0,0.24,0,2.4,5.4,7.8,52.0,0,64.0,5.8,0,357.0,313.0,3.2,2.5,145,13,6,5
26.05.2019 14:00:00,15.0,66.0,29.3,0,0.23,0,1.6,3.7,5.3,41.0,0,69.0,4.3,0,320.0,318.0,3.7,3.0,145,14,6,5
26.05.2019 15:00:00,16.0,71.0,29.4,0,0.25,0,1.3,3.3,4.6,47.0,0,66.0,4.0,0,350.0,349.0,4.6,4.2,145,15,6,5
26.05.2019 16:00:00,19.0,70.0,28.7,0,0.28,0,1.4,4.3,5.7,47.0,0,70.0,4.0,0,347.0,322.0,1.8,2.7,145,16,6,5
26.05.2019 17:00:00,17.0,71.0,28.4,0,0.28,0,1.5,5.0,6.6,43.0,0,72.0,4.2,0,349.0,44.0,1.5,1.0,145,17,6,5
26.05.2019 18:00:00,14.0,58.0,28.5,0,0.31,0,1.3,5.3,6.6,50.0,0,71.0,3.5,0,117.0,162.0,1.2,0.5,145,18,6,5
26.05.2019 19:00:00,12.0,35.0,28.1,0,0.22,0,1.4,4.7,6.0,34.0,0,70.0,3.0,0,183.0,190.0,3.2,2.3,145,19,6,5
26.05.2019 20:00:00,14.0,29.0,27.1,0,0.23,0,1.2,4.7,5.8,34.0,0,75.0,3.0,0,211.0,217.0,3.7,3.1,145,20,6,5
26.05.2019 21:00:00,13.0,30.0,26.7,0,0.2,0,1.3,3.6,4.8,30.0,0,75.0,3.0,0,209.0,205.0,3.9,3.6,145,21,6,5
26.05.2019 22:00:00,10.0,29.0,26.2,0,0.2,0,1.0,3.4,4.3,29.0,0,75.0,3.4,0,211.0,194.0,2.2,3.3,145,22,6,5
26.05.2019 23:00:00,11.0,27.0,26.1,0,0.19,0,1.0,3.8,4.7,33.0,0,74.0,3.2,0,194.0,192.0,1.6,1.8,145,23,6,5
26.05.2019 24:00:00,12.0,25.0,25.4,0,0.17,0,1.0,2.7,3.7,22.0,0,78.0,2.9,0,207.0,219.0,3.8,3.1,145,24,6,5
27.05.2019 01:00:00,7.0,30.0,25.9,0,0.17,0,1.0,1.7,2.8,27.0,0,74.0,1.6,0,215.0,199.0,3.0,3.4,146,1,0,5
27.05.2019 02:00:00,8.0,29.0,25.8,0,0.19,0,0.4,1.5,2.0,25.0,0,76.0,1.9,0,211.0,215.0,3.4,3.3,146,2,0,5
27.05.2019 03:00:00,11.0,29.0,25.5,0,0.18,0,0.7,1.2,1.9,25.0,0,78.0,1.7,0,216.0,213.0,5.1,4.9,146,3,0,5
27.05.2019 04:00:00,11.0,29.0,25.3,0,0.19,0,0.8,1.0,1.8,22.0,0,79.0,2.0,0,225.0,219.0,3.2,3.4,146,4,0,5
27.05.2019 05:00:00,9.0,31.0,25.7,0,0.21,0,0.9,1.1,2.0,27.0,0,78.0,2.2,0,218.0,225.0,2.3,2.9,146,5,0,5
27.05.2019 06:00:00,11.0,32.0,26.1,0,0.23,0,0.7,1.8,2.4,26.0,0,77.0,2.5,0,224.0,218.0,2.2,2.1,146,6,0,5
27.05.2019 07:00:00,13.0,27.0,26.7,0,0.27,0,1.4,5.7,7.1,27.0,0,75.0,2.3,0,225.0,210.0,1.4,1.8,146,7,0,5
27.05.2019 08:00:00,13.0,24.0,27.5,0,0.33,0,2.6,9.2,12.0,29.0,0,75.0,3.1,0,214.0,207.0,1.8,1.3,146,8,0,5
27.05.2019 09:00:00,15.0,31.0,28.6,0,0.35,0,3.0,8.5,11.0,35.0,0,73.0,3.2,0,195.0,196.0,2.0,1.5,146,9,0,5
27.05.2019 10:00:00,14.0,37.0,29.4,0,0.32,0,2.6,7.9,10.0,42.0,0,72.0,3.0,0,255.0,345.0,2.8,0.5,146,10,0,5
27.05.2019 11:00:00,13.0,43.0,29.1,0,0.32,0,2.7,9.4,12.0,51.0,0,75.0,3.3,0,30.0,69.0,2.6,2.3,146,11,0,5
27.05.2019 12:00:00,12.0,53.0,29.0,0,0.24,0,1.8,5.4,7.2,61.0,0,75.0,2.8,0,39.0,50.0,2.6,2.2,146,12,0,5
27.05.2019 13:00:00,13.0,56.0,28.8,0,0.22,0,1.4,3.6,4.9,50.0,0,76.0,2.7,0,39.0,15.0,1.7,1.9,146,13,0,5
27.05.2019 14:00:00,11.0,55.0,28.5,0,0.21,0,1.3,3.6,4.9,56.0,0,80.0,2.8,0,32.0,29.0,1.6,1.8,146,14,0,5
27.05.2019 15:00:00,11.0,49.0,27.3,0,0.25,0,1.3,9.2,10.0,40.0,12.0,87.0,4.5,0,181.0,197.0,2.9,1.6,146,15,0,5
27.05.2019 16:00:00,15.0,54.0,26.9,0,0.29,0,1.6,6.0,7.6,27.0,0.6,89.0,2.7,0,214.0,215.0,2.9,2.8,146,16,0,5
27.05.2019 17:00:00,13.0,46.0,27.5,0,0.29,0,1.4,4.6,6.0,31.0,0,85.0,2.4,0,212.0,210.0,2.3,2.5,146,17,0,5
27.05.2019 18:00:00,13.0,36.0,27.5,0,0.32,0,1.6,8.7,10.0,35.0,0,85.0,2.2,0,105.0,123.0,1.1,0.6,146,18,0,5
27.05.2019 19:00:00,14.0,22.0,27.1,0,0.37,0,1.5,13.0,14.0,32.0,0,88.0,2.9,0,203.0,202.0,1.2,0.8,146,19,0,5
27.05.2019 20:00:00,11.0,11.0,26.4,0,0.38,0,3.7,11.0,14.0,33.0,0,91.0,2.6,0,208.0,215.0,2.3,1.8,146,20,0,5
27.05.2019 21:00:00,7.0,16.0,25.9,0,0.27,0,0.9,4.6,5.5,26.0,0,91.0,3.9,0,210.0,211.0,3.6,2.8,146,21,0,5
27.05.2019 22:00:00,7.0,16.0,25.6,0,0.26,0,0.8,3.1,3.9,26.0,0,91.0,5.0,0,213.0,212.0,3.4,3.2,146,22,0,5
27.05.2019 23:00:00,11.0,18.0,25.6,0,0.22,0,0.6,1.9,2.5,28.0,0,90.0,4.7,0,215.0,213.0,3.5,2.9,146,23,0,5
27.05.2019 24:00:00,8.0,17.0,25.6,0,0.2,0,0.4,1.4,1.8,32.0,0,90.0,5.2,0,215.0,208.0,1.8,2.4,146,24,0,5
28.05.2019 01:00:00,7.0,14.0,25.6,0,0.18,0,0.3,1.4,1.7,26.0,0,90.0,3.5,0,211.0,212.0,3.6,2.7,147,1,1,5
28.05.2019 02:00:00,6.0,16.0,25.4,0,0.15,0,1.7,0.4,2.1,22.0,0,90.0,2.9,0,219.0,220.0,2.2,2.4,147,2,1,5
28.05.2019 03:00:00,5.0,14.0,25.1,0,0.16,0,1.7,0.6,2.3,25.0,0,91.0,2.9,0,207.0,209.0,3.0,2.9,147,3,1,5
28.05.2019 04:00:00,6.0,13.0,24.8,0,0.17,0,1.7,1.0,2.7,26.0,0,91.0,3.2,0,208.0,213.0,3.0,2.9,147,4,1,5
28.05.2019 05:00:00,6.0,11.0,24.7,0,0.2,0,1.8,2.2,4.1,28.0,0,91.0,3.2,0,208.0,208.0,3.1,3.0,147,5,1,5
28.05.2019 06:00:00,8.0,12.0,25.0,0,0.22,0,1.8,2.6,4.4,26.0,0.6,91.0,3.2,0,214.0,212.0,2.5,2.7,147,6,1,5
28.05.2019 07:00:00,8.0,10.0,25.7,0,0.26,0,3.4,3.7,7.0,20.0,1.6,91.0,3.4,0,214.0,213.0,2.1,2.3,147,7,1,5
28.05.2019 08:00:00,5.0,26.0,26.2,0,0.19,0,2.2,3.6,5.7,11.0,7.4,91.0,3.4,0,354.0,29.0,6.5,2.3,147,8,1,5
28.05.2019 09:00:00,2.0,50.0,25.3,0,0.2,0,2.4,2.1,4.5,36.0,7.8,93.0,3.7,0,34.0,29.0,6.8,6.6,147,9,1,5
28.05.2019 10:00:00,2.0,54.0,25.3,0,0.21,0,2.5,2.1,4.6,46.0,6.8,93.0,3.6,0,40.0,36.0,5.6,6.1,147,10,1,5
28.05.2019 11:00:00,5.0,57.0,25.3,0,0.21,0,2.5,2.2,4.7,62.0,9.6,92.0,3.5,0,37.0,37.0,4.4,4.4,147,11,1,5
28.05.2019 12:00:00,7.0,57.0,25.1,0,0.21,0,2.4,3.1,5.5,57.0,8.8,90.0,3.3,0,21.0,12.0,3.5,3.4,147,12,1,5
28.05.2019 13:00:00,6.0,60.0,25.0,0,0.18,0,2.4,1.8,4.2,78.0,5.0,90.0,3.4,0,20.0,22.0,7.6,5.4,147,13,1,5
28.05.2019 14:00:00,6.0,63.0,24.8,0,0.17,0,2.3,0.7,3.0,79.0,1.4,89.0,3.6,0,22.0,21.0,6.9,7.3,147,14,1,5
28.05.2019 15:00:00,9.0,63.0,24.6,0,0.17,0,2.4,1.0,3.4,86.0,0.4,89.0,3.3,0,18.0,21.0,8.8,6.5,147,15,1,5
28.05.2019 16:00:00,10.0,66.0,24.3,0,0.17,0,2.3,0.6,2.9,91.0,0,88.0,3.6,0,19.0,18.0,6.2,6.8,147,16,1,5
28.05.2019 17:00:00,7.0,66.0,23.9,0,0.16,0,2.2,0.6,2.8,85.0,0.2,87.0,3.5,0,20.0,20.0,7.7,6.8,147,17,1,5
28.05.2019 18:00:00,7.0,63.0,23.7,0,0.15,0,2.1,0.4,2.6,79.0,0,85.0,3.7,0,21.0,22.0,5.9,6.3,147,18,1,5
28.05.2019 19:00:00,9.0,62.0,23.7,0,0.14,0,2.3,0.8,3.0,81.0,0.2,83.0,3.6,0,22.0,20.0,8.0,6.2,147,19,1,5
28.05.2019 20:00:00,9.0,62.0,23.4,0,0.14,0,2.2,0.3,2.4,74.0,0,85.0,3.6,0,20.0,15.0,6.4,6.6,147,20,1,5
28.05.2019 21:00:00,10.0,65.0,23.2,0,0.13,0,2.2,0.1,2.2,76.0,0,85.0,3.8,0,19.0,18.0,7.4,6.8,147,21,1,5
28.05.2019 22:00:00,10.0,63.0,23.2,0,0.13,0,2.3,0.2,2.5,92.0,0,81.0,4.1,0,24.0,24.0,5.5,5.4,147,22,1,5
28.05.2019 23:00:00,9.0,63.0,23.4,0,0.12,0,2.1,0.1,2.3,95.0,0,76.0,4.2,0,22.0,19.0,5.1,5.4,147,23,1,5
28.05.2019 24:00:00,10.0,62.0,23.6,0,0.12,0,2.3,0.1,2.3,101.0,0,74.0,3.8,0,25.0,22.0,6.7,5.2,147,24,1,5
29.05.2019 01:00:00,9.0,63.0,23.5,0,0.11,0,2.1,0.0,2.1,103.0,0,73.0,2.5,0,24.0,24.0,5.4,5.7,148,1,2,5
29.05.2019 02:00:00,11.0,63.0,23.6,0,0.12,0,0.9,0.8,1.7,101.0,0,69.0,2.3,0,22.0,23.0,5.2,5.3,148,2,2,5
29.05.2019 03:00:00,10.0,62.0,23.6,0,0.11,0,0.6,1.0,1.6,97.0,0,70.0,2.6,0,24.0,31.0,4.3,4.9,148,3,2,5
29.05.2019 04:00:00,7.0,62.0,23.6,0,0.12,0,0.7,0.9,1.5,85.0,0,68.0,2.7,0,24.0,23.0,5.8,5.5,148,4,2,5
29.05.2019 05:00:00,4.0,63.0,23.6,0,0.11,0,0.7,0.9,1.6,72.0,0,67.0,2.6,0,32.0,39.0,5.1,4.7,148,5,2,5
29.05.2019 06:00:00,3.0,63.0,23.5,0,0.11,0,1.0,0.9,1.9,68.0,0,70.0,2.6,0,31.0,26.0,6.1,4.9,148,6,2,5
29.05.2019 07:00:00,4.0,62.0,23.5,0,0.12,0,1.0,1.7,2.7,60.0,0,71.0,2.8,0,26.0,24.0,5.2,5.7,148,7,2,5
29.05.2019 08:00:00,3.0,61.0,23.8,0,0.13,0,0.9,2.6,3.5,68.0,0,67.0,2.9,0,37.0,34.0,5.3,4.3,148,8,2,5
29.05.2019 09:00:00,7.0,60.0,23.7,0,0.13,0,1.0,2.7,3.7,63.0,0,70.0,2.9,0,28.0,35.0,5.5,5.4,148,9,2,5
29.05.2019 10:00:00,7.0,61.0,23.7,0,0.12,0,1.3,3.0,4.2,79.0,0,68.0,2.8,0,31.0,26.0,5.7,5.1,148,10,2,5
29.05.2019 11:00:00,7.0,65.0,23.4,0,0.12,0,1.3,3.6,4.8,88.0,0,70.0,2.7,0,34.0,30.0,4.7,4.6,148,11,2,5
29.05.2019 12:00:00,8.0,69.0,23.2,0,0.12,0,1.2,3.2,4.4,91.0,0,71.0,2.8,0,27.0,21.0,6.0,4.9,148,12,2,5
29.05.2019 13:00:00,7.0,73.0,23.2,0,0.12,0,1.0,2.8,3.8,77.0,0,70.0,3.2,0,28.0,24.0,5.7,5.1,148,13,2,5
29.05.2019 14:00:00,7.0,71.0,23.0,0,0.12,0,1.1,2.3,3.4,65.0,0,67.0,2.8,0,24.0,21.0,5.2,4.9,148,14,2,5
29.05.2019 15:00:00,7.0,69.0,22.6,0,0.13,0,0.9,2.2,3.1,65.0,0,67.0,2.8,0,17.0,21.0,3.9,5.1,148,15,2,5
29.05.2019 16:00:00,9.0,67.0,22.8,0,0.14,0,0.9,3.0,4.0,74.0,0,65.0,2.8,0,19.0,24.0,4.1,3.2,148,16,2,5
29.05.2019 17:00:00,8.0,66.0,22.9,0,0.15,0,1.1,4.0,5.1,80.0,0,67.0,2.7,0,27.0,29.0,3.2,3.1,148,17,2,5
29.05.2019 18:00:00,4.0,68.0,22.5,0,0.14,0,0.8,3.2,4.0,63.0,0,71.0,3.2,0,27.0,33.0,2.3,3.0,148,18,2,5
29.05.2019 19:00:00,4.0,72.0,22.5,0,0.14,0,0.8,2.8,3.6,47.0,0,71.0,3.2,0,40.0,27.0,2.4,2.4,148,19,2,5
29.05.2019 20:00:00,5.0,54.0,22.2,0,0.21,0,1.2,8.1,9.2,29.0,0,76.0,3.1,0,89.0,201.0,1.8,0.9,148,20,2,5
29.05.2019 21:00:00,4.0,35.0,21.3,0,0.19,0,1.2,7.2,8.4,22.0,0,84.0,3.0,0,207.0,208.0,1.7,1.8,148,21,2,5
29.05.2019 22:00:00,5.0,34.0,21.2,0,0.17,0,0.8,6.0,6.9,18.0,0,85.0,3.3,0,207.0,204.0,1.8,1.8,148,22,2,5
29.05.2019 23:00:00,2.0,31.0,21.2,0,0.17,0,1.1,5.0,6.1,16.0,0,86.0,3.4,0,194.0,202.0,2.1,1.9,148,23,2,5
29.05.2019 24:00:00,2.0,32.0,21.1,0,0.15,0,0.7,3.0,3.8,22.0,0,87.0,3.2,0,205.0,202.0,2.8,2.5,148,24,2,5
30.05.2019 01:00:00,7.0,32.0,21.0,0,0.14,0,0.8,2.6,3.4,18.0,0,88.0,1.8,0,208.0,212.0,2.5,2.5,149,1,3,5
30.05.2019 02:00:00,6.0,33.0,21.0,0,0.14,0,0.4,0.9,1.3,16.0,0,89.0,1.8,0,210.0,212.0,2.8,2.9,149,2,3,5
30.05.2019 03:00:00,2.0,34.0,21.2,0,0.14,0,0.1,1.0,1.1,19.0,0,89.0,1.8,0,212.0,212.0,3.3,2.9,149,3,3,5
30.05.2019 04:00:00,4.0,37.0,21.3,0,0.14,0,0.1,0.8,1.0,21.0,0,90.0,1.9,0,212.0,217.0,2.9,3.2,149,4,3,5
30.05.2019 05:00:00,4.0,38.0,21.7,0,0.14,0,0.2,0.4,0.6,19.0,0,89.0,2.1,0,213.0,210.0,3.5,3.3,149,5,3,5
30.05.2019 06:00:00,7.0,37.0,22.0,0,0.15,0,0.2,0.7,0.9,24.0,0,88.0,2.0,0,211.0,211.0,3.1,3.3,149,6,3,5
30.05.2019 07:00:00,7.0,34.0,22.8,0,0.19,0,0.6,3.5,4.1,24.0,0,87.0,2.1,0,209.0,207.0,2.4,2.7,149,7,3,5
30.05.2019 08:00:00,5.0,33.0,23.7,0,0.29,0,1.5,9.7,11.0,26.0,0,84.0,2.3,0,203.0,173.0,0.9,1.5,149,8,3,5
30.05.2019 09:00:00,5.0,51.0,24.8,0,0.25,0,1.7,9.2,11.0,33.0,0,81.0,3.1,0,13.0,9.2,0.8,0.2,149,9,3,5
30.05.2019 10:00:00,7.0,67.0,25.4,0,0.18,0,1.1,3.6,4.7,41.0,0,81.0,3.0,0,34.0,43.0,2.1,1.6,149,10,3,5
30.05.2019 11:00:00,8.0,68.0,26.6,0,0.0,0,1.237,7.533,10.199,38.0,0,78.0,2.225,0,37.0,43.0,2.5,1.8,149,11,3,5
30.05.2019 12:00:00,7.236,47.653,27.1,0,0.0,0,1.237,7.523,10.176,51.542,0,78.0,2.227,0,32.0,28.0,2.4,2.1,149,12,3,5
30.05.2019 13:00:00,11.0,62.0,27.6,0,0.16,0,0.8,2.0,2.8,41.0,0,77.0,2.228,0,29.0,22.0,3.0,2.4,149,13,3,5
30.05.2019 14:00:00,10.0,61.0,27.4,0,0.16,0,0.7,1.2,1.8,47.0,0,79.0,3.3,0,19.0,20.0,2.6,2.3,149,14,3,5
30.05.2019 15:00:00,7.0,61.0,27.7,0,0.17,0,0.8,1.7,2.5,50.0,0,76.0,3.2,0,16.0,24.0,1.9,2.2,149,15,3,5
30.05.2019 16:00:00,8.0,58.0,27.6,0,0.18,0,0.7,2.4,3.1,34.0,0,77.0,3.1,0,6.0,338.0,1.2,1.0,149,16,3,5
30.05.2019 17:00:00,10.0,51.0,28.2,0,0.19,0,0.7,3.6,4.3,27.0,0,76.0,3.9,0,218.0,213.0,1.8,1.2,149,17,3,5
30.05.2019 18:00:00,9.0,49.0,28.5,0,0.19,0,0.7,4.7,5.4,25.0,0,74.0,4.3,0,236.0,51.0,1.0,1.1,149,18,3,5
30.05.2019 19:00:00,8.0,46.0,27.6,0,0.22,0,0.6,12.0,13.0,50.0,0,81.0,3.3,0,34.0,33.0,0.8,0.9,149,19,3,5
30.05.2019 20:00:00,10.0,25.0,26.5,0,0.3,0,1.2,13.0,14.0,28.0,0,84.0,3.3,0,210.0,224.0,2.4,1.5,149,20,3,5
30.05.2019 21:00:00,11.0,30.0,25.7,0,0.26,0,0.6,5.4,6.0,27.0,0,86.0,3.3,0,217.0,213.0,3.1,2.8,149,21,3,5
30.05.2019 22:00:00,11.0,31.0,25.6,0,0.26,0,0.4,4.3,4.6,26.0,0,85.0,3.4,0,210.0,207.0,3.3,3.7,149,22,3,5
30.05.2019 23:00:00,11.0,24.0,25.4,0,0.3,0,0.3,6.4,6.7,25.0,0,86.0,3.7,0,208.0,206.0,3.8,3.5,149,23,3,5
30.05.2019 24:00:00,10.0,22.0,25.6,0,0.39,0,0.1,9.1,9.2,26.0,0,85.0,3.6,0,226.0,198.0,1.1,1.4,149,24,3,5
31.05.2019 01:00:00,8.0,15.0,24.9,0,0.4,0,0.2,8.4,8.6,36.0,0,89.0,2.2,0,203.0,208.0,3.4,2.2,150,1,4,5
31.05.2019 02:00:00,11.0,18.0,24.8,0,0.44,0,0.4,7.7,8.1,30.0,0,89.0,2.0,0,216.0,247.0,2.3,3.2,150,2,4,5
31.05.2019 03:00:00,13.0,14.0,24.7,0,0.42,0,0.5,7.1,7.6,28.0,0,89.0,2.4,0,206.0,213.0,2.1,1.9,150,3,4,5
31.05.2019 04:00:00,10.0,13.0,24.6,0,0.38,0,0.3,7.0,7.3,32.0,0,90.0,2.4,0,214.0,209.0,2.3,1.8,150,4,4,5
31.05.2019 05:00:00,11.0,9.9,24.4,0,0.37,0,0.4,7.3,7.6,22.0,0,91.0,2.3,0,206.0,236.0,1.6,2.2,150,5,4,5
31.05.2019 06:00:00,13.0,9.4,24.7,0,0.41,0,1.2,9.7,11.0,30.0,0,90.0,2.9,0,206.0,199.0,2.3,1.7,150,6,4,5
31.05.2019 07:00:00,14.0,14.0,25.7,0,0.46,0,4.8,11.0,16.0,42.0,0,87.0,3.1,0,209.0,196.0,1.1,1.5,150,7,4,5
31.05.2019 08:00:00,15.0,27.0,27.2,0,0.42,0,3.8,12.0,15.0,41.0,0,81.0,3.9,0,26.0,41.0,2.4,1.4,150,8,4,5
31.05.2019 09:00:00,19.0,43.0,27.6,0,0.34,0,3.3,10.0,14.0,46.0,0,82.0,4.4,0,30.0,42.0,2.6,2.6,150,9,4,5
31.05.2019 10:00:00,15.0,54.0,28.1,0,0.22,0,1.7,5.5,7.2,42.0,0,80.0,3.9,0,36.0,24.0,3.4,2.6,150,10,4,5
31.05.2019 11:00:00,10.0,60.0,28.6,0,0.19,0,1.9,4.5,6.4,32.0,0,78.0,3.3,0,22.0,21.0,5.1,3.9,150,11,4,5
31.05.2019 12:00:00,13.0,50.255,28.7,0,0.18,0,1.5,2.9,4.4,40.0,0,77.0,3.3,0,28.0,49.0,3.6,3.3,150,12,4,5
31.05.2019 13:00:00,15.0,65.0,28.8,0,0.19,0,1.2,2.3,3.6,40.0,0,77.0,4.0,0,37.0,22.0,4.4,3.1,150,13,4,5
31.05.2019 14:00:00,15.0,62.0,28.8,0,0.18,0,1.1,2.4,3.5,41.0,0,77.0,2.7,0,12.0,1.6,3.8,4.1,150,14,4,5
31.05.2019 15:00:00,15.0,57.0,28.6,0,0.18,0,1.0,2.4,3.4,41.0,0,78.0,2.3,0,23.0,33.0,2.4,3.5,150,15,4,5
31.05.2019 16:00:00,16.0,60.0,27.9,0,0.22,0,0.9,2.3,3.3,44.0,0,80.0,2.3,0,37.0,20.0,3.3,2.8,150,16,4,5
31.05.2019 17:00:00,17.0,58.0,27.5,0,0.24,0,1.1,5.8,6.9,39.0,0.4,84.0,3.2,0,26.0,35.0,0.8,1.5,150,17,4,5
31.05.2019 18:00:00,16.0,52.0,27.3,0,0.25,0,1.4,6.2,7.6,31.0,0,82.0,2.8,0,322.0,315.0,0.8,0.8,150,18,4,5
31.05.2019 19:00:00,16.0,43.0,27.0,0,0.28,0,1.5,9.1,11.0,35.0,0,81.0,2.1,0,337.0,339.0,1.0,1.1,150,19,4,5
31.05.2019 20:00:00,15.0,42.0,26.9,0,0.23,0,1.5,7.6,9.1,35.0,0,83.0,2.0,0,12.0,53.0,1.9,1.1,150,20,4,5
31.05.2019 21:00:00,11.0,38.0,26.8,0,0.21,0,1.0,4.9,5.9,28.0,0,85.0,2.0,0,82.0,61.0,2.9,0.6,150,21,4,5
31.05.2019 22:00:00,9.0,45.0,26.5,0,0.16,0,0.9,2.4,3.3,29.0,0,85.0,1.6,0,67.0,75.0,2.0,2.1,150,22,4,5
31.05.2019 23:00:00,9.0,48.0,26.3,0,0.15,0,1.0,3.5,4.5,32.0,0,86.0,2.1,0,72.0,97.0,2.7,2.4,150,23,4,5
31.05.2019 24:00:00,9.0,46.0,26.1,0,0.15,0,1.2,3.5,4.7,32.0,0,86.0,2.2,0,99.0,94.0,2.4,1.8,150,24,4,5
01.06.2019 01:00:00,10.0,49.0,25.9,0,0.14,0,0.7,1.8,2.5,42.0,0,87.0,3.5,0,104.0,114.0,2.9,1.7,151,1,5,6
01.06.2019 02:00:00,13.0,48.0,25.9,0,0.15,0,0.3,1.4,1.8,34.0,0,86.0,3.3,0,116.0,124.0,1.1,1.9,151,2,5,6
01.06.2019 03:00:00,13.0,37.0,25.6,0,0.16,0,0.5,3.0,3.5,37.0,0,87.0,3.5,0,227.0,211.0,0.9,0.7,151,3,5,6
01.06.2019 04:00:00,14.0,25.0,25.3,0,0.17,0,0.4,2.7,3.1,36.0,0,90.0,2.5,0,205.0,210.0,1.6,1.3,151,4,5,6
01.06.2019 05:00:00,13.0,18.0,25.0,0,0.18,0,0.4,3.3,3.7,40.0,0,91.0,2.7,0,208.0,210.0,1.3,1.7,151,5,5,6
01.06.2019 06:00:00,11.0,21.0,25.1,0,0.18,0,0.2,3.0,3.1,28.0,0,90.0,2.6,0,203.0,211.0,0.8,1.6,151,6,5,6
01.06.2019 07:00:00,8.0,20.0,25.4,0,0.23,0,0.5,5.8,6.2,32.0,0,89.0,2.7,0,178.0,144.0,1.0,0.8,151,7,5,6
01.06.2019 08:00:00,7.0,49.0,26.0,0,0.19,0,0.4,3.3,3.7,32.0,0,90.0,2.5,0,61.0,51.0,3.3,2.4,151,8,5,6
01.06.2019 09:00:00,10.0,51.0,26.1,0,0.21,0,0.8,4.9,5.6,35.0,0,90.0,2.9,0,67.0,71.0,1.8,2.0,151,9,5,6
01.06.2019 10:00:00,10.0,52.0,26.4,0,0.21,0,1.1,6.4,7.4,36.0,0,89.0,2.6,0,53.0,44.0,2.0,1.7,151,10,5,6
01.06.2019 11:00:00,11.0,59.0,26.8,0,0.2,0,0.9,2.0,2.9,34.0,0,87.0,2.6,0,48.0,48.0,2.9,2.3,151,11,5,6
01.06.2019 12:00:00,11.0,59.0,27.0,0,0.2,0,0.7,1.5,2.3,31.0,0,87.0,2.5,0,48.0,47.0,3.1,3.3,151,12,5,6
01.06.2019 13:00:00,11.0,61.0,27.1,0,0.23,0,0.7,2.3,3.0,31.0,0,86.0,2.6,0,47.0,48.0,4.0,3.3,151,13,5,6
01.06.2019 14:00:00,10.0,64.0,26.8,0,0.22,0,0.6,2.4,3.0,30.0,0,88.0,2.3,0,49.0,49.0,3.9,3.5,151,14,5,6
01.06.2019 15:00:00,11.0,62.0,26.7,0,0.23,0,0.7,3.7,4.4,32.0,0.2,90.0,2.1,0,46.0,46.0,2.7,3.5,151,15,5,6
01.06.2019 16:00:00,13.0,57.0,26.8,0,0.23,0,0.8,5.2,6.0,21.0,4.8,92.0,2.4,0,58.0,51.0,2.8,2.1,151,16,5,6
01.06.2019 17:00:00,7.0,54.0,26.8,0,0.23,0,0.8,6.0,6.8,30.0,1.6,94.0,2.3,0,59.0,74.0,2.1,2.1,151,17,5,6
01.06.2019 18:00:00,7.0,54.0,26.7,0,0.24,0,0.7,7.2,7.9,24.0,0,94.0,2.5,0,70.0,71.0,1.8,1.9,151,18,5,6
01.06.2019 19:00:00,7.0,52.0,26.7,0,0.21,0,0.9,5.5,6.3,19.0,0,94.0,2.5,0,92.0,127.0,1.4,1.4,151,19,5,6
01.06.2019 20:00:00,11.0,37.0,26.8,0,0.27,0,0.6,9.5,10.0,22.0,0,93.0,3.0,0,168.0,271.0,0.5,0.4,151,20,5,6
01.06.2019 21:00:00,15.0,19.0,26.6,0,0.31,0,1.1,13.0,14.0,33.0,0,94.0,3.3,0,173.0,171.0,1.6,0.8,151,21,5,6
01.06.2019 22:00:00,13.0,19.0,26.4,0,0.3,0,0.8,9.3,10.0,37.0,0,93.0,3.1,0,184.0,196.0,1.8,2.1,151,22,5,6
01.06.2019 23:00:00,15.0,14.0,26.2,0,0.26,0,0.9,7.0,7.8,31.0,0,93.0,2.7,0,184.0,186.0,2.4,1.9,151,23,5,6
01.06.2019 24:00:00,17.0,12.0,26.0,0,0.27,0,0.4,6.9,7.2,46.0,0,93.0,2.9,0,183.0,225.0,0.5,1.0,151,24,5,6
02.06.2019 01:00:00,16.0,11.0,26.0,0,0.3,0,0.6,8.7,9.3,40.0,0,94.0,2.0,0,181.0,185.0,1.8,1.2,152,1,6,6
02.06.2019 02:00:00,15.0,9.3,26.0,0,0.28,0,1.0,7.9,8.9,44.0,0,94.0,1.5,0,184.0,183.0,0.9,1.3,152,2,6,6
02.06.2019 03:00:00,17.0,12.0,26.2,0,0.31,0,0.6,7.7,8.3,40.0,0,93.0,1.7,0,183.0,185.0,1.9,1.5,152,3,6,6
02.06.2019 04:00:00,16.0,9.8,26.2,0,0.3,0,0.6,7.6,8.2,33.0,0,92.0,1.9,0,180.0,166.0,0.8,2.0,152,4,6,6
02.06.2019 05:00:00,11.0,6.2,26.0,0,0.32,0,1.0,7.3,8.2,37.0,0,94.0,1.6,0,184.0,178.0,1.2,1.2,152,5,6,6
02.06.2019 06:00:00,10.0,6.7,26.0,0,0.38,0,1.7,7.8,9.4,35.0,0,94.0,1.7,0,181.0,187.0,1.1,0.9,152,6,6,6
02.06.2019 07:00:00,12.0,7.5,26.3,0,0.4,0,5.7,9.2,15.0,32.0,0,93.0,1.9,0,174.0,189.0,1.2,0.5,152,7,6,6
02.06.2019 08:00:00,11.0,4.5,26.3,0,0.44,0,10.0,9.0,19.0,34.0,0,93.0,1.9,0,181.0,194.0,0.5,0.9,152,8,6,6
02.06.2019 09:00:00,8.0,11.0,26.9,0,0.38,0,4.7,9.6,14.0,22.0,0,90.0,1.8,0,111.0,25.0,0.8,0.5,152,9,6,6
02.06.2019 10:00:00,7.0,18.0,28.0,0,0.36,0,9.3,14.0,23.0,30.0,0,85.0,2.5,0,8.8,18.0,5.1,2.3,152,10,6,6
02.06.2019 11:00:00,9.0,39.0,28.0,0,0.16,0,0.4,4.0,4.4,32.0,0,88.0,1.6,0,35.0,53.0,4.1,3.6,152,11,6,6
02.06.2019 12:00:00,7.0,45.0,28.0,0,0.17,0,1.7,4.8,6.5,38.0,0,87.0,1.5,0,70.0,65.0,3.1,3.2,152,12,6,6
02.06.2019 13:00:00,6.0,48.0,27.9,0,0.17,0,1.7,3.6,5.3,33.0,0,86.0,1.1,0,92.0,147.0,1.4,2.0,152,13,6,6
02.06.2019 14:00:00,8.0,41.0,28.7,0,0.19,0,2.2,8.0,10.0,36.0,0,83.0,5.0,0,193.0,160.0,1.5,1.3,152,14,6,6
02.06.2019 15:00:00,7.0,46.0,29.4,0,0.22,0,2.7,7.9,11.0,32.0,0,80.0,2.1,0,104.0,67.0,3.4,2.2,152,15,6,6
02.06.2019 16:00:00,5.0,48.0,28.6,0,0.19,0,2.2,6.4,8.6,36.0,0,83.0,1.6,0,97.0,94.0,4.1,4.1,152,16,6,6
02.06.2019 17:00:00,7.0,51.0,27.9,0,0.17,0,1.3,3.7,5.0,32.0,0,86.0,1.2,0,109.0,75.0,1.9,2.0,152,17,6,6
02.06.2019 18:00:00,10.0,44.0,27.9,0,0.25,0,1.7,9.0,11.0,32.0,0,86.0,0.6,0,74.0,4.6,1.2,0.8,152,18,6,6
02.06.2019 19:00:00,9.0,34.0,27.6,0,0.32,0,1.7,12.0,14.0,33.0,0,88.0,0.2,0,298.0,246.0,0.6,0.4,152,19,6,6
02.06.2019 20:00:00,8.0,11.0,27.5,0,0.38,0,3.1,17.0,20.0,29.0,0,89.0,0.5,0,206.0,221.0,0.7,0.5,152,20,6,6
02.06.2019 21:00:00,4.0,6.9,27.4,0,0.36,0,6.2,17.0,23.0,33.0,0,89.0,1.2,0,283.0,358.0,1.6,0.2,152,21,6,6
02.06.2019 22:00:00,7.0,21.0,28.3,0,0.26,0,1.8,13.0,15.0,28.0,0,83.0,1.7,0,336.0,300.0,2.0,1.1,152,22,6,6
02.06.2019 23:00:00,7.0,23.0,28.4,0,0.18,0,1.1,8.6,9.7,27.0,0,82.0,1.1,0,295.0,119.0,0.5,0.5,152,23,6,6
02.06.2019 24:00:00,5.0,23.0,27.3,0,0.16,0,1.4,7.2,8.6,21.0,0,86.0,0.2,0,329.0,325.0,3.9,2.4,152,24,6,6
03.06.2019 01:00:00,2.0,35.0,26.2,0,0.1,0,1.2,2.5,3.7,9.0,0,85.0,1.3,0,334.0,11.0,1.4,3.2,153,1,0,6
03.06.2019 02:00:00,2.0,38.0,25.7,0,0.1,0,0.5,0.4,0.9,7.0,0,84.0,0.8,0,316.0,318.0,2.6,2.3,153,2,0,6
03.06.2019 03:00:00,2.0,29.0,25.8,0,0.13,0,0.4,1.2,1.7,15.0,0,85.0,1.1,0,202.0,195.0,2.2,1.4,153,3,0,6
03.06.2019 04:00:00,3.0,22.0,25.9,0,0.14,0,0.3,3.5,3.8,12.0,0,85.0,1.5,0,190.0,263.0,0.7,0.7,153,4,0,6
03.06.2019 05:00:00,3.0,13.0,25.7,0,0.17,0,0.3,4.9,5.1,17.0,0,87.0,1.4,0,156.0,6.2,0.9,0.2,153,5,0,6
03.06.2019 06:00:00,2.0,19.0,26.0,0,0.16,0,0.2,5.7,5.8,19.0,0,86.0,1.7,0,219.0,217.0,2.3,2.1,153,6,0,6
03.06.2019 07:00:00,3.0,17.0,27.4,0,0.18,0,2.0,5.8,7.8,20.0,0,79.0,2.2,0,225.0,190.0,1.7,1.8,153,7,0,6
03.06.2019 08:00:00,3.0,16.0,28.3,0,0.22,0,4.4,9.5,14.0,14.0,0,78.0,2.7,0,37.0,357.0,2.4,1.3,153,8,0,6
03.06.2019 09:00:00,3.0,21.0,27.4,0,0.18,0,2.3,8.0,10.0,17.0,0,84.0,3.1,0,19.0,43.0,1.4,1.7,153,9,0,6
03.06.2019 10:00:00,2.0,23.0,27.6,0,0.18,0,1.7,6.9,8.6,14.0,0,85.0,1.9,0,32.0,49.0,1.3,1.2,153,10,0,6
03.06.2019 11:00:00,2.0,20.0,27.5,0,0.19,0,3.4,9.7,13.0,23.0,0,84.0,1.7,0,59.0,79.0,2.3,1.3,153,11,0,6
03.06.2019 12:00:00,5.0,29.0,28.2,0,0.16,0,3.1,6.3,9.4,19.0,0,80.0,2.0,0,76.0,83.0,2.9,2.6,153,12,0,6
03.06.2019 13:00:00,7.0,32.0,27.9,0,0.14,0,1.7,5.1,6.9,25.0,0,83.0,2.5,0,66.0,35.0,1.6,1.8,153,13,0,6
03.06.2019 14:00:00,10.0,32.0,27.5,0,0.14,0,1.5,4.8,6.3,40.0,0.4,87.0,1.1,0,60.0,95.0,1.4,0.8,153,14,0,6
03.06.2019 15:00:00,9.0,31.0,27.7,0,0.14,0,1.9,6.7,8.6,29.0,0.2,88.0,2.5,0,77.0,70.0,2.5,2.2,153,15,0,6
03.06.2019 16:00:00,7.0,31.0,27.4,0,0.14,0,1.9,7.3,9.1,31.0,0,89.0,1.1,0,57.0,57.0,2.1,2.0,153,16,0,6
03.06.2019 17:00:00,7.0,34.0,27.4,0,0.15,0,1.5,5.3,6.8,31.0,0,89.0,1.3,0,16.0,22.0,2.7,1.8,153,17,0,6
03.06.2019 18:00:00,10.0,33.0,27.5,0,0.18,0,1.3,7.9,9.1,28.0,0,90.0,2.0,0,8.7,350.0,0.7,1.4,153,18,0,6
03.06.2019 19:00:00,9.0,25.0,27.5,0,0.23,0,1.2,9.7,11.0,23.0,0,89.0,1.0,0,198.0,213.0,1.6,0.5,153,19,0,6
03.06.2019 20:00:00,8.0,9.6,26.6,0,0.25,0,3.5,9.6,13.0,22.0,0,91.0,0.9,0,209.0,216.0,2.8,2.4,153,20,0,6
03.06.2019 21:00:00,7.0,6.5,25.9,0,0.2,0,4.1,6.9,11.0,28.0,0,89.0,0.9,0,206.0,190.0,1.5,1.8,153,21,0,6
03.06.2019 22:00:00,4.0,4.5,25.8,0,0.24,0,3.6,7.9,11.0,27.0,0,86.0,0.8,0,203.0,200.0,1.4,1.9,153,22,0,6
03.06.2019 23:00:00,7.0,8.8,26.9,0,0.22,0,0.8,9.1,10.0,24.0,0,80.0,1.2,0,234.0,260.0,2.4,1.6,153,23,0,6
03.06.2019 24:00:00,11.0,9.9,27.5,0,0.21,0,-0.4,8.9,8.5,25.0,0,77.0,1.0,0,200.0,209.0,3.2,2.2,153,24,0,6
04.06.2019 01:00:00,9.0,7.6,26.9,0,0.22,0,0.1,8.9,9.0,20.0,0,80.0,2.4,0,208.0,187.0,1.4,2.2,154,1,1,6
04.06.2019 02:00:00,7.0,6.5,25.8,0,0.17,0,1.8,6.3,8.1,26.0,0,87.0,1.3,0,207.0,218.0,3.2,3.2,154,2,1,6
04.06.2019 03:00:00,5.0,9.1,25.8,0,0.16,0,1.4,5.1,6.6,24.0,0,86.0,1.2,0,214.0,210.0,3.4,2.7,154,3,1,6
04.06.2019 04:00:00,4.0,11.0,25.7,0,0.15,0,1.5,4.2,5.7,23.0,0,85.0,1.3,0,214.0,215.0,3.0,3.5,154,4,1,6
04.06.2019 05:00:00,4.0,12.0,25.8,0,0.14,0,1.7,3.8,5.4,25.0,0,84.0,1.0,0,212.0,210.0,2.8,2.6,154,5,1,6
04.06.2019 06:00:00,4.0,9.7,25.5,0,0.15,0,1.9,3.9,5.8,21.0,0,85.0,1.0,0,209.0,210.0,3.1,2.9,154,6,1,6
04.06.2019 07:00:00,10.0,6.6,25.8,0,0.25,0,6.3,6.3,13.0,19.0,0,86.0,1.1,0,207.0,217.0,2.2,2.4,154,7,1,6
04.06.2019 08:00:00,12.0,7.8,27.3,0,0.32,0,10.0,8.3,18.0,25.0,0,82.0,1.8,0,221.0,358.0,1.5,1.1,154,8,1,6
04.06.2019 09:00:00,14.0,9.6,27.9,0,0.28,0,8.5,14.0,22.0,33.0,0,83.0,2.8,0,33.0,48.0,1.2,1.1,154,9,1,6
04.06.2019 10:00:00,15.0,7.9,27.6,0,0.28,0,7.2,12.0,19.0,24.0,1.8,87.0,2.3,0,183.0,166.0,1.7,1.1,154,10,1,6
04.06.2019 11:00:00,10.0,8.7,27.0,0,0.25,0,6.7,9.3,16.0,22.0,1.0,89.0,1.7,0,159.0,148.0,0.7,0.9,154,11,1,6
04.06.2019 12:00:00,7.0,8.6,27.4,0,0.29,0,7.8,9.8,18.0,18.0,0,89.0,1.6,0,147.0,154.0,2.6,1.5,154,12,1,6
04.06.2019 13:00:00,6.0,11.0,27.2,0,0.26,0,5.0,13.0,18.0,20.0,0,86.0,1.7,0,153.0,150.0,3.5,3.5,154,13,1,6
04.06.2019 14:00:00,6.0,13.0,27.2,0,0.29,0,5.7,14.0,20.0,22.0,0,85.0,1.4,0,173.0,171.0,5.3,4.2,154,14,1,6
04.06.2019 15:00:00,7.0,24.0,28.1,0,0.26,0,4.4,11.0,15.0,18.0,0,80.0,1.4,0,203.0,216.0,1.8,2.6,154,15,1,6
04.06.2019 16:00:00,6.0,28.0,28.9,0,0.28,0,3.6,12.0,15.0,16.0,0,77.0,1.1,0,222.0,221.0,0.8,0.8,154,16,1,6
04.06.2019 17:00:00,9.0,34.0,29.8,0,0.33,0,4.0,14.0,18.0,23.0,0,74.0,1.5,0,71.0,78.0,2.4,0.7,154,17,1,6
04.06.2019 18:00:00,10.0,24.0,28.4,0,0.28,0,4.6,15.0,19.0,23.0,0,81.0,1.4,0,21.0,351.0,2.7,1.6,154,18,1,6
04.06.2019 19:00:00,5.0,26.0,27.5,0,0.23,0,3.1,9.5,13.0,17.0,0,85.0,0.6,0,317.0,256.0,1.3,1.1,154,19,1,6
04.06.2019 20:00:00,7.0,14.0,26.8,0,0.28,0,2.9,12.0,15.0,28.0,0,88.0,0.5,0,222.0,223.0,2.4,1.8,154,20,1,6
04.06.2019 21:00:00,7.0,13.0,26.1,0,0.25,0,2.7,9.1,12.0,28.0,0,89.0,0.8,0,214.0,217.0,3.5,3.4,154,21,1,6
04.06.2019 22:00:00,6.0,15.0,25.8,0,0.23,0,2.1,6.9,9.0,28.0,0,89.0,0.6,0,214.0,212.0,3.7,3.6,154,22,1,6
04.06.2019 23:00:00,6.0,16.0,25.6,0,0.21,0,1.9,5.8,7.7,25.0,0,89.0,0.2,0,214.0,217.0,2.8,3.5,154,23,1,6
04.06.2019 24:00:00,6.0,16.0,25.4,0,0.2,0,2.0,5.3,7.3,22.0,0,89.0,0.1,0,212.0,215.0,3.3,2.9,154,24,1,6
05.06.2019 01:00:00,7.0,16.0,25.3,0,0.18,0,1.9,4.4,6.3,21.0,0,89.0,2.22,0,218.0,218.0,2.7,2.9,155,1,2,6
05.06.2019 02:00:00,6.0,17.0,25.1,0,0.16,0,1.0,2.3,3.2,20.0,0,89.0,2.224,0,215.0,211.0,3.6,2.8,155,2,2,6
05.06.2019 03:00:00,4.0,15.0,25.0,0,0.15,0,1.0,2.0,2.9,27.0,0,89.0,2.223,0,214.0,216.0,3.6,3.4,155,3,2,6
05.06.2019 04:00:00,3.0,14.0,25.2,0,0.17,0,1.0,2.3,3.4,25.0,0,89.0,2.223,0,211.0,210.0,1.9,2.2,155,4,2,6
05.06.2019 05:00:00,2.0,13.0,25.0,0,0.16,0,0.9,2.4,3.4,23.0,0,90.0,2.223,0,214.0,211.0,3.1,3.0,155,5,2,6
05.06.2019 06:00:00,6.0,13.0,25.0,0,0.17,0,1.2,2.5,3.7,18.0,0,89.0,2.223,0,215.0,217.0,3.4,3.0,155,6,2,6
05.06.2019 07:00:00,8.0,12.0,26.1,0,0.21,0,3.1,4.1,7.2,24.0,0,85.0,2.222,0,206.0,137.0,1.0,2.3,155,7,2,6
05.06.2019 08:00:00,8.0,21.0,27.6,0,0.27,0,4.2,7.1,11.0,21.0,0,80.0,2.222,0,34.0,39.0,1.5,1.0,155,8,2,6
05.06.2019 09:00:00,12.0,32.0,28.5,0,0.29,0,5.3,11.0,17.0,24.0,0,79.0,3.6,0,30.0,36.0,1.8,1.4,155,9,2,6
05.06.2019 10:00:00,15.0,36.0,28.9,0,0.22,0,5.6,9.6,15.0,22.0,0,79.0,3.6,0,41.0,36.0,2.3,2.1,155,10,2,6
05.06.2019 11:00:00,6.667,39.0,29.5,0,0.17,0,2.4,5.6,8.1,24.111,0,79.0,2.9,0,28.0,19.0,3.6,2.8,155,11,2,6
05.06.2019 12:00:00,6.657,28.32,29.9,0,0.17,0,2.8,4.1,7.0,24.047,0,78.0,2.221,0,31.0,42.0,4.2,2.8,155,12,2,6
05.06.2019 13:00:00,15.0,45.0,29.8,0,0.17,0,2.5,3.2,5.7,25.0,0,77.0,2.221,0,19.0,15.0,4.1,3.8,155,13,2,6
05.06.2019 14:00:00,16.0,49.0,29.3,0,0.16,0,2.0,2.9,4.9,30.0,0,83.0,4.0,0,52.0,57.0,3.0,3.0,155,14,2,6
05.06.2019 15:00:00,15.0,47.0,28.8,0,0.14,0,1.9,2.6,4.5,13.0,0,87.0,3.7,0,54.0,48.0,2.9,3.0,155,15,2,6
05.06.2019 16:00:00,11.0,46.0,28.8,0,0.14,0,1.8,3.4,5.2,20.0,0,87.0,3.6,0,51.0,49.0,1.6,1.9,155,16,2,6
05.06.2019 17:00:00,10.0,63.0,29.0,0,0.19,0,1.8,3.8,5.5,16.0,0,81.0,3.6,0,42.0,48.0,0.7,1.2,155,17,2,6
05.06.2019 18:00:00,11.0,47.0,29.2,0,0.2,0,1.8,5.0,6.8,21.0,0,79.0,3.4,0,84.0,65.0,1.0,0.5,155,18,2,6
05.06.2019 19:00:00,11.0,34.0,28.4,0,0.28,0,1.8,8.1,9.9,27.0,0,83.0,3.4,0,214.0,212.0,2.4,1.4,155,19,2,6
05.06.2019 20:00:00,14.0,25.0,27.5,0,0.28,0,1.9,9.3,11.0,31.0,0,86.0,3.8,0,207.0,209.0,3.7,2.7,155,20,2,6
05.06.2019 21:00:00,15.0,22.0,26.9,0,0.23,0,1.7,5.8,7.5,28.0,0,86.0,3.1,0,211.0,209.0,4.1,3.7,155,21,2,6
05.06.2019 22:00:00,11.0,20.0,26.8,0,0.18,0,1.4,4.1,5.5,17.0,0,85.0,3.0,0,214.0,237.0,2.2,3.3,155,22,2,6
05.06.2019 23:00:00,9.0,18.0,26.8,0,0.14,0,1.2,2.1,3.3,13.0,0,83.0,3.0,0,220.0,229.0,2.8,2.8,155,23,2,6
05.06.2019 24:00:00,6.0,18.0,26.5,0,0.12,0,1.0,1.7,2.7,16.0,0,81.0,2.8,0,214.0,192.0,1.6,2.0,155,24,2,6
06.06.2019 01:00:00,2.0,17.0,26.2,0,0.15,0,1.0,2.9,4.0,19.0,0,82.0,2.6,0,193.0,195.0,3.7,2.9,156,1,3,6
06.06.2019 02:00:00,4.0,18.0,25.8,0,0.1,0,0.7,1.7,2.5,22.0,0,84.0,1.8,0,208.0,201.0,3.4,3.1,156,2,3,6
06.06.2019 03:00:00,7.0,17.0,25.6,0,0.12,0,0.7,1.9,2.6,18.0,0,85.0,1.8,0,213.0,215.0,3.5,3.3,156,3,3,6
06.06.2019 04:00:00,9.0,20.0,26.0,0,0.15,0,0.7,2.6,3.4,15.0,0,84.0,1.9,0,215.0,216.0,3.3,3.7,156,4,3,6
06.06.2019 05:00:00,11.0,19.0,26.0,0,0.18,0,1.0,4.0,5.0,22.0,0,85.0,1.9,0,209.0,205.0,2.5,1.7,156,5,3,6
06.06.2019 06:00:00,10.0,16.0,25.5,0,0.21,0,1.4,4.3,5.7,29.0,0,89.0,2.2,0,211.0,214.0,2.6,2.7,156,6,3,6
06.06.2019 07:00:00,10.0,16.0,26.8,0,0.29,0,4.2,7.5,12.0,25.0,0,84.0,2.5,0,205.0,199.0,2.0,1.6,156,7,3,6
06.06.2019 08:00:00,12.0,19.0,28.9,0,0.37,0,7.8,13.0,21.0,26.0,0,77.0,3.2,0,31.0,6.1,2.0,1.2,156,8,3,6
06.06.2019 09:00:00,11.0,29.0,29.8,0,0.32,0,6.5,16.0,22.0,35.0,0,73.0,3.7,0,46.0,58.0,2.6,2.0,156,9,3,6
06.06.2019 10:00:00,11.0,22.0,29.4,0,0.22,0,9.0,13.0,22.0,21.0,0,77.0,3.5,0,34.0,41.0,2.3,2.0,156,10,3,6
06.06.2019 11:00:00,11.0,42.0,29.9,0,0.27,0,4.9,14.0,18.0,52.0,0,76.0,3.9,0,46.0,51.0,4.1,2.9,156,11,3,6
06.06.2019 12:00:00,14.0,50.0,30.0,0,0.2,0,2.6,7.5,10.0,25.0,0,74.0,3.2,0,60.0,60.0,2.9,2.5,156,12,3,6
06.06.2019 13:00:00,15.0,66.0,30.4,0,0.2,0,2.0,4.8,6.8,30.0,0,71.0,3.0,0,66.0,45.0,2.7,3.1,156,13,3,6
06.06.2019 14:00:00,15.0,65.0,30.3,0,0.19,0,2.0,4.2,6.1,87.0,0,73.0,2.8,0,25.0,21.0,1.7,1.6,156,14,3,6
06.06.2019 15:00:00,12.0,58.0,30.0,0,0.18,0,1.9,4.6,6.5,40.0,0,75.0,2.6,0,9.1,15.0,2.9,1.8,156,15,3,6
06.06.2019 16:00:00,10.0,53.0,30.0,0,0.16,0,2.0,3.9,5.9,37.0,0,77.0,2.5,0,18.0,21.0,1.9,2.1,156,16,3,6
06.06.2019 17:00:00,11.0,43.0,29.5,0,0.17,0,1.8,4.3,6.1,29.0,0,82.0,2.4,0,48.0,56.0,1.4,1.7,156,17,3,6
06.06.2019 18:00:00,10.0,30.0,29.2,0,0.15,0,1.8,6.1,7.9,24.0,0,84.0,2.1,0,59.0,82.0,1.3,0.8,156,18,3,6
06.06.2019 19:00:00,7.0,24.0,29.1,0,0.18,0,1.4,7.4,8.8,20.0,0,85.0,2.3,0,210.0,213.0,2.5,1.0,156,19,3,6
06.06.2019 20:00:00,6.0,22.0,28.6,0,0.19,0,1.4,6.7,8.1,22.0,0,86.0,2.3,0,208.0,205.0,2.2,2.0,156,20,3,6
06.06.2019 21:00:00,7.0,23.0,28.3,0,0.19,0,1.6,5.3,6.8,25.0,0,86.0,2.3,0,219.0,209.0,1.2,2.0,156,21,3,6
06.06.2019 22:00:00,7.0,18.0,28.1,0,0.18,0,1.4,5.5,6.8,24.0,0,86.0,2.5,0,216.0,225.0,2.5,2.2,156,22,3,6
06.06.2019 23:00:00,7.0,14.0,28.0,0,0.19,0,1.0,6.0,7.1,28.0,0,86.0,2.5,0,217.0,212.0,2.4,2.3,156,23,3,6
06.06.2019 24:00:00,7.0,11.0,28.0,0,0.24,0,1.2,8.2,9.4,20.0,0,84.0,2.3,0,215.0,210.0,1.3,2.8,156,24,3,6
07.06.2019 01:00:00,7.0,9.2,27.7,0,0.24,0,1.2,9.0,10.0,21.0,0,84.0,2.1,0,210.0,189.0,1.0,1.1,157,1,4,6
07.06.2019 02:00:00,5.0,12.0,26.8,0,0.17,0,1.4,5.5,6.9,20.0,0,84.0,1.9,0,211.0,206.0,3.0,2.9,157,2,4,6
07.06.2019 03:00:00,3.0,13.0,26.7,0,0.17,0,1.0,5.1,6.1,22.0,0,82.0,1.7,0,211.0,207.0,2.9,2.8,157,3,4,6
07.06.2019 04:00:00,7.0,12.0,26.5,0,0.19,0,1.2,6.2,7.5,22.0,0,83.0,1.9,0,213.0,218.0,4.6,4.2,157,4,4,6
07.06.2019 05:00:00,8.0,9.5,27.0,0,0.28,0,1.1,9.9,11.0,28.0,0,83.0,2.2,0,222.0,212.0,2.5,2.6,157,5,4,6
07.06.2019 06:00:00,8.0,10.0,26.5,0,0.27,0,1.7,8.2,9.9,25.0,0,86.0,2.1,0,217.0,215.0,2.6,2.5,157,6,4,6
07.06.2019 07:00:00,7.0,13.0,27.5,0,0.28,0,3.2,6.9,10.0,22.0,0,81.0,2.1,0,212.0,200.0,2.1,2.5,157,7,4,6
07.06.2019 08:00:00,9.0,17.0,29.4,0,0.39,0,5.9,9.4,15.0,27.0,0,76.0,2.8,0,65.0,32.0,1.5,0.4,157,8,4,6
07.06.2019 09:00:00,11.0,30.0,30.3,0,0.36,0,4.1,11.0,15.0,29.0,0,73.0,3.2,0,47.0,115.0,1.3,1.3,157,9,4,6
07.06.2019 10:00:00,10.0,41.0,31.8,0,0.36,0,3.5,11.0,14.0,26.0,0,67.0,2.9,0,169.0,205.0,1.5,1.2,157,10,4,6
07.06.2019 11:00:00,12.0,52.0,30.0,0,0.28,0,3.1,9.7,13.0,26.0,0,75.0,3.4,0,14.0,12.0,2.1,2.2,157,11,4,6
07.06.2019 12:00:00,15.0,63.0,29.9,0,0.25,0,2.8,6.9,9.7,39.0,0,75.0,4.9,0,46.0,64.0,2.9,1.9,157,12,4,6
07.06.2019 13:00:00,14.0,64.0,30.3,0,0.27,0,2.6,5.5,8.1,36.0,0,73.0,3.7,0,54.0,50.0,3.0,2.7,157,13,4,6
07.06.2019 14:00:00,14.0,58.0,30.2,0,0.25,0,2.3,4.7,7.0,30.0,0,74.0,2.7,0,36.0,33.0,2.1,1.9,157,14,4,6
07.06.2019 15:00:00,13.0,47.0,30.3,0,0.22,0,2.7,4.5,7.2,28.0,0,75.0,2.5,0,23.0,26.0,2.7,2.0,157,15,4,6
07.06.2019 16:00:00,8.0,38.0,29.3,0,0.2,0,3.0,7.2,10.0,26.0,0,77.0,4.1,0,74.0,87.0,1.9,1.6,157,16,4,6
07.06.2019 17:00:00,7.0,48.0,28.5,0,0.16,0,2.6,7.6,10.0,19.0,0,72.0,4.3,0,182.0,219.0,3.7,2.5,157,17,4,6
07.06.2019 18:00:00,11.0,47.0,28.3,0,0.2,0,2.3,7.1,9.4,16.0,0,73.0,2.3,0,219.0,227.0,2.8,2.7,157,18,4,6
07.06.2019 19:00:00,11.0,38.0,28.5,0,0.24,0,2.3,9.7,12.0,24.0,0,75.0,2.5,0,207.0,212.0,2.3,2.1,157,19,4,6
07.06.2019 20:00:00,13.0,38.0,28.1,0,0.23,0,2.1,8.9,11.0,22.0,0,79.0,2.2,0,216.0,219.0,2.8,2.5,157,20,4,6
07.06.2019 21:00:00,11.0,34.0,27.6,0,0.24,0,2.2,8.1,10.0,21.0,0,82.0,2.0,0,212.0,209.0,2.5,2.7,157,21,4,6
07.06.2019 22:00:00,7.0,30.0,27.6,0,0.24,0,2.0,8.4,10.0,29.0,0,81.0,1.9,0,200.0,205.0,1.4,1.9,157,22,4,6
07.06.2019 23:00:00,9.0,19.0,28.1,0,0.32,0,2.2,15.0,18.0,25.0,0,78.0,2.0,0,190.0,64.0,0.5,0.5,157,23,4,6
07.06.2019 24:00:00,8.0,14.0,28.1,0,0.33,0,2.1,16.0,18.0,21.0,0,79.0,2.1,0,270.0,309.0,0.6,0.2,157,24,4,6
08.06.2019 01:00:00,8.0,11.0,27.6,0,0.31,0,1.6,13.0,14.0,20.0,0,84.0,2.2,0,208.0,208.0,2.7,2.0,158,1,5,6
08.06.2019 02:00:00,7.0,12.0,26.8,0,0.2,0,0.6,6.3,7.0,21.0,0,86.0,3.5,0,208.0,208.0,1.3,2.4,158,2,5,6
08.06.2019 03:00:00,5.0,12.0,26.4,0,0.18,0,0.4,4.4,4.8,23.0,0,87.0,2.8,0,207.0,205.0,2.9,2.7,158,3,5,6
08.06.2019 04:00:00,6.0,13.0,26.1,0,0.16,0,0.3,3.7,4.0,20.0,0,87.0,3.0,0,204.0,205.0,3.2,3.0,158,4,5,6
08.06.2019 05:00:00,7.0,11.0,26.1,0,0.18,0,0.4,3.9,4.3,20.0,0,87.0,2.9,0,206.0,203.0,2.9,2.8,158,5,5,6
08.06.2019 06:00:00,7.0,9.4,26.2,0,0.22,0,1.1,5.7,6.9,25.0,0,88.0,2.8,0,207.0,206.0,3.0,3.1,158,6,5,6
08.06.2019 07:00:00,6.0,8.5,26.9,0,0.29,0,2.9,7.5,10.0,20.0,0,86.0,3.1,0,208.0,205.0,2.3,2.5,158,7,5,6
08.06.2019 08:00:00,7.0,11.0,28.0,0,0.33,0,5.2,8.0,13.0,20.0,0,83.0,3.7,0,192.0,172.0,1.2,1.4,158,8,5,6
08.06.2019 09:00:00,9.0,18.0,29.0,0,0.34,0,4.1,11.0,15.0,31.0,0,79.0,4.1,0,9.3,351.0,2.7,1.1,158,9,5,6
08.06.2019 10:00:00,9.0,25.0,30.1,0,0.32,0,3.9,11.0,15.0,27.0,0,73.0,3.8,0,206.0,208.0,2.4,1.2,158,10,5,6
08.06.2019 11:00:00,7.0,39.0,31.1,0,0.3,0,1.9,8.7,11.0,25.0,0,65.0,3.9,0,206.0,217.0,1.7,1.8,158,11,5,6
08.06.2019 12:00:00,7.0,40.0,31.7,0,0.21,0,1.8,6.1,7.9,26.0,0,62.0,4.0,0,234.0,216.0,2.4,1.5,158,12,5,6
08.06.2019 13:00:00,9.0,56.0,32.4,0,0.25,0,1.6,6.9,8.5,23.0,0,62.0,4.0,0,226.0,32.0,2.7,0.8,158,13,5,6
08.06.2019 14:00:00,13.0,63.0,30.1,0,0.29,0,1.6,6.1,7.7,40.0,0,79.0,3.8,0,31.0,8.4,2.0,2.3,158,14,5,6
08.06.2019 15:00:00,13.0,60.0,29.6,0,0.22,0,1.4,5.1,6.5,36.0,0,81.0,3.9,0,22.0,37.0,1.6,1.7,158,15,5,6
08.06.2019 16:00:00,12.0,59.0,30.0,0,0.23,0,1.8,7.1,8.9,31.0,0,73.0,4.7,0,98.0,138.0,1.5,1.2,158,16,5,6
08.06.2019 17:00:00,11.0,63.0,29.9,0,0.22,0,1.2,4.8,6.0,34.0,0,72.0,4.3,0,103.0,100.0,2.0,1.2,158,17,5,6
08.06.2019 18:00:00,11.0,59.0,29.3,0,0.23,0,1.5,6.9,8.4,36.0,0,76.0,5.2,0,43.0,357.0,1.1,0.7,158,18,5,6
08.06.2019 19:00:00,14.0,49.0,28.9,0,0.28,0,1.4,11.0,13.0,41.0,0,78.0,4.8,0,352.0,223.0,1.4,0.6,158,19,5,6
08.06.2019 20:00:00,12.0,31.0,28.4,0,0.28,0,1.1,9.9,11.0,37.0,0,82.0,4.0,0,216.0,209.0,1.4,1.4,158,20,5,6
08.06.2019 21:00:00,13.0,25.0,28.0,0,0.26,0,0.9,8.8,9.6,34.0,0,84.0,4.2,0,210.0,211.0,2.4,2.0,158,21,5,6
08.06.2019 22:00:00,11.0,17.0,27.4,0,0.25,0,1.1,8.5,9.6,30.0,0,87.0,3.5,0,210.0,206.0,3.6,2.7,158,22,5,6
08.06.2019 23:00:00,10.0,18.0,27.1,0,0.21,0,0.5,6.1,6.6,28.0,0,87.0,3.3,0,211.0,226.0,2.9,3.2,158,23,5,6
08.06.2019 24:00:00,12.0,15.0,27.0,0,0.23,0,0.7,5.9,6.5,29.0,0,87.0,3.2,0,216.0,219.0,1.7,1.9,158,24,5,6
09.06.2019 01:00:00,11.0,14.0,26.6,0,0.23,0,0.6,5.8,6.4,30.0,0,88.0,3.1,0,218.0,222.0,1.6,1.6,159,1,6,6
09.06.2019 02:00:00,9.0,14.0,26.4,0,0.19,0,1.1,5.0,6.1,25.0,0,88.0,3.0,0,214.0,234.0,2.1,1.7,159,2,6,6
09.06.2019 03:00:00,7.0,15.0,26.1,0,0.19,0,0.9,4.9,5.8,25.0,0,86.0,2.7,0,219.0,213.0,2.7,2.6,159,3,6,6
09.06.2019 04:00:00,7.0,11.0,25.8,0,0.19,0,1.3,4.8,6.1,27.0,0,88.0,2.5,0,209.0,204.0,2.5,2.6,159,4,6,6
09.06.2019 05:00:00,7.0,10.0,25.9,0,0.24,0,0.9,6.2,7.0,26.0,0,89.0,2.5,0,208.0,196.0,0.8,1.1,159,5,6,6
09.06.2019 06:00:00,5.0,12.0,26.6,0,0.26,0,1.2,7.9,9.2,30.0,0,85.0,2.9,0,292.0,242.0,2.7,0.6,159,6,6,6
09.06.2019 07:00:00,4.0,20.0,28.7,0,0.18,0,1.6,6.3,7.9,21.0,0,69.0,3.1,0,218.0,210.0,6.8,4.5,159,7,6,6
09.06.2019 08:00:00,6.0,22.0,29.3,0,0.17,0,2.0,5.2,7.2,22.0,0,65.0,2.9,0,210.0,208.0,5.3,5.5,159,8,6,6
09.06.2019 09:00:00,7.0,24.0,30.1,0,0.19,0,2.2,5.4,7.7,24.0,0,60.0,2.6,0,211.0,200.0,4.8,3.5,159,9,6,6
09.06.2019 10:00:00,7.0,29.0,31.3,0,0.17,0,2.2,5.4,7.6,16.0,0,55.0,2.3,0,217.0,226.0,5.5,3.2,159,10,6,6
09.06.2019 11:00:00,7.0,32.0,32.2,0,0.14,0,2.1,3.8,5.9,29.0,0,52.0,2.3,0,231.0,241.0,4.8,5.1,159,11,6,6
09.06.2019 12:00:00,7.0,35.0,32.6,0,0.12,0,1.9,3.3,5.2,26.0,0,51.0,2.1,0,241.0,254.0,4.2,4.1,159,12,6,6
09.06.2019 13:00:00,5.0,38.0,32.3,0,0.13,0,1.9,3.2,5.1,25.0,0,53.0,2.1,0,244.0,246.0,5.6,3.5,159,13,6,6
09.06.2019 14:00:00,6.0,42.0,32.2,0,0.14,0,1.8,3.2,5.0,28.0,0,57.0,2.2,0,241.0,243.0,3.8,4.3,159,14,6,6
09.06.2019 15:00:00,5.0,40.0,32.0,0,0.15,0,1.8,4.0,5.8,26.0,0,58.0,2.6,0,231.0,230.0,4.3,2.8,159,15,6,6
09.06.2019 16:00:00,7.0,37.0,31.8,0,0.16,0,1.8,5.2,7.0,26.0,0,60.0,2.3,0,211.0,143.0,2.3,3.1,159,16,6,6
09.06.2019 17:00:00,8.0,34.0,31.8,0,0.19,0,1.8,7.3,9.1,19.0,0,59.0,2.7,0,161.0,99.0,1.9,1.3,159,17,6,6
09.06.2019 18:00:00,11.0,33.0,31.8,0,0.2,0,2.0,8.5,10.0,20.0,0,60.0,2.5,0,121.0,112.0,1.6,1.0,159,18,6,6
09.06.2019 19:00:00,13.0,29.0,31.3,0,0.24,0,1.9,10.0,12.0,24.0,0,63.0,2.6,0,90.0,79.0,1.9,1.0,159,19,6,6
09.06.2019 20:00:00,11.0,18.0,30.5,0,0.28,0,3.3,14.0,18.0,22.0,0,67.0,2.7,0,76.0,58.0,0.6,0.4,159,20,6,6
09.06.2019 21:00:00,11.0,11.0,29.8,0,0.35,0,3.6,17.0,20.0,35.0,0,72.0,2.9,0,24.0,19.0,1.1,0.6,159,21,6,6
09.06.2019 22:00:00,14.0,7.5,29.1,0,0.38,0,3.3,20.0,24.0,38.0,0,78.0,3.4,0,354.0,226.0,0.7,0.7,159,22,6,6
09.06.2019 23:00:00,12.0,11.0,29.8,0,0.28,0,1.7,14.0,15.0,24.0,0,68.0,3.3,0,102.0,110.0,1.6,0.9,159,23,6,6
09.06.2019 24:00:00,7.0,16.0,29.9,0,0.21,0,0.6,9.6,10.0,19.0,0,66.0,3.0,0,94.0,265.0,1.4,0.3,159,24,6,6
10.06.2019 01:00:00,7.0,21.0,30.9,0,0.14,0,0.5,6.0,6.5,14.0,0,58.0,2.4,0,241.0,237.0,3.9,2.5,160,1,0,6
10.06.2019 02:00:00,8.0,24.0,31.3,0,0.09,0,1.4,2.2,3.6,10.0,0,56.0,2.1,0,231.0,234.0,2.8,3.3,160,2,0,6
10.06.2019 03:00:00,6.0,22.0,31.1,0,0.1,0,1.4,2.6,3.9,17.0,0,56.0,2.3,0,233.0,236.0,3.9,3.1,160,3,0,6
10.06.2019 04:00:00,4.0,21.0,30.8,0,0.09,0,1.3,2.7,3.9,10.0,0,58.0,2.1,0,232.0,235.0,4.2,1.7,160,4,0,6
10.06.2019 05:00:00,4.0,20.0,30.2,0,0.09,0,1.5,2.9,4.4,11.0,0,61.0,1.9,0,228.0,235.0,2.9,2.6,160,5,0,6
10.06.2019 06:00:00,2.0,16.0,29.0,0,0.12,0,1.8,4.9,6.7,13.0,0,68.0,1.8,0,321.0,329.0,0.8,0.2,160,6,0,6
10.06.2019 07:00:00,2.0,11.0,28.1,0,0.19,0,5.0,9.0,14.0,9.0,0,74.0,1.9,0,259.0,306.0,0.5,0.5,160,7,0,6
10.06.2019 08:00:00,3.0,11.0,28.1,0,0.24,0,6.3,8.8,15.0,16.0,0,74.0,2.2,0,273.0,204.0,0.6,0.5,160,8,0,6
10.06.2019 09:00:00,4.0,5.1,27.3,0,0.45,0,17.0,12.0,29.0,46.0,0,81.0,2.4,0,204.0,218.0,1.1,1.1,160,9,0,6
10.06.2019 10:00:00,6.0,7.0,27.9,0,0.37,0,8.0,8.8,17.0,21.0,0,79.0,2.6,0,198.0,205.0,0.6,0.9,160,10,0,6
10.06.2019 11:00:00,14.0,5.2,28.6,0,0.39,0,15.0,14.0,29.0,196.0,0,77.0,2.6,0,141.0,209.0,0.9,0.0,160,11,0,6
10.06.2019 12:00:00,17.0,6.0,28.5,0,0.45,0,14.0,17.0,31.0,37.0,0,80.0,3.1,0,220.0,68.0,0.7,0.4,160,12,0,6
10.06.2019 13:00:00,9.0,9.1,28.2,0,0.35,0,7.0,12.0,19.0,20.0,0.4,87.0,2.9,0,205.0,353.0,1.3,0.4,160,13,0,6
10.06.2019 14:00:00,9.0,14.0,27.9,0,0.24,0,4.4,11.0,16.0,15.0,2.0,89.0,2.8,0,308.0,134.0,0.9,0.1,160,14,0,6
10.06.2019 15:00:00,15.0,17.0,27.9,0,0.23,0,4.2,11.0,15.0,21.0,0.8,89.0,2.5,0,52.0,32.0,1.4,0.5,160,15,0,6
10.06.2019 16:00:00,11.0,18.0,27.4,0,0.26,0,3.3,12.0,15.0,19.0,0.4,86.0,2.2,0,194.0,197.0,1.3,0.9,160,16,0,6
10.06.2019 17:00:00,7.0,12.0,27.1,0,0.32,0,4.4,15.0,20.0,21.0,0,87.0,2.2,0,195.0,216.0,1.4,1.1,160,17,0,6
10.06.2019 18:00:00,11.0,13.0,26.5,0,0.28,0,3.0,13.0,16.0,16.0,0.8,88.0,2.3,0,218.0,252.0,1.7,1.4,160,18,0,6
10.06.2019 19:00:00,11.0,12.0,26.0,0,0.22,0,1.5,10.0,12.0,22.0,1.2,90.0,2.4,0,230.0,235.0,1.8,1.9,160,19,0,6
10.06.2019 20:00:00,7.0,10.0,26.0,0,0.23,0,2.6,12.0,15.0,25.0,2.0,90.0,2.4,0,227.0,218.0,2.8,2.0,160,20,0,6
10.06.2019 21:00:00,6.0,7.0,25.9,0,0.26,0,2.7,12.0,15.0,21.0,0.8,91.0,2.2,0,217.0,217.0,3.1,3.1,160,21,0,6
10.06.2019 22:00:00,6.0,6.0,25.5,0,0.26,0,2.9,11.0,14.0,22.0,2.4,93.0,2.4,0,213.0,225.0,1.2,2.6,160,22,0,6
10.06.2019 23:00:00,7.0,4.7,25.5,0,0.27,0,2.7,11.0,14.0,24.0,0.2,93.0,2.4,0,200.0,204.0,2.4,1.8,160,23,0,6
10.06.2019 24:00:00,8.0,5.4,25.5,0,0.25,0,1.8,10.0,12.0,20.0,0,93.0,2.6,0,206.0,211.0,2.8,2.8,160,24,0,6
11.06.2019 01:00:00,4.0,4.9,25.4,0,0.24,0,1.1,9.0,10.0,24.0,0,93.0,3.7,0,209.0,210.0,2.8,2.3,161,1,1,6
11.06.2019 02:00:00,2.0,4.0,25.3,0,0.22,0,1.2,8.2,9.4,24.0,0,94.0,2.3,0,212.0,213.0,3.3,3.1,161,2,1,6
11.06.2019 03:00:00,4.0,4.0,25.4,0,0.24,0,1.1,8.5,9.5,25.0,0.6,94.0,2.6,0,212.0,217.0,1.9,2.5,161,3,1,6
11.06.2019 04:00:00,6.0,4.1,25.6,0,0.23,0,1.3,8.2,9.5,23.0,3.2,94.0,2.4,0,207.0,206.0,1.7,2.0,161,4,1,6
11.06.2019 05:00:00,5.0,6.6,25.8,0,0.21,0,1.9,7.4,9.3,14.0,3.2,95.0,2.7,0,206.0,205.0,0.9,0.9,161,5,1,6
11.06.2019 06:00:00,5.0,19.0,26.1,0,0.19,0,2.0,6.5,8.5,16.0,7.0,96.0,2.6,0,156.0,124.0,2.0,0.9,161,6,1,6
11.06.2019 07:00:00,5.0,26.0,26.3,0,0.17,0,2.3,6.4,8.6,12.0,11.0,95.0,2.6,0,152.0,190.0,2.0,1.5,161,7,1,6
11.06.2019 08:00:00,2.0,22.0,26.1,0,0.2,0,3.6,9.1,13.0,11.0,1.0,92.0,2.3,0,173.0,160.0,1.0,0.8,161,8,1,6
11.06.2019 09:00:00,2.0,23.0,26.6,0,0.2,0,3.5,8.2,12.0,13.0,0.6,92.0,2.7,0,139.0,101.0,4.3,1.7,161,9,1,6
11.06.2019 10:00:00,2.0,40.0,26.5,0,0.15,0,2.3,5.3,7.6,13.0,1.8,93.0,2.5,0,88.0,74.0,3.0,2.1,161,10,1,6
11.06.2019 11:00:00,2.0,44.0,26.0,0,0.14,0,2.7,5.2,7.9,15.0,5.2,93.0,2.2,0,70.0,59.0,4.4,2.8,161,11,1,6
11.06.2019 12:00:00,3.0,48.0,25.6,0,0.14,0,2.7,2.6,5.3,21.0,28.0,94.0,2.0,0,38.0,36.0,4.1,4.5,161,12,1,6
11.06.2019 13:00:00,2.0,56.0,25.1,0,0.15,0,2.4,2.4,4.8,20.0,8.2,95.0,2.1,0,50.0,40.0,5.6,5.7,161,13,1,6
11.06.2019 14:00:00,2.0,59.0,24.5,0,0.16,0,2.6,3.0,5.7,25.0,2.6,95.0,2.1,0,27.0,33.0,4.8,5.2,161,14,1,6
11.06.2019 15:00:00,4.0,57.0,24.3,0,0.15,0,2.7,3.2,5.9,19.0,0.4,94.0,1.8,0,30.0,33.0,3.1,4.5,161,15,1,6
11.06.2019 16:00:00,4.0,57.0,24.0,0,0.16,0,2.7,4.8,7.5,15.0,3.8,95.0,1.8,0,35.0,40.0,2.5,3.0,161,16,1,6
11.06.2019 17:00:00,2.0,59.0,23.8,0,0.15,0,2.7,3.4,6.2,9.0,1.2,95.0,1.8,0,52.0,62.0,2.2,4.1,161,17,1,6
11.06.2019 18:00:00,2.0,57.0,23.8,0,0.16,0,2.7,3.5,6.1,12.0,2.4,95.0,1.9,0,43.0,35.0,4.6,3.1,161,18,1,6
11.06.2019 19:00:00,3.0,56.0,23.6,0,0.16,0,2.6,3.0,5.6,20.0,7.6,95.0,1.7,0,32.0,22.0,2.5,3.2,161,19,1,6
11.06.2019 20:00:00,5.0,48.0,23.5,0,0.19,0,3.0,8.9,12.0,16.0,12.0,95.0,1.7,0,356.0,157.0,0.6,1.1,161,20,1,6
11.06.2019 21:00:00,6.0,44.0,23.4,0,0.2,0,2.5,7.0,9.5,11.0,3.2,96.0,1.9,0,210.0,212.0,2.3,1.4,161,21,1,6
11.06.2019 22:00:00,6.0,42.0,23.4,0,0.18,0,2.4,5.3,7.8,15.0,1.2,96.0,1.8,0,240.0,328.0,1.2,1.1,161,22,1,6
11.06.2019 23:00:00,6.0,51.0,23.8,0,0.16,0,2.3,2.6,4.9,10.0,1.6,96.0,2.0,0,39.0,43.0,3.6,2.7,161,23,1,6
11.06.2019 24:00:00,7.0,50.0,23.7,0,0.16,0,2.4,1.9,4.3,25.0,0,94.0,2.1,0,8.7,306.0,0.5,1.7,161,24,1,6
12.06.2019 01:00:00,4.0,42.0,23.7,0,0.16,0,2.5,2.5,5.0,22.0,0,94.0,1.8,0,211.0,208.0,2.5,2.0,162,1,2,6
12.06.2019 02:00:00,2.0,36.0,23.6,0,0.15,0,1.0,0.1,1.2,20.0,0,94.0,2.4,0,209.0,212.0,2.1,2.2,162,2,2,6
12.06.2019 03:00:00,3.0,30.0,23.6,0,0.16,0,0.7,0.4,1.1,24.0,0,95.0,2.5,0,207.0,201.0,2.3,1.9,162,3,2,6
12.06.2019 04:00:00,2.0,29.0,23.8,0,0.16,0,0.5,0.7,1.1,26.0,0,94.0,2.4,0,209.0,210.0,1.7,1.7,162,4,2,6
12.06.2019 05:00:00,5.0,27.0,23.8,0,0.16,0,0.4,0.7,1.0,23.0,0,94.0,2.5,0,204.0,210.0,1.7,1.6,162,5,2,6
12.06.2019 06:00:00,7.0,26.0,23.9,0,0.18,0,0.3,1.4,1.8,29.0,0,94.0,2.5,0,210.0,210.0,2.2,1.8,162,6,2,6
12.06.2019 07:00:00,5.0,21.0,24.2,0,0.24,0,0.9,4.8,5.7,27.0,0,93.0,2.5,0,208.0,201.0,0.7,1.4,162,7,2,6
12.06.2019 08:00:00,5.0,44.0,25.2,0,0.21,0,1.7,5.4,7.1,42.0,0,82.0,2.7,0,36.0,42.0,2.8,2.4,162,8,2,6
12.06.2019 09:00:00,7.0,55.0,25.9,0,0.15,0,1.1,0.7,1.8,42.0,0,77.0,2.6,0,49.0,49.0,4.8,4.2,162,9,2,6
12.06.2019 10:00:00,7.0,55.0,26.0,0,0.15,0,1.0,0.5,1.5,40.0,0,76.0,2.5,0,49.0,48.0,4.6,4.5,162,10,2,6
12.06.2019 11:00:00,6.194,53.0,26.2,0,0.0,0,2.801,10.267,13.919,23.75,0,75.0,2.363,0,52.0,51.0,4.7,4.1,162,11,2,6
12.06.2019 12:00:00,6.198,29.934,26.1,0,0.0,0,2.812,10.278,13.934,23.685,0,75.0,2.364,0,47.0,49.0,4.4,4.3,162,12,2,6
12.06.2019 13:00:00,15.0,50.0,26.0,0,0.14,0,0.8,0.4,1.2,35.0,0,76.0,2.3,0,48.0,47.0,4.6,4.3,162,13,2,6
12.06.2019 14:00:00,10.0,51.0,26.0,0,0.14,0,0.8,0.4,1.2,43.0,0,76.0,2.4,0,49.0,49.0,4.8,4.2,162,14,2,6
12.06.2019 15:00:00,7.0,48.0,25.6,0,0.15,0,0.8,1.8,2.7,38.0,1.4,80.0,2.1,0,43.0,30.0,3.5,3.8,162,15,2,6
12.06.2019 16:00:00,7.0,48.0,24.3,0,0.16,0,0.8,2.5,3.4,28.0,1.4,87.0,2.1,0,44.0,35.0,2.0,2.4,162,16,2,6
12.06.2019 17:00:00,5.0,43.0,23.8,0,0.19,0,1.1,7.3,8.3,23.0,2.8,92.0,2.1,0,36.0,355.0,0.8,0.7,162,17,2,6
12.06.2019 18:00:00,7.0,37.0,23.7,0,0.22,0,1.5,8.9,10.0,15.0,7.6,94.0,2.3,0,322.0,6.0,1.4,0.3,162,18,2,6
12.06.2019 19:00:00,7.0,49.0,23.4,0,0.21,0,1.1,5.7,6.8,19.0,9.4,94.0,2.3,0,9.2,22.0,3.2,2.1,162,19,2,6
12.06.2019 20:00:00,7.0,51.0,23.0,0,0.23,0,1.1,7.7,8.8,23.0,2.8,95.0,2.4,0,9.6,322.0,0.6,1.6,162,20,2,6
12.06.2019 21:00:00,7.0,53.0,23.1,0,0.19,0,1.2,4.8,5.9,19.0,0.6,93.0,2.3,0,33.0,7.8,1.6,1.7,162,21,2,6
12.06.2019 22:00:00,6.0,45.0,23.3,0,0.21,0,0.8,5.7,6.5,23.0,1.6,93.0,2.4,0,220.0,206.0,2.2,1.1,162,22,2,6
12.06.2019 23:00:00,7.0,43.0,22.9,0,0.19,0,0.7,3.2,3.9,12.0,11.0,96.0,2.4,0,215.0,211.0,2.0,1.7,162,23,2,6
12.06.2019 24:00:00,7.0,43.0,22.6,0,0.19,0,0.5,2.6,3.1,16.0,2.2,96.0,2.5,0,208.0,214.0,1.5,1.9,162,24,2,6
13.06.2019 01:00:00,2.0,41.0,22.8,0,0.18,0,0.7,1.5,2.2,11.0,0.6,96.0,1.6,0,216.0,202.0,0.7,1.1,163,1,3,6
13.06.2019 02:00:00,2.0,37.0,22.9,0,0.17,0,0.4,2.6,3.0,14.0,0,96.0,2.9,0,210.0,224.0,1.2,1.1,163,2,3,6
13.06.2019 03:00:00,6.0,44.0,23.0,0,0.18,0,0.4,2.4,2.8,13.0,0.2,95.0,2.3,0,238.0,319.0,0.7,0.4,163,3,3,6
13.06.2019 04:00:00,6.0,41.0,23.1,0,0.19,0,0.3,2.1,2.4,24.0,0.6,95.0,2.5,0,213.0,209.0,1.3,0.9,163,4,3,6
13.06.2019 05:00:00,4.0,34.0,23.0,0,0.18,0,0.3,2.4,2.7,22.0,0,96.0,2.6,0,208.0,209.0,2.3,1.9,163,5,3,6
13.06.2019 06:00:00,2.0,31.0,23.1,0,0.19,0,0.2,2.3,2.5,18.0,0,96.0,2.3,0,212.0,221.0,2.4,2.2,163,6,3,6
13.06.2019 07:00:00,2.0,25.0,23.3,0,0.21,0,0.6,3.8,4.4,22.0,0,95.0,2.5,0,212.0,210.0,2.2,2.4,163,7,3,6
13.06.2019 08:00:00,3.0,43.0,23.8,0,0.22,0,0.9,6.6,7.5,11.0,7.4,96.0,2.7,0,35.0,35.0,2.9,0.8,163,8,3,6
13.06.2019 09:00:00,2.0,59.0,24.1,0,0.18,0,0.6,5.7,6.3,13.0,14.0,96.0,2.4,0,19.0,329.0,1.1,2.4,163,9,3,6
13.06.2019 10:00:00,2.0,51.0,24.2,0,0.21,0,1.3,9.8,11.0,10.0,0.8,95.0,2.3,0,290.0,212.0,1.3,0.3,163,10,3,6
13.06.2019 11:00:00,2.0,53.0,24.7,0,0.2,0,1.3,6.7,8.0,12.0,0,94.0,2.3,0,269.0,181.0,0.5,0.2,163,11,3,6
13.06.2019 12:00:00,2.0,55.0,25.5,0,0.2,0,1.4,6.5,7.9,11.0,0,91.0,2.4,0,28.0,356.0,0.6,0.4,163,12,3,6
13.06.2019 13:00:00,2.0,53.0,26.1,0,0.2,0,1.7,7.4,9.1,26.0,0,88.0,3.4,0,86.0,42.0,1.3,0.6,163,13,3,6
13.06.2019 14:00:00,2.0,57.0,26.0,0,0.17,0,0.8,5.1,6.0,27.0,0,90.0,2.6,0,5.3,335.0,1.4,1.2,163,14,3,6
13.06.2019 15:00:00,2.0,48.0,26.0,0,0.2,0,1.1,9.1,10.0,35.0,0,91.0,2.5,0,357.0,330.0,0.8,1.0,163,15,3,6
13.06.2019 16:00:00,2.0,49.0,25.9,0,0.21,0,1.0,9.2,10.0,20.0,0,92.0,2.5,0,45.0,48.0,1.0,0.5,163,16,3,6
13.06.2019 17:00:00,2.0,50.0,26.0,0,0.2,0,0.7,6.7,7.4,12.0,0,93.0,2.6,0,94.0,135.0,0.6,1.1,163,17,3,6
13.06.2019 18:00:00,2.0,44.0,26.1,0,0.23,0,0.9,9.6,10.0,19.0,5.4,93.0,2.4,0,113.0,105.0,1.4,0.8,163,18,3,6
13.06.2019 19:00:00,2.0,42.0,25.9,0,0.23,0,0.8,9.8,11.0,15.0,0.6,94.0,2.4,0,127.0,185.0,0.5,1.1,163,19,3,6
13.06.2019 20:00:00,2.0,13.0,25.6,0,0.39,0,3.4,22.0,26.0,19.0,2.2,95.0,2.8,0,180.0,149.0,1.1,1.0,163,20,3,6
13.06.2019 21:00:00,10.0,17.0,25.6,0,0.45,0,2.1,20.0,22.0,27.0,0.2,95.0,3.2,0,168.0,177.0,2.1,1.1,163,21,3,6
13.06.2019 22:00:00,13.0,14.0,25.7,0,0.49,0,0.6,19.0,20.0,32.0,0,94.0,3.2,0,220.0,248.0,1.6,1.4,163,22,3,6
13.06.2019 23:00:00,9.0,17.0,26.2,0,0.44,0,1.7,17.0,19.0,27.0,2.6,93.0,3.2,0,19.0,16.0,1.2,0.8,163,23,3,6
13.06.2019 24:00:00,8.0,13.0,26.3,0,0.46,0,-0.3,21.0,20.0,18.0,0.4,92.0,3.5,0,167.0,169.0,2.3,1.4,163,24,3,6
14.06.2019 01:00:00,8.0,11.0,26.4,0,0.54,0,0.1,23.0,23.0,39.0,0,92.0,3.8,0,202.0,214.0,1.4,0.3,164,1,4,6
14.06.2019 02:00:00,4.0,18.0,26.3,0,0.38,0,0.7,13.0,14.0,24.0,7.8,92.0,2.2,0,263.0,239.0,3.0,0.6,164,2,4,6
14.06.2019 03:00:00,2.0,44.0,26.0,0,0.18,0,1.0,4.0,5.0,16.0,7.8,92.0,2.0,0,349.0,338.0,3.6,3.0,164,3,4,6
14.06.2019 04:00:00,2.0,59.0,25.6,0,0.13,0,1.6,2.0,3.5,12.0,2.0,92.0,1.5,0,335.0,344.0,2.6,2.6,164,4,4,6
14.06.2019 05:00:00,2.0,65.0,24.9,0,0.13,0,1.8,1.7,3.5,10.0,11.0,93.0,1.4,0,341.0,332.0,3.9,3.6,164,5,4,6
14.06.2019 06:00:00,2.0,63.0,24.5,0,0.14,0,1.6,1.8,3.3,7.0,1.8,92.0,1.3,0,331.0,343.0,2.5,2.4,164,6,4,6
14.06.2019 07:00:00,2.0,63.0,24.4,0,0.15,0,1.8,2.4,4.2,9.0,0.8,92.0,1.2,0,342.0,13.0,4.3,3.4,164,7,4,6
14.06.2019 08:00:00,2.0,63.0,24.3,0,0.16,0,1.9,3.1,5.0,17.0,0.2,92.0,1.2,0,3.1,7.7,5.6,4.6,164,8,4,6
14.06.2019 09:00:00,2.0,63.0,24.3,0,0.15,0,2.0,3.6,5.6,19.0,4.0,92.0,1.3,0,6.8,2.4,3.9,4.5,164,9,4,6
14.06.2019 10:00:00,2.0,62.0,24.0,0,0.15,0,1.9,4.3,6.3,20.0,2.6,93.0,1.3,0,359.0,330.0,3.0,3.4,164,10,4,6
14.06.2019 11:00:00,5.0,61.0,24.2,0,0.15,0,2.1,3.6,5.7,9.0,1.6,91.0,1.0,0,320.0,316.0,1.9,2.2,164,11,4,6
14.06.2019 12:00:00,5.0,59.0,24.7,0,0.17,0,2.2,4.5,6.7,21.0,0,87.0,1.1,0,314.0,338.0,3.1,1.3,164,12,4,6
14.06.2019 13:00:00,4.0,64.0,25.6,0,0.15,0,2.3,3.1,5.4,52.0,0,81.0,1.2,0,11.0,15.0,5.0,3.6,164,13,4,6
14.06.2019 14:00:00,6.0,65.0,25.5,0,0.15,0,2.0,2.4,4.4,43.0,0,79.0,1.0,0,10.0,11.0,4.4,4.3,164,14,4,6
14.06.2019 15:00:00,7.0,66.0,25.2,0,0.16,0,1.9,2.8,4.6,51.0,0,80.0,1.2,0,10.0,13.0,5.2,4.3,164,15,4,6
14.06.2019 16:00:00,11.0,67.0,25.2,0,0.16,0,1.8,3.2,5.0,50.0,0,79.0,1.1,0,15.0,7.2,4.6,5.0,164,16,4,6
14.06.2019 17:00:00,11.0,67.0,25.0,0,0.15,0,2.0,3.6,5.6,48.0,0,80.0,1.1,0,13.0,8.0,4.6,4.3,164,17,4,6
14.06.2019 18:00:00,7.0,70.0,25.0,0,0.15,0,1.9,3.0,5.0,54.0,0,80.0,1.1,0,9.0,4.9,3.8,3.9,164,18,4,6
14.06.2019 19:00:00,6.0,72.0,25.1,0,0.14,0,1.7,2.6,4.3,65.0,0,80.0,1.3,0,15.0,16.0,6.1,4.4,164,19,4,6
14.06.2019 20:00:00,5.0,73.0,25.1,0,0.13,0,1.7,1.7,3.5,48.0,0,79.0,1.1,0,21.0,20.0,5.7,6.5,164,20,4,6
14.06.2019 21:00:00,10.0,69.0,25.0,0,0.14,0,1.6,2.2,3.7,56.0,0,78.0,1.0,0,17.0,3.0,4.0,4.3,164,21,4,6
14.06.2019 22:00:00,11.0,68.0,24.9,0,0.13,0,1.7,3.0,4.7,55.0,0,77.0,1.4,0,18.0,22.0,5.9,4.9,164,22,4,6
14.06.2019 23:00:00,7.0,68.0,24.6,0,0.14,0,1.8,4.8,6.5,61.0,0,77.0,1.0,0,22.0,189.0,1.1,2.8,164,23,4,6
14.06.2019 24:00:00,6.0,46.78,23.2,0,0.16,0,1.9,4.5,6.4,31.0,0,87.0,1.2,0,183.0,132.0,1.2,0.7,164,24,4,6
15.06.2019 01:00:00,6.0,70.0,24.5,0,0.14,0,1.5,2.6,4.1,76.0,0,77.0,1.1,0,20.0,23.0,5.1,4.2,165,1,5,6
15.06.2019 02:00:00,7.0,74.0,24.7,0,0.14,0,1.3,0.7,2.0,62.0,0,75.0,1.0,0,22.0,22.0,4.7,5.1,165,2,5,6
15.06.2019 03:00:00,9.0,62.0,24.2,0,0.14,0,1.2,0.9,2.1,60.0,0,77.0,1.2,0,28.0,202.0,2.0,1.7,165,3,5,6
15.06.2019 04:00:00,7.0,35.0,22.3,0,0.15,0,1.0,0.8,1.8,26.0,0,90.0,0.7,0,211.0,221.0,2.6,2.5,165,4,5,6
15.06.2019 05:00:00,4.0,33.0,21.6,0,0.15,0,0.9,0.5,1.4,18.0,0,91.0,1.0,0,215.0,215.0,3.6,3.3,165,5,5,6
15.06.2019 06:00:00,4.0,30.0,21.3,0,0.15,0,0.9,0.7,1.6,25.0,0,91.0,1.2,0,213.0,209.0,3.3,3.6,165,6,5,6
15.06.2019 07:00:00,6.0,31.0,22.3,0,0.19,0,1.5,3.0,4.5,21.0,0,86.0,1.1,0,206.0,196.0,1.5,2.2,165,7,5,6
15.06.2019 08:00:00,7.0,54.0,24.7,0,0.21,0,1.9,5.1,7.0,38.0,0,74.0,1.7,0,18.0,24.0,3.7,1.5,165,8,5,6
15.06.2019 09:00:00,10.0,73.0,25.8,0,0.18,0,1.6,4.2,5.8,49.0,0,68.0,1.3,0,26.0,28.0,3.2,3.8,165,9,5,6
15.06.2019 10:00:00,15.0,81.0,26.3,0,0.18,0,1.5,4.1,5.5,67.0,0,64.0,1.4,0,33.0,43.0,2.9,3.1,165,10,5,6
15.06.2019 11:00:00,16.0,87.0,26.9,0,0.19,0,1.5,3.7,5.1,66.0,0,62.0,1.2,0,43.0,43.0,2.9,3.0,165,11,5,6
15.06.2019 12:00:00,15.0,92.0,27.1,0,0.19,0,1.3,2.7,4.1,65.0,0,61.0,1.2,0,46.0,45.0,3.6,3.5,165,12,5,6
15.06.2019 13:00:00,16.0,95.0,27.3,0,0.21,0,1.3,3.3,4.6,65.0,0,61.0,1.2,0,46.0,48.0,4.2,3.3,165,13,5,6
15.06.2019 14:00:00,20.0,96.0,27.3,0,0.24,0,1.2,3.5,4.6,80.0,0,60.0,1.0,0,49.0,52.0,3.2,3.9,165,14,5,6
15.06.2019 15:00:00,24.0,98.0,27.1,0,0.26,0,1.3,4.0,5.3,77.0,0,61.0,1.3,0,54.0,65.0,2.6,3.2,165,15,5,6
15.06.2019 16:00:00,24.0,101.0,27.0,0,0.25,0,1.4,3.2,4.5,65.0,0,63.0,1.2,0,57.0,72.0,3.9,3.5,165,16,5,6
15.06.2019 17:00:00,24.0,102.0,26.8,0,0.26,0,1.5,4.7,6.2,58.0,0,64.0,1.7,0,76.0,67.0,3.8,3.3,165,17,5,6
15.06.2019 18:00:00,24.0,95.0,26.3,0,0.26,0,1.3,4.9,6.2,59.0,0,65.0,1.4,0,73.0,76.0,3.3,3.6,165,18,5,6
15.06.2019 19:00:00,21.0,89.0,25.8,0,0.24,0,1.1,4.2,5.3,47.0,0,66.0,1.2,0,102.0,109.0,2.8,2.3,165,19,5,6
15.06.2019 20:00:00,19.0,74.0,25.1,0,0.25,0,1.2,5.7,6.9,43.0,0,70.0,1.3,0,142.0,169.0,2.4,1.7,165,20,5,6
15.06.2019 21:00:00,20.0,48.0,23.3,0,0.28,0,1.1,8.1,9.2,39.0,0,81.0,1.1,0,197.0,194.0,2.3,1.9,165,21,5,6
15.06.2019 22:00:00,20.0,46.0,22.9,0,0.25,0,1.2,5.7,6.8,38.0,0,82.0,1.5,0,197.0,193.0,2.2,2.3,165,22,5,6
15.06.2019 23:00:00,20.0,48.0,23.2,0,0.22,0,1.1,4.8,5.8,37.0,0,81.0,1.7,0,191.0,200.0,1.9,1.9,165,23,5,6
15.06.2019 24:00:00,17.0,42.0,22.5,0,0.21,0,1.1,3.7,4.8,35.0,0,86.0,1.6,0,205.0,206.0,3.3,3.2,165,24,5,6
16.06.2019 01:00:00,13.0,42.0,22.3,0,0.2,0,1.1,3.1,4.1,35.0,0,87.0,1.8,0,200.0,198.0,3.0,2.9,166,1,6,6
16.06.2019 02:00:00,14.0,39.0,22.0,0,0.2,0,0.4,4.2,4.7,32.0,0,88.0,3.0,0,208.0,208.0,3.9,3.6,166,2,6,6
16.06.2019 03:00:00,12.0,39.0,21.8,0,0.2,0,0.4,3.8,4.2,32.0,0,89.0,2.8,0,211.0,213.0,3.6,3.6,166,3,6,6
16.06.2019 04:00:00,12.0,36.0,21.5,0,0.2,0,0.4,2.9,3.3,32.0,0,89.0,2.3,0,211.0,212.0,4.1,4.0,166,4,6,6
16.06.2019 05:00:00,13.0,35.0,21.4,0,0.19,0,0.3,2.4,2.7,29.0,0,89.0,2.2,0,213.0,212.0,4.4,4.1,166,5,6,6
16.06.2019 06:00:00,11.0,32.0,21.5,0,0.2,0,0.4,2.8,3.2,24.0,0,89.0,2.3,0,213.0,211.0,4.2,4.0,166,6,6,6
16.06.2019 07:00:00,11.0,30.0,22.9,0,0.23,0,1.0,4.9,6.0,26.0,0,84.0,2.8,0,208.0,197.0,2.2,3.2,166,7,6,6
16.06.2019 08:00:00,11.0,39.0,25.4,0,0.27,0,2.6,9.3,12.0,28.0,0,75.0,3.8,0,190.0,27.0,1.5,0.8,166,8,6,6
16.06.2019 09:00:00,12.0,69.0,27.6,0,0.21,0,1.7,6.0,7.7,48.0,0,67.0,3.6,0,65.0,72.0,3.7,2.6,166,9,6,6
16.06.2019 10:00:00,14.0,75.0,28.2,0,0.2,0,1.1,4.6,5.7,43.0,0,68.0,3.9,0,64.0,66.0,4.2,3.8,166,10,6,6
16.06.2019 11:00:00,13.0,75.0,28.6,0,0.19,0,1.0,4.5,5.4,47.0,0,69.0,2.6,0,61.0,60.0,4.7,4.4,166,11,6,6
16.06.2019 12:00:00,13.0,73.0,28.6,0,0.17,0,0.9,3.3,4.2,42.0,0,70.0,2.9,0,72.0,73.0,4.9,5.0,166,12,6,6
16.06.2019 13:00:00,13.0,63.0,28.4,0,0.16,0,1.1,3.7,4.8,33.0,0,72.0,2.7,0,72.0,76.0,6.6,5.3,166,13,6,6
16.06.2019 14:00:00,11.0,66.0,29.0,0,0.16,0,1.1,3.2,4.3,34.0,0,69.0,4.9,0,91.0,104.0,4.1,3.9,166,14,6,6
16.06.2019 15:00:00,8.0,58.0,29.9,0,0.16,0,1.4,5.4,6.7,27.0,0,63.0,4.8,0,95.0,112.0,4.8,4.3,166,15,6,6
16.06.2019 16:00:00,7.0,54.0,30.4,0,0.17,0,1.2,6.5,7.7,31.0,0,61.0,5.8,0,102.0,99.0,5.2,4.8,166,16,6,6
16.06.2019 17:00:00,11.0,53.0,30.3,0,0.16,0,1.0,3.4,4.4,24.0,0,61.0,3.0,0,128.0,138.0,2.6,3.3,166,17,6,6
16.06.2019 18:00:00,11.0,54.0,29.4,0,0.16,0,0.5,2.8,3.3,25.0,0,63.0,2.0,0,145.0,150.0,2.9,2.7,166,18,6,6
16.06.2019 19:00:00,7.0,50.0,28.6,0,0.0,0,0.7,2.8,3.4,25.0,0,66.0,1.9,0,147.0,148.0,2.3,2.3,166,19,6,6
16.06.2019 20:00:00,7.0,39.0,27.6,0,0.22,0,0.6,7.7,8.3,31.0,0,72.0,1.9,0,173.0,193.0,2.0,1.4,166,20,6,6
16.06.2019 21:00:00,8.0,30.0,26.1,0,0.2,0,0.6,6.2,6.8,19.0,0,80.0,1.9,0,202.0,211.0,3.5,2.6,166,21,6,6
16.06.2019 22:00:00,6.0,27.0,25.1,0,0.17,0,0.2,3.8,4.0,25.0,0,83.0,2.0,0,209.0,213.0,3.3,3.3,166,22,6,6
16.06.2019 23:00:00,7.0,27.0,24.6,0,0.16,0,0.3,3.4,3.7,27.0,0,85.0,2.1,0,211.0,211.0,4.1,3.8,166,23,6,6
16.06.2019 24:00:00,5.0,27.0,24.7,0,0.16,0,0.3,2.7,2.9,21.0,0,85.0,2.1,0,210.0,216.0,3.0,3.5,166,24,6,6
17.06.2019 01:00:00,3.0,27.0,24.9,0,0.15,0,0.2,2.4,2.5,16.0,0,84.0,2.2,0,210.0,211.0,2.8,2.6,167,1,0,6
17.06.2019 02:00:00,2.0,24.0,24.6,0,0.14,0,1.6,0.4,2.0,18.0,0,87.0,1.4,0,200.0,196.0,2.8,2.6,167,2,0,6
17.06.2019 03:00:00,4.0,24.0,24.4,0,0.15,0,1.3,0.2,1.6,18.0,0,87.0,1.6,0,199.0,200.0,2.3,2.3,167,3,0,6
17.06.2019 04:00:00,7.0,24.0,24.4,0,0.17,0,1.1,0.4,1.5,22.0,0,86.0,1.7,0,209.0,209.0,2.0,1.5,167,4,0,6
17.06.2019 05:00:00,11.0,23.0,24.4,0,0.2,0,1.2,1.0,2.2,18.0,0,87.0,1.6,0,208.0,208.0,2.8,2.4,167,5,0,6
17.06.2019 06:00:00,10.0,29.0,24.6,0,0.22,0,1.3,1.3,2.5,23.0,0,85.0,1.6,0,219.0,225.0,2.9,3.0,167,6,0,6
17.06.2019 07:00:00,11.0,28.0,25.8,0,0.29,0,1.9,3.9,5.8,30.0,0,81.0,2.1,0,212.0,199.0,0.8,1.9,167,7,0,6
17.06.2019 08:00:00,15.0,35.0,27.6,0,0.28,0,2.9,6.3,9.3,43.0,0,73.0,3.4,0,46.0,46.0,1.4,0.9,167,8,0,6
17.06.2019 09:00:00,13.0,43.0,28.1,0,0.21,0,2.0,2.4,4.4,40.0,0,72.0,4.7,0,42.0,47.0,2.5,1.8,167,9,0,6
17.06.2019 10:00:00,10.889,28.0,28.1,0,0.2,0,8.2,15.0,23.0,39.556,0,78.0,4.5,0,46.0,44.0,2.4,2.0,167,10,0,6
17.06.2019 11:00:00,15.0,45.0,28.8,0,0.19,0,4.4,5.5,9.9,33.0,0,76.0,3.1,0,37.0,43.0,2.3,1.8,167,11,0,6
17.06.2019 12:00:00,10.0,57.0,29.0,0,0.18,0,2.0,3.2,5.2,25.0,0,77.0,3.6,0,47.0,46.0,3.5,3.0,167,12,0,6
17.06.2019 13:00:00,7.0,48.0,29.2,0,0.15,0,1.7,1.2,3.0,16.0,0,80.0,2.1,0,43.0,55.0,3.7,2.4,167,13,0,6
17.06.2019 14:00:00,2.0,42.0,28.9,0,0.14,0,1.8,1.5,3.3,6.0,0,83.0,1.7,0,40.0,22.0,2.3,2.5,167,14,0,6
17.06.2019 15:00:00,2.0,41.0,28.8,0,0.14,0,1.9,1.2,3.1,14.0,0,83.0,1.6,0,32.0,39.0,1.8,1.9,167,15,0,6
17.06.2019 16:00:00,11.0,42.0,28.5,0,0.18,0,1.5,1.5,2.9,35.0,0,84.0,1.6,0,39.0,30.0,1.5,1.2,167,16,0,6
17.06.2019 17:00:00,11.0,45.0,28.3,0,0.15,0,1.7,1.0,2.8,23.0,0,86.0,2.0,0,43.0,47.0,2.5,1.8,167,17,0,6
17.06.2019 18:00:00,5.0,43.0,28.2,0,0.16,0,1.7,1.8,3.5,23.0,0,87.0,1.9,0,61.0,45.0,1.1,0.9,167,18,0,6
17.06.2019 19:00:00,7.0,39.0,28.0,0,0.14,0,1.7,2.8,4.5,21.0,0,88.0,1.7,0,58.0,74.0,1.8,1.3,167,19,0,6
17.06.2019 20:00:00,7.0,35.0,27.5,0,0.15,0,2.0,2.7,4.7,13.0,0,90.0,1.6,0,107.0,113.0,1.2,1.4,167,20,0,6
17.06.2019 21:00:00,7.0,20.0,27.3,0,0.2,0,2.0,6.8,8.7,17.0,0,90.0,1.7,0,204.0,220.0,1.7,1.2,167,21,0,6
17.06.2019 22:00:00,11.0,22.0,26.9,0,0.23,0,1.4,3.1,4.5,21.0,0,87.0,1.9,0,218.0,229.0,2.8,2.5,167,22,0,6
17.06.2019 23:00:00,12.0,32.0,26.7,0,0.2,0,1.2,2.0,3.2,21.0,0,85.0,1.8,0,219.0,224.0,3.3,3.2,167,23,0,6
17.06.2019 24:00:00,8.0,29.0,26.6,0,0.17,0,1.4,0.9,2.3,20.0,0,84.0,1.4,0,218.0,215.0,2.9,3.2,167,24,0,6
18.06.2019 01:00:00,5.0,26.0,26.5,0,0.15,0,1.2,0.3,1.5,17.0,0,83.0,1.7,0,221.0,215.0,2.7,2.4,168,1,1,6
18.06.2019 02:00:00,4.0,26.0,26.4,0,0.16,0,1.1,0.8,1.9,17.0,0,83.0,2.3,0,222.0,228.0,2.4,2.7,168,2,1,6
18.06.2019 03:00:00,6.0,27.0,26.2,0,0.17,0,1.2,0.6,1.9,19.0,0,83.0,2.2,0,220.0,218.0,2.6,2.5,168,3,1,6
18.06.2019 04:00:00,7.0,28.0,26.0,0,0.17,0,1.2,0.6,1.8,20.0,0,83.0,2.3,0,223.0,223.0,2.5,2.5,168,4,1,6
18.06.2019 05:00:00,3.0,31.0,26.5,0,0.18,0,1.3,0.9,2.1,17.0,0,81.0,2.2,0,225.0,175.0,0.6,1.8,168,5,1,6
18.06.2019 06:00:00,5.0,20.0,26.2,0,0.22,0,1.5,2.5,4.0,21.0,0,85.0,2.1,0,198.0,202.0,1.1,1.2,168,6,1,6
18.06.2019 07:00:00,8.0,15.0,26.8,0,0.32,0,3.5,7.8,11.0,20.0,0,84.0,2.7,0,186.0,145.0,0.5,0.7,168,7,1,6
18.06.2019 08:00:00,7.0,30.0,28.7,0,0.3,0,3.6,8.4,12.0,31.0,0,77.0,4.0,0,25.0,16.0,1.7,1.0,168,8,1,6
18.06.2019 09:00:00,11.0,36.0,29.6,0,0.25,0,3.4,7.5,11.0,49.0,0,76.0,4.0,0,28.0,43.0,2.5,2.0,168,9,1,6
18.06.2019 10:00:00,11.0,50.0,29.8,0,0.28,0,2.5,6.9,9.4,34.0,0,75.0,3.6,0,35.0,17.0,2.4,2.2,168,10,1,6
18.06.2019 11:00:00,11.0,56.0,30.0,0,0.28,0,3.1,11.0,14.0,39.0,0,77.0,6.1,0,34.0,42.0,2.1,2.1,168,11,1,6
18.06.2019 12:00:00,11.0,61.0,29.6,0,0.2,0,2.3,4.2,6.5,23.0,0,77.0,5.1,0,45.0,39.0,1.6,2.0,168,12,1,6
18.06.2019 13:00:00,9.0,59.0,30.0,0,0.19,0,1.8,2.2,3.9,26.0,0,76.0,4.9,0,39.0,33.0,1.9,1.8,168,13,1,6
18.06.2019 14:00:00,7.0,45.0,29.8,0,0.22,0,2.6,10.0,13.0,25.0,0,77.0,10.0,0,54.0,135.0,0.9,1.5,168,14,1,6
18.06.2019 15:00:00,7.0,53.0,30.0,0,0.24,0,1.9,6.0,7.9,27.0,0,73.0,8.8,0,93.0,36.0,0.9,0.8,168,15,1,6
18.06.2019 16:00:00,11.0,54.0,30.0,0,0.26,0,2.0,8.7,11.0,36.0,0,74.0,6.8,0,31.0,53.0,0.9,0.6,168,16,1,6
18.06.2019 17:00:00,14.0,58.0,30.0,0,0.23,0,2.0,7.0,9.0,32.0,0,74.0,5.4,0,27.0,16.0,1.6,1.0,168,17,1,6
18.06.2019 18:00:00,15.0,58.0,29.8,0,0.3,0,1.8,6.1,7.9,32.0,0,75.0,4.9,0,38.0,38.0,1.4,1.4,168,18,1,6
18.06.2019 19:00:00,14.0,45.0,29.2,0,0.3,0,1.9,11.0,13.0,27.0,0,79.0,4.7,0,100.0,204.0,1.7,0.1,168,19,1,6
18.06.2019 20:00:00,13.0,28.0,28.3,0,0.32,0,2.0,11.0,13.0,31.0,0,84.0,3.3,0,210.0,213.0,2.8,2.2,168,20,1,6
18.06.2019 21:00:00,14.0,24.0,27.7,0,0.28,0,1.8,9.0,11.0,29.0,0,86.0,3.4,0,210.0,204.0,2.9,2.4,168,21,1,6
18.06.2019 22:00:00,14.0,15.0,27.5,0,0.29,0,2.0,9.9,12.0,30.0,0,87.0,3.1,0,203.0,203.0,2.0,2.3,168,22,1,6
18.06.2019 23:00:00,12.0,8.2,27.9,0,0.39,0,2.8,15.0,18.0,30.0,0,86.0,3.7,0,210.0,322.0,0.5,0.8,168,23,1,6
18.06.2019 24:00:00,11.0,12.0,29.1,0,0.49,0,1.7,21.0,23.0,38.0,0,81.0,4.5,0,247.0,243.0,2.6,0.7,168,24,1,6
19.06.2019 01:00:00,7.0,22.0,29.7,0,0.32,0,0.6,12.0,13.0,21.0,0,75.0,2.6,0,219.0,196.0,0.8,1.2,169,1,2,6
19.06.2019 02:00:00,3.0,27.0,30.2,0,0.14,0,1.0,5.1,6.1,21.0,0,69.0,2.8,0,230.0,244.0,4.4,1.9,169,2,2,6
19.06.2019 03:00:00,5.0,27.0,30.9,0,0.13,0,1.1,4.5,5.6,18.0,0,64.0,2.4,0,243.0,246.0,3.4,3.4,169,3,2,6
19.06.2019 04:00:00,4.0,22.0,30.6,0,0.14,0,1.2,5.4,6.5,15.0,0,65.0,3.2,0,243.0,264.0,2.0,2.6,169,4,2,6
19.06.2019 05:00:00,5.0,22.0,30.2,0,0.14,0,1.0,6.0,7.0,19.0,0,67.0,2.5,0,234.0,225.0,2.2,2.3,169,5,2,6
19.06.2019 06:00:00,6.0,20.0,29.4,0,0.15,0,1.1,6.1,7.2,17.0,0,71.0,2.6,0,215.0,231.0,0.8,0.5,169,6,2,6
19.06.2019 07:00:00,3.0,22.0,30.5,0,0.15,0,2.2,6.4,8.5,15.0,0,66.0,2.6,0,219.0,219.0,2.5,1.5,169,7,2,6
19.06.2019 08:00:00,7.0,27.0,31.8,0,0.17,0,3.1,5.7,8.8,16.0,0,63.0,2.3,0,217.0,208.0,4.0,3.3,169,8,2,6
19.06.2019 09:00:00,8.0,33.0,32.6,0,0.16,0,2.3,5.4,7.7,14.0,0,60.0,2.3,0,207.0,211.0,3.6,3.3,169,9,2,6
19.06.2019 10:00:00,6.0,46.0,33.1,0,0.25,0,2.5,8.7,11.0,24.0,0,59.0,2.9,0,235.0,315.0,1.9,2.1,169,10,2,6
19.06.2019 11:00:00,7.0,54.0,33.6,0,0.2,0,2.3,7.6,9.9,20.0,0,58.0,2.9,0,244.0,257.0,4.3,3.0,169,11,2,6
19.06.2019 12:00:00,10.0,56.0,34.2,0,0.15,0,1.8,4.8,6.6,34.0,0,55.0,3.0,0,230.0,212.0,2.8,3.2,169,12,2,6
19.06.2019 13:00:00,8.0,57.0,34.5,0,0.14,0,1.9,4.6,6.5,25.0,0,56.0,2.8,0,187.0,226.0,3.7,1.7,169,13,2,6
19.06.2019 14:00:00,10.0,51.0,32.4,0,0.13,0,2.0,4.3,6.3,31.0,0,69.0,2.5,0,51.0,13.0,2.7,2.4,169,14,2,6
19.06.2019 15:00:00,10.0,47.0,30.3,0,0.13,0,2.5,4.4,6.9,36.0,0,80.0,2.3,0,13.0,19.0,2.8,2.3,169,15,2,6
19.06.2019 16:00:00,10.0,39.0,29.9,0,0.14,0,2.1,3.0,5.1,31.0,0,84.0,2.2,0,21.0,31.0,2.2,2.0,169,16,2,6
19.06.2019 17:00:00,11.0,44.0,29.6,0,0.14,0,1.9,4.3,6.2,36.0,0,85.0,2.1,0,20.0,30.0,1.3,1.6,169,17,2,6
19.06.2019 18:00:00,14.0,48.0,29.5,0,0.17,0,1.8,4.9,6.8,41.0,0,84.0,3.0,0,22.0,20.0,2.7,1.5,169,18,2,6
19.06.2019 19:00:00,17.0,43.0,29.6,0,0.17,0,1.7,8.8,10.0,43.0,0,85.0,3.6,0,32.0,159.0,0.7,1.4,169,19,2,6
19.06.2019 20:00:00,18.0,27.0,29.3,0,0.22,0,1.8,12.0,14.0,40.0,0,85.0,2.9,0,209.0,229.0,0.9,0.5,169,20,2,6
19.06.2019 21:00:00,12.0,17.0,28.9,0,0.25,0,1.7,12.0,14.0,36.0,0,85.0,2.8,0,198.0,46.0,0.7,0.6,169,21,2,6
19.06.2019 22:00:00,11.0,28.0,28.7,0,0.22,0,1.4,8.9,10.0,34.0,0,88.0,2.8,0,74.0,210.0,0.8,0.3,169,22,2,6
19.06.2019 23:00:00,13.0,13.0,28.2,0,0.25,0,1.4,9.9,11.0,30.0,0,88.0,3.4,0,205.0,208.0,1.4,1.0,169,23,2,6
19.06.2019 24:00:00,11.0,13.0,27.7,0,0.22,0,1.3,7.6,8.9,33.0,0,89.0,3.8,0,210.0,200.0,1.9,2.1,169,24,2,6
20.06.2019 01:00:00,9.0,13.0,27.6,0,0.2,0,1.0,6.7,7.7,26.0,0,88.0,3.3,0,203.0,205.0,2.0,1.7,170,1,3,6
20.06.2019 02:00:00,5.0,11.0,28.2,0,0.22,0,0.9,8.6,9.4,24.0,0,82.0,3.2,0,213.0,214.0,2.9,1.1,170,2,3,6
20.06.2019 03:00:00,3.0,14.0,29.0,0,0.2,0,0.4,9.0,9.5,19.0,0,76.0,3.1,0,206.0,212.0,0.7,0.8,170,3,3,6
20.06.2019 04:00:00,5.0,9.9,27.8,0,0.19,0,0.5,7.9,8.3,24.0,0,83.0,2.8,0,187.0,212.0,0.5,0.6,170,4,3,6
20.06.2019 05:00:00,5.0,9.9,27.7,0,0.2,0,0.5,7.9,8.4,19.0,0,83.0,2.6,0,199.0,197.0,1.5,0.7,170,5,3,6
20.06.2019 06:00:00,3.0,9.1,27.4,0,0.2,0,1.0,7.1,8.0,16.0,0,82.0,2.4,0,203.0,197.0,0.9,1.5,170,6,3,6
20.06.2019 07:00:00,5.0,7.4,28.3,0,0.32,0,6.8,9.9,17.0,19.0,0,79.0,2.8,0,186.0,204.0,1.7,0.6,170,7,3,6
20.06.2019 08:00:00,9.0,16.0,30.0,0,0.27,0,6.3,9.4,16.0,32.0,0,77.0,3.7,0,340.0,328.0,2.7,1.2,170,8,3,6
20.06.2019 09:00:00,7.0,23.0,31.0,0,0.21,0,4.2,8.4,13.0,23.0,0,71.0,4.0,0,300.0,246.0,3.7,1.5,170,9,3,6
20.06.2019 10:00:00,6.0,35.0,32.0,0,0.23,0,3.8,11.0,14.0,31.0,0,67.0,3.7,0,245.0,5.6,1.4,1.5,170,10,3,6
20.06.2019 11:00:00,11.0,52.0,31.0,0,0.21,0,3.0,9.9,13.0,29.0,0,75.0,4.5,0,27.0,34.0,2.2,1.5,170,11,3,6
20.06.2019 12:00:00,18.0,74.0,30.7,0,0.2,0,1.9,6.3,8.1,45.0,0,77.0,4.3,0,52.0,58.0,3.2,2.9,170,12,3,6
20.06.2019 13:00:00,17.0,56.0,30.5,0,0.18,0,2.0,4.2,6.2,33.0,0,79.0,2.6,0,64.0,62.0,3.1,2.6,170,13,3,6
20.06.2019 14:00:00,11.0,33.0,30.7,0,0.11,0,2.1,3.0,5.1,29.0,0,80.0,2.1,0,54.0,50.0,3.8,3.2,170,14,3,6
20.06.2019 15:00:00,10.0,29.0,30.8,0,0.09,0,2.1,3.4,5.5,28.0,0,80.0,2.0,0,35.0,32.0,2.8,2.3,170,15,3,6
20.06.2019 16:00:00,13.0,30.0,30.5,0,0.11,0,2.4,3.7,6.1,30.0,0,82.0,2.1,0,18.0,15.0,2.4,2.2,170,16,3,6
20.06.2019 17:00:00,14.0,31.0,30.2,0,0.09,0,1.9,2.7,4.6,28.0,0,84.0,1.7,0,19.0,22.0,1.8,2.1,170,17,3,6
20.06.2019 18:00:00,11.0,32.0,29.9,0,0.14,0,2.2,4.8,7.1,27.0,0,84.0,2.0,0,1.4,340.0,2.0,1.8,170,18,3,6
20.06.2019 19:00:00,7.0,34.0,29.9,0,0.14,0,2.0,5.7,7.7,30.0,0,80.0,2.2,0,342.0,246.0,0.5,1.0,170,19,3,6
20.06.2019 20:00:00,9.0,24.0,29.3,0,0.2,0,1.7,6.8,8.5,35.0,0,83.0,2.1,0,214.0,215.0,2.0,1.5,170,20,3,6
20.06.2019 21:00:00,13.0,21.0,28.7,0,0.16,0,1.6,5.3,6.9,31.0,0,86.0,2.0,0,218.0,211.0,2.8,2.1,170,21,3,6
20.06.2019 22:00:00,11.0,14.0,28.0,0,0.17,0,1.4,6.3,7.7,26.0,0,87.0,2.1,0,210.0,214.0,3.0,2.9,170,22,3,6
20.06.2019 23:00:00,7.0,15.0,28.2,0,0.19,0,1.3,7.8,9.1,24.0,0,85.0,2.2,0,217.0,219.0,3.5,3.0,170,23,3,6
20.06.2019 24:00:00,4.0,12.0,27.4,0,0.18,0,1.0,6.8,7.7,27.0,0,86.0,2.1,0,214.0,214.0,3.7,4.0,170,24,3,6
21.06.2019 01:00:00,6.0,11.0,27.1,0,0.19,0,0.8,6.3,7.1,21.0,0,86.0,2.5,0,216.0,209.0,2.5,2.9,171,1,4,6
21.06.2019 02:00:00,7.0,9.8,26.8,0,0.21,0,1.1,6.3,7.4,15.0,0,85.0,2.9,0,219.0,226.0,2.9,2.7,171,2,4,6
21.06.2019 03:00:00,3.0,9.1,26.7,0,0.21,0,1.0,6.5,7.5,23.0,0,85.0,3.0,0,218.0,220.0,3.1,3.3,171,3,4,6
21.06.2019 04:00:00,2.0,9.0,26.4,0,0.21,0,0.9,6.3,7.2,26.0,0,86.0,2.7,0,218.0,213.0,3.7,3.2,171,4,4,6
21.06.2019 05:00:00,5.0,8.6,26.5,0,0.22,0,0.8,6.2,7.0,25.0,0,86.0,2.8,0,208.0,210.0,2.1,2.3,171,5,4,6
21.06.2019 06:00:00,7.0,15.0,28.0,0,0.21,0,1.2,6.3,7.5,17.0,0,76.0,2.7,0,163.0,97.0,2.9,1.0,171,6,4,6
21.06.2019 07:00:00,7.0,18.0,30.4,0,0.13,0,1.7,2.8,4.5,17.0,0,60.0,2.8,0,190.0,227.0,4.5,1.7,171,7,4,6
21.06.2019 08:00:00,4.0,21.0,31.4,0,0.13,0,2.0,2.9,4.9,12.0,0,56.0,2.6,0,228.0,230.0,6.3,4.2,171,8,4,6
21.06.2019 09:00:00,5.0,25.0,32.5,0,0.2,0,3.4,5.5,8.9,21.0,0,53.0,2.6,0,236.0,273.0,3.3,4.1,171,9,4,6
21.06.2019 10:00:00,7.0,36.0,33.7,0,0.23,0,3.6,7.5,11.0,16.0,0,51.0,2.8,0,233.0,243.0,4.5,2.9,171,10,4,6
21.06.2019 11:00:00,6.0,48.0,33.8,0,0.17,0,2.4,5.6,8.0,26.0,0,52.0,2.8,0,243.0,243.0,6.3,4.5,171,11,4,6
21.06.2019 12:00:00,7.0,59.0,35.0,0,0.16,0,2.2,5.2,7.4,27.0,0,49.0,2.8,0,247.0,255.0,4.5,4.0,171,12,4,6
21.06.2019 13:00:00,8.833,68.0,35.4,0,0.17,0,2.0,4.9,6.9,29.0,0,50.0,3.0,0,242.0,223.0,4.4,3.7,171,13,4,6
21.06.2019 14:00:00,8.833,64.0,34.7,0,0.15,0,2.0,4.1,6.1,31.0,0,55.0,2.9,0,225.0,72.0,4.1,1.1,171,14,4,6
21.06.2019 15:00:00,15.0,62.0,32.4,0,0.16,0,2.1,3.2,5.2,35.0,0,68.0,2.9,0,54.0,2.4,1.7,3.0,171,15,4,6
21.06.2019 16:00:00,11.0,54.0,32.2,0,0.17,0,2.6,7.2,9.8,32.0,0,69.0,3.4,0,337.0,332.0,2.6,1.9,171,16,4,6
21.06.2019 17:00:00,13.0,50.0,31.2,0,0.18,0,2.7,6.6,9.3,41.0,0,73.0,2.9,0,3.4,53.0,2.3,2.1,171,17,4,6
21.06.2019 18:00:00,15.0,53.0,31.2,0,0.2,0,2.3,6.6,8.9,43.0,0,74.0,3.3,0,33.0,15.0,1.7,1.7,171,18,4,6
21.06.2019 19:00:00,15.0,49.0,30.5,0,0.18,0,2.1,8.0,10.0,50.0,0,79.0,4.0,0,37.0,77.0,1.2,1.7,171,19,4,6
21.06.2019 20:00:00,17.0,33.0,29.8,0,0.27,0,2.2,11.0,13.0,36.0,0,81.0,3.3,0,179.0,226.0,1.5,0.5,171,20,4,6
21.06.2019 21:00:00,16.0,20.0,29.2,0,0.29,0,2.0,12.0,14.0,37.0,0,83.0,2.6,0,206.0,228.0,0.8,0.7,171,21,4,6
21.06.2019 22:00:00,15.0,9.8,28.8,0,0.35,0,2.7,14.0,17.0,37.0,0,83.0,2.9,0,202.0,27.0,1.1,0.6,171,22,4,6
21.06.2019 23:00:00,15.0,19.0,28.3,0,0.23,0,1.2,8.5,9.7,32.0,0,83.0,3.1,0,213.0,220.0,2.6,2.3,171,23,4,6
21.06.2019 24:00:00,15.0,20.0,28.8,0,0.23,0,1.4,8.8,10.0,34.0,0,81.0,3.2,0,201.0,332.0,0.7,0.7,171,24,4,6
22.06.2019 01:00:00,13.0,15.0,29.4,0,0.25,0,1.4,11.0,13.0,29.0,0,77.0,3.6,0,277.0,244.0,2.0,0.4,172,1,5,6
22.06.2019 02:00:00,11.0,15.0,30.2,0,0.2,0,1.1,8.2,9.3,22.0,0,69.0,3.2,0,230.0,224.0,4.0,3.6,172,2,5,6
22.06.2019 03:00:00,9.0,16.0,30.3,0,0.18,0,0.8,7.1,7.9,20.0,0,65.0,2.7,0,234.0,229.0,2.7,2.2,172,3,5,6
22.06.2019 04:00:00,10.0,16.0,30.2,0,0.16,0,1.2,6.0,7.2,19.0,0,65.0,2.7,0,260.0,341.0,0.7,0.6,172,4,5,6
22.06.2019 05:00:00,7.0,15.0,30.1,0,0.15,0,1.1,5.9,7.0,17.0,0,63.0,2.5,0,297.0,291.0,0.9,0.3,172,5,5,6
22.06.2019 06:00:00,5.0,18.0,30.6,0,0.12,0,1.1,4.4,5.4,17.0,0,58.0,2.3,0,223.0,222.0,2.3,1.5,172,6,5,6
22.06.2019 07:00:00,3.0,20.0,30.9,0,0.11,0,1.3,3.7,5.0,15.0,0,58.0,2.0,0,225.0,236.0,4.1,2.9,172,7,5,6
22.06.2019 08:00:00,4.0,18.0,30.7,0,0.14,0,1.6,4.9,6.4,14.0,0,60.0,2.3,0,234.0,139.0,1.2,1.8,172,8,5,6
22.06.2019 09:00:00,5.0,18.0,30.8,0,0.16,0,1.8,5.8,7.6,27.0,0,61.0,2.1,0,220.0,217.0,3.1,1.6,172,9,5,6
22.06.2019 10:00:00,5.0,21.0,30.9,0,0.16,0,1.7,5.8,7.5,50.0,0,61.0,2.0,0,217.0,220.0,5.2,3.9,172,10,5,6
22.06.2019 11:00:00,6.0,24.0,30.8,0,0.15,0,1.8,4.9,6.7,75.0,0,63.0,2.3,0,235.0,233.0,4.7,4.2,172,11,5,6
22.06.2019 12:00:00,7.0,27.0,31.1,0,0.16,0,1.9,5.4,7.3,35.0,0,62.0,2.3,0,207.0,192.0,5.2,4.1,172,12,5,6
22.06.2019 13:00:00,4.0,27.0,30.9,0,0.19,0,2.0,6.8,8.9,21.0,0,64.0,2.3,0,189.0,177.0,3.0,3.9,172,13,5,6
22.06.2019 14:00:00,4.0,19.0,30.6,0,0.26,0,3.5,13.0,16.0,34.0,0,67.0,2.2,0,121.0,102.0,1.2,0.3,172,14,5,6
22.06.2019 15:00:00,7.0,19.0,30.0,0,0.31,0,4.0,16.0,20.0,31.0,0,72.0,5.2,0,0.2,352.0,3.0,0.8,172,15,5,6
22.06.2019 16:00:00,7.0,31.0,28.2,0,0.16,0,2.0,5.9,7.9,31.0,0,83.0,2.3,0,339.0,330.0,4.4,4.5,172,16,5,6
22.06.2019 17:00:00,3.0,37.0,27.7,0,0.15,0,2.1,3.4,5.5,21.0,0,82.0,2.0,0,322.0,316.0,3.4,3.9,172,17,5,6
22.06.2019 18:00:00,2.0,39.0,27.6,0,0.15,0,1.8,3.1,4.9,5.0,0,81.0,1.9,0,328.0,347.0,2.3,3.1,172,18,5,6
22.06.2019 19:00:00,2.0,41.0,27.6,0,0.15,0,1.6,3.8,5.4,7.0,0,80.0,1.9,0,322.0,260.0,1.0,1.2,172,19,5,6
22.06.2019 20:00:00,6.0,25.0,27.3,0,0.23,0,1.9,10.0,12.0,17.0,0,83.0,1.9,0,212.0,195.0,1.8,1.3,172,20,5,6
22.06.2019 21:00:00,9.0,17.0,27.1,0,0.27,0,2.0,12.0,14.0,19.0,0,85.0,2.0,0,172.0,191.0,0.8,0.9,172,21,5,6
22.06.2019 22:00:00,9.0,10.0,26.9,0,0.34,0,2.9,15.0,17.0,27.0,1.0,88.0,2.1,0,240.0,196.0,1.1,0.2,172,22,5,6
22.06.2019 23:00:00,7.0,12.0,26.6,0,0.27,0,2.0,12.0,14.0,19.0,1.0,91.0,2.4,0,223.0,202.0,0.7,0.6,172,23,5,6
22.06.2019 24:00:00,4.0,12.0,26.7,0,0.25,0,1.0,10.0,11.0,24.0,1.8,92.0,2.2,0,185.0,132.0,0.6,0.3,172,24,5,6
23.06.2019 01:00:00,4.0,9.6,26.6,0,0.27,0,1.2,12.0,13.0,21.0,1.2,93.0,1.6,0,237.0,260.0,0.5,0.2,173,1,6,6
23.06.2019 02:00:00,5.0,7.5,26.6,0,0.25,0,1.7,9.6,11.0,17.0,0.4,93.0,2.9,0,213.0,253.0,1.2,1.1,173,2,6,6
23.06.2019 03:00:00,7.0,6.0,26.6,0,0.25,0,1.3,9.8,11.0,24.0,0,94.0,2.7,0,211.0,9.1,1.0,0.7,173,3,6,6
23.06.2019 04:00:00,9.0,8.7,26.8,0,0.22,0,1.2,9.0,10.0,21.0,0.2,91.0,2.8,0,296.0,202.0,0.8,1.0,173,4,6,6
23.06.2019 05:00:00,8.0,5.8,26.8,0,0.26,0,1.5,9.7,11.0,25.0,0,92.0,2.8,0,211.0,227.0,1.7,1.3,173,5,6,6
23.06.2019 06:00:00,7.0,5.8,26.4,0,0.24,0,1.9,8.5,10.0,27.0,0,93.0,2.7,0,216.0,216.0,2.5,2.1,173,6,6,6
23.06.2019 07:00:00,8.0,6.7,26.6,0,0.22,0,2.8,7.0,9.9,20.0,1.0,91.0,2.6,0,218.0,157.0,1.0,1.9,173,7,6,6
23.06.2019 08:00:00,7.0,12.0,27.2,0,0.23,0,2.4,8.8,11.0,12.0,1.8,87.0,2.8,0,194.0,209.0,4.8,4.5,173,8,6,6
23.06.2019 09:00:00,3.0,26.0,26.9,0,0.16,0,2.3,5.9,8.2,10.0,0,83.0,2.6,0,224.0,237.0,3.8,3.2,173,9,6,6
23.06.2019 10:00:00,2.0,25.0,27.0,0,0.18,0,3.1,6.8,9.9,13.0,0,82.0,2.5,0,140.0,125.0,1.7,0.7,173,10,6,6
23.06.2019 11:00:00,2.0,21.0,27.5,0,0.17,0,3.2,6.2,9.4,10.0,0.4,83.0,2.3,0,150.0,343.0,1.3,0.7,173,11,6,6
23.06.2019 12:00:00,4.0,23.0,27.9,0,0.15,0,3.2,5.1,8.2,9.0,0,80.0,2.2,0,218.0,218.0,3.2,1.4,173,12,6,6
23.06.2019 13:00:00,4.0,20.0,27.9,0,0.15,0,3.4,6.0,9.5,16.0,0.6,80.0,2.2,0,220.0,245.0,2.7,1.7,173,13,6,6
23.06.2019 14:00:00,2.0,33.0,27.1,0,0.13,0,2.4,3.1,5.5,21.0,0,85.0,2.0,0,341.0,359.0,2.1,1.8,173,14,6,6
23.06.2019 15:00:00,2.0,37.0,26.3,0,0.16,0,3.0,4.4,7.3,13.0,3.8,89.0,1.7,0,329.0,322.0,3.1,2.5,173,15,6,6
23.06.2019 16:00:00,2.0,38.0,25.9,0,0.15,0,2.9,4.7,7.6,18.0,2.8,91.0,1.9,0,343.0,349.0,2.7,2.6,173,16,6,6
23.06.2019 17:00:00,3.0,39.0,25.8,0,0.16,0,2.6,5.2,7.8,13.0,0.2,92.0,2.0,0,356.0,4.7,4.6,2.2,173,17,6,6
23.06.2019 18:00:00,7.0,46.0,25.3,0,0.15,0,2.6,3.2,5.9,24.0,35.0,93.0,1.8,0,12.0,36.0,4.7,4.2,173,18,6,6
23.06.2019 19:00:00,5.0,50.0,25.1,0,0.15,0,2.6,2.4,5.0,51.0,13.0,94.0,1.7,0,36.0,12.0,2.0,3.9,173,19,6,6
23.06.2019 20:00:00,2.0,46.0,25.2,0,0.16,0,2.6,4.3,6.9,24.0,3.6,93.0,1.9,0,22.0,32.0,3.7,2.0,173,20,6,6
23.06.2019 21:00:00,4.0,51.0,25.6,0,0.15,0,2.4,2.6,5.0,55.0,0.6,92.0,1.8,0,43.0,43.0,4.1,3.1,173,21,6,6
23.06.2019 22:00:00,2.0,58.0,25.5,0,0.0,0,2.3,1.9,4.2,37.0,1.4,92.0,1.6,0,46.0,47.0,4.0,4.3,173,22,6,6
23.06.2019 23:00:00,2.0,59.0,25.3,0,0.14,0,2.3,1.8,4.1,20.0,1.6,92.0,1.6,0,57.0,46.0,1.9,2.9,173,23,6,6
23.06.2019 24:00:00,2.0,57.0,25.2,0,0.15,0,2.5,2.4,4.9,23.0,1.0,92.0,1.5,0,61.0,46.0,2.5,1.6,173,24,6,6
24.06.2019 01:00:00,2.0,58.0,25.4,0,0.14,0,2.5,2.0,4.4,29.0,0.4,90.0,3.1,0,45.0,52.0,3.7,2.6,174,1,0,6
24.06.2019 02:00:00,3.0,60.0,25.3,0,0.15,0,0.6,1.0,1.6,14.0,3.0,91.0,2.1,0,77.0,120.0,1.2,1.6,174,2,0,6
24.06.2019 03:00:00,4.0,61.0,24.9,0,0.15,0,0.6,0.8,1.4,26.0,3.6,92.0,2.0,0,49.0,52.0,5.4,3.8,174,3,0,6
24.06.2019 04:00:00,2.0,57.0,24.6,0,0.15,0,0.6,0.7,1.2,20.0,3.4,92.0,2.1,0,53.0,50.0,4.6,3.6,174,4,0,6
24.06.2019 05:00:00,4.0,55.0,24.3,0,0.15,0,0.6,0.5,1.1,24.0,2.2,93.0,1.9,0,43.0,35.0,3.3,3.7,174,5,0,6
24.06.2019 06:00:00,7.0,52.0,24.4,0,0.16,0,0.9,0.9,1.7,32.0,1.4,92.0,1.8,0,24.0,39.0,2.7,2.5,174,6,0,6
24.06.2019 07:00:00,6.0,49.0,24.6,0,0.17,0,0.9,2.4,3.3,29.0,11.0,92.0,2.0,0,50.0,49.0,5.0,2.5,174,7,0,6
24.06.2019 08:00:00,6.0,48.0,24.7,0,0.16,0,0.7,2.1,2.8,29.0,0.6,93.0,2.1,0,47.0,42.0,3.6,4.5,174,8,0,6
24.06.2019 09:00:00,5.0,49.0,25.0,0,0.17,0,0.8,1.9,2.7,22.0,1.2,92.0,1.9,0,43.0,48.0,4.3,4.0,174,9,0,6
24.06.2019 10:00:00,2.0,45.0,24.9,0,0.17,0,1.4,5.3,6.6,21.0,7.8,93.0,1.8,0,22.0,21.0,3.5,2.7,174,10,0,6
24.06.2019 11:00:00,2.0,46.0,24.8,0,0.17,0,1.1,4.4,5.5,23.0,3.2,93.0,2.0,0,17.0,31.0,2.2,2.3,174,11,0,6
24.06.2019 12:00:00,3.0,47.0,25.0,0,0.16,0,0.8,2.9,3.7,12.0,0.8,92.0,2.2,0,55.0,69.0,2.3,2.2,174,12,0,6
24.06.2019 13:00:00,2.0,43.0,25.2,0,0.19,0,1.2,5.0,6.2,14.0,1.6,91.0,1.9,0,107.0,134.0,0.9,0.6,174,13,0,6
24.06.2019 14:00:00,2.0,43.0,25.5,0,0.19,0,1.7,6.3,8.0,15.0,0,90.0,2.1,0,50.0,20.0,0.8,0.8,174,14,0,6
24.06.2019 15:00:00,2.0,40.0,25.4,0,0.19,0,1.2,6.7,7.9,19.0,1.2,91.0,2.2,0,1.0,27.0,2.2,1.1,174,15,0,6
24.06.2019 16:00:00,4.0,44.0,24.9,0,0.17,0,0.9,4.4,5.3,12.0,2.0,94.0,2.2,0,36.0,46.0,2.7,2.5,174,16,0,6
24.06.2019 17:00:00,7.0,42.0,25.0,0,0.2,0,1.2,5.3,6.5,18.0,0,93.0,2.0,0,71.0,89.0,0.6,1.0,174,17,0,6
24.06.2019 18:00:00,5.0,39.0,25.3,0,0.22,0,1.0,6.0,7.0,11.0,0,91.0,2.1,0,349.0,21.0,3.6,0.5,174,18,0,6
24.06.2019 19:00:00,3.0,42.0,25.5,0,0.19,0,1.0,5.5,6.5,23.0,0,91.0,2.0,0,31.0,219.0,1.0,1.7,174,19,0,6
24.06.2019 20:00:00,4.0,27.0,25.3,0,0.25,0,1.2,9.7,11.0,18.0,0,93.0,2.1,0,214.0,158.0,0.8,0.8,174,20,0,6
24.06.2019 21:00:00,4.0,26.0,25.2,0,0.23,0,1.2,8.2,9.4,21.0,0,92.0,2.1,0,219.0,218.0,1.2,0.9,174,21,0,6
24.06.2019 22:00:00,6.0,26.0,25.3,0,0.22,0,0.9,5.7,6.6,22.0,0,92.0,2.4,0,207.0,210.0,1.3,1.4,174,22,0,6
24.06.2019 23:00:00,3.0,23.0,25.2,0,0.19,0,0.4,4.5,4.9,23.0,0,93.0,2.5,0,188.0,187.0,1.4,1.4,174,23,0,6
24.06.2019 24:00:00,3.0,25.0,25.1,0,0.18,0,0.3,4.2,4.5,22.0,0,92.0,2.2,0,204.0,214.0,2.1,1.4,174,24,0,6
25.06.2019 01:00:00,4.0,22.0,24.9,0,0.17,0,0.3,3.1,3.4,17.0,0,93.0,2.2,0,204.0,208.0,2.0,1.9,175,1,1,6
25.06.2019 02:00:00,3.0,21.0,24.8,0,0.16,0,0.9,2.0,2.8,23.0,0,94.0,2.6,0,196.0,177.0,2.0,2.0,175,2,1,6
25.06.2019 03:00:00,2.0,21.0,24.6,0,0.16,0,0.8,2.0,2.9,26.0,0,94.0,2.7,0,211.0,214.0,2.6,2.5,175,3,1,6
25.06.2019 04:00:00,2.0,18.0,24.5,0,0.16,0,0.3,2.4,2.6,25.0,0,94.0,2.7,0,212.0,210.0,2.7,2.8,175,4,1,6
25.06.2019 05:00:00,2.0,15.0,24.3,0,0.16,0,0.3,2.1,2.4,29.0,0,94.0,2.5,0,213.0,214.0,3.6,3.1,175,5,1,6
25.06.2019 06:00:00,3.0,18.0,24.1,0,0.15,0,0.5,1.9,2.5,27.0,0,93.0,2.5,0,214.0,215.0,3.3,3.3,175,6,1,6
25.06.2019 07:00:00,5.0,14.0,24.4,0,0.19,0,1.9,3.4,5.3,27.0,0,92.0,2.6,0,213.0,213.0,2.7,3.1,175,7,1,6
25.06.2019 08:00:00,4.0,22.0,26.1,0,0.22,0,2.8,5.4,8.2,14.0,0,86.0,3.2,0,181.0,61.0,2.0,1.0,175,8,1,6
25.06.2019 09:00:00,5.0,24.0,27.3,0,0.25,0,6.1,15.0,21.0,44.0,0,83.0,3.5,0,69.0,57.0,1.9,1.2,175,9,1,6
25.06.2019 10:00:00,7.0,26.0,27.9,0,0.23,0,7.8,15.0,23.0,32.0,0,80.0,4.6,0,47.0,47.0,2.2,1.9,175,10,1,6
25.06.2019 11:00:00,8.0,40.0,29.1,0,0.18,0,2.7,6.9,9.6,39.0,0,78.0,3.3,0,26.0,47.0,2.3,1.7,175,11,1,6
25.06.2019 12:00:00,7.0,44.0,30.2,0,0.15,0,2.4,4.1,6.5,19.0,0,75.0,2.8,0,71.0,70.0,3.8,3.5,175,12,1,6
25.06.2019 13:00:00,2.0,40.0,31.7,0,0.14,0,2.2,3.8,6.0,16.0,0,67.0,2.7,0,81.0,82.0,4.8,3.5,175,13,1,6
25.06.2019 14:00:00,2.0,39.0,32.8,0,0.13,0,1.1,2.6,3.7,13.0,0,59.0,2.7,0,117.0,87.0,5.1,3.9,175,14,1,6
25.06.2019 15:00:00,2.0,39.0,31.6,0,0.13,0,0.9,2.0,2.9,14.0,0,63.0,2.1,0,126.0,136.0,2.7,3.0,175,15,1,6
25.06.2019 16:00:00,2.0,37.0,30.8,0,0.13,0,1.0,2.2,3.1,11.0,0,66.0,1.9,0,135.0,153.0,3.2,2.0,175,16,1,6
25.06.2019 17:00:00,3.0,22.0,27.8,0,0.19,0,1.4,7.2,8.6,16.0,1.6,85.0,1.9,0,218.0,234.0,1.9,2.0,175,17,1,6
25.06.2019 18:00:00,7.0,24.0,26.6,0,0.21,0,1.2,8.2,9.3,17.0,3.6,90.0,2.2,0,221.0,215.0,2.1,1.7,175,18,1,6
25.06.2019 19:00:00,4.0,30.0,25.5,0,0.17,0,1.2,6.5,7.8,13.0,5.6,89.0,2.3,0,216.0,228.0,2.7,2.8,175,19,1,6
25.06.2019 20:00:00,2.0,35.0,25.0,0,0.18,0,1.1,5.4,6.5,12.0,4.4,91.0,1.9,0,220.0,215.0,2.0,1.9,175,20,1,6
25.06.2019 21:00:00,2.0,31.0,25.0,0,0.2,0,1.2,6.2,7.4,19.0,0.2,91.0,2.1,0,218.0,229.0,2.3,3.0,175,21,1,6
25.06.2019 22:00:00,2.0,26.0,25.3,0,0.21,0,0.8,7.7,8.5,17.0,0,90.0,2.0,0,228.0,220.0,1.0,0.9,175,22,1,6
25.06.2019 23:00:00,2.0,18.0,25.0,0,0.2,0,0.9,6.6,7.5,21.0,0.2,93.0,2.1,0,213.0,215.0,3.7,2.6,175,23,1,6
25.06.2019 24:00:00,2.0,18.0,24.7,0,0.14,0,0.5,2.5,3.0,22.0,0,93.0,2.4,0,217.0,213.0,3.6,2.8,175,24,1,6
26.06.2019 01:00:00,2.0,17.0,24.6,0,0.12,0,0.5,1.3,1.8,19.0,0,93.0,3.2,0,215.0,218.0,3.5,3.4,176,1,2,6
26.06.2019 02:00:00,2.0,17.0,24.6,0,0.1,0,1.5,0.3,1.8,25.0,0,92.0,2.1,0,219.0,218.0,2.8,2.8,176,2,2,6
26.06.2019 03:00:00,2.0,16.0,24.5,0,0.1,0,1.4,0.4,1.8,29.0,0,91.0,2.0,0,217.0,220.0,2.7,3.4,176,3,2,6
26.06.2019 04:00:00,2.0,15.0,24.5,0,0.11,0,1.4,0.6,2.0,27.0,0,90.0,1.9,0,216.0,221.0,3.5,3.0,176,4,2,6
26.06.2019 05:00:00,2.0,13.0,24.6,0,0.13,0,1.5,1.6,3.1,24.0,0,90.0,2.2,0,215.0,217.0,3.0,3.2,176,5,2,6
26.06.2019 06:00:00,2.0,11.0,24.8,0,0.16,0,1.5,2.9,4.4,26.0,0,90.0,1.9,0,214.0,220.0,2.6,3.0,176,6,2,6
26.06.2019 07:00:00,5.0,11.0,25.6,0,0.24,0,4.4,5.1,9.4,23.0,0,88.0,2.4,0,214.0,220.0,1.9,2.4,176,7,2,6
26.06.2019 08:00:00,5.0,17.0,27.8,0,0.29,0,6.4,6.6,13.0,17.0,0,79.0,2.7,0,95.0,46.0,1.9,0.5,176,8,2,6
26.06.2019 09:00:00,7.0,28.0,28.6,0,0.24,0,5.3,9.2,14.0,25.0,0,77.0,3.7,0,78.0,106.0,1.9,3.1,176,9,2,6
26.06.2019 10:00:00,5.0,31.0,28.2,0,0.13,0,2.9,4.3,7.2,15.0,0,82.0,2.9,0,72.0,52.0,2.4,2.8,176,10,2,6
26.06.2019 11:00:00,3.5,33.958,28.5,0,0.0,0,2.166,9.326,11.626,21.889,6.152,82.0,2.378,0,44.0,47.0,2.8,2.0,176,11,2,6
26.06.2019 12:00:00,7.0,34.0,29.1,0,0.09,0,2.166,9.321,11.621,22.058,6.157,79.0,2.9,0,44.0,20.0,2.1,2.4,176,12,2,6
26.06.2019 13:00:00,5.0,36.0,29.3,0,0.1,0,2.165,9.315,11.616,22.242,0,77.0,2.6,0,42.0,50.0,3.3,3.1,176,13,2,6
26.06.2019 14:00:00,2.0,34.0,29.0,0,0.11,0,2.7,4.3,6.9,22.328,0,77.0,1.9,0,20.0,6.7,3.2,2.2,176,14,2,6
26.06.2019 15:00:00,6.0,54.0,29.2,0,0.18,0,1.3,4.0,5.3,22.345,0.2,76.0,2.2,0,19.0,92.0,1.4,2.7,176,15,2,6
26.06.2019 16:00:00,11.0,55.0,28.7,0,0.19,0,1.5,5.8,7.3,22.473,0,79.0,2.5,0,13.0,58.0,2.2,2.7,176,16,2,6
26.06.2019 17:00:00,8.0,58.0,28.4,0,0.18,0,1.4,5.5,6.9,22.531,0,77.0,2.5,0,50.0,24.0,1.7,1.7,176,17,2,6
26.06.2019 18:00:00,10.0,51.0,28.1,0,0.2,0,1.1,7.6,8.7,22.659,0,80.0,2.9,0,12.0,360.0,2.3,1.8,176,18,2,6
26.06.2019 19:00:00,11.0,52.0,27.0,0,0.16,0,0.9,4.5,5.4,22.634,1.2,86.0,2.2,0,319.0,313.0,1.9,1.7,176,19,2,6
26.06.2019 20:00:00,11.0,48.0,26.3,0,0.19,0,1.0,5.2,6.1,22.234,4.2,91.0,1.7,0,225.0,217.0,3.2,1.3,176,20,2,6
26.06.2019 21:00:00,12.0,43.0,25.8,0,0.19,0,0.8,4.4,5.1,22.209,14.0,94.0,1.8,0,218.0,219.0,2.4,2.6,176,21,2,6
26.06.2019 22:00:00,11.0,41.0,25.4,0,0.16,0,0.7,3.7,4.4,21.754,7.8,95.0,1.7,0,216.0,206.0,3.0,2.3,176,22,2,6
26.06.2019 23:00:00,12.0,36.0,25.4,0,0.14,0,0.6,2.2,2.8,21.549,0,94.0,1.7,0,214.0,207.0,3.1,2.7,176,23,2,6
26.06.2019 24:00:00,10.0,25.0,25.4,0,0.12,0,0.7,1.6,2.3,21.579,0,93.0,1.5,0,212.0,221.0,1.0,2.2,176,24,2,6
27.06.2019 01:00:00,5.0,20.0,25.4,0,0.12,0,0.3,1.9,2.1,21.568,0,93.0,1.5,0,214.0,216.0,2.2,1.7,177,1,3,6
27.06.2019 02:00:00,6.0,20.0,25.4,0,0.14,0,0.2,1.6,1.8,21.466,0,92.0,1.4,0,218.0,215.0,3.8,2.8,177,2,3,6
27.06.2019 03:00:00,7.0,16.0,25.4,0,0.14,0,0.5,1.4,1.9,21.572,0,93.0,1.1,0,213.0,197.0,1.2,1.6,177,3,3,6
27.06.2019 04:00:00,8.0,14.0,25.4,0,0.17,0,0.2,2.0,2.2,21.511,0,93.0,1.4,0,210.0,203.0,2.3,2.1,177,4,3,6
27.06.2019 05:00:00,7.0,11.0,25.4,0,0.2,0,0.5,3.2,3.7,21.534,0,93.0,1.2,0,209.0,212.0,2.3,2.0,177,5,3,6
27.06.2019 06:00:00,6.0,10.0,25.6,0,0.25,0,1.0,6.1,7.0,21.501,0,92.0,1.5,0,215.0,216.0,3.0,2.7,177,6,3,6
27.06.2019 07:00:00,8.0,11.0,26.5,0,0.3,0,3.9,6.2,10.0,21.357,0,90.0,1.8,0,206.0,178.0,0.9,2.0,177,7,3,6
27.06.2019 08:00:00,9.0,19.0,28.3,0,0.32,0,5.1,8.9,14.0,21.255,0,82.0,3.4,0,25.0,7.6,1.7,0.9,177,8,3,6
27.06.2019 09:00:00,11.0,22.0,29.2,0,0.34,0,4.3,11.0,16.0,21.153,0,80.0,2.8,0,36.0,355.0,1.3,0.9,177,9,3,6
27.06.2019 10:00:00,15.0,35.0,30.0,0,0.35,0,3.8,12.0,15.0,21.148,0,76.0,3.3,0,265.0,214.0,3.2,0.3,177,10,3,6
27.06.2019 11:00:00,17.0,54.0,31.1,0,0.26,0,2.2,7.8,9.9,21.156,0,71.0,2.6,0,87.0,59.0,4.7,1.6,177,11,3,6
27.06.2019 12:00:00,16.0,62.0,29.9,0,0.25,0,1.7,4.6,6.3,21.137,0,78.0,8.9,0,53.0,39.0,2.6,2.9,177,12,3,6
27.06.2019 13:00:00,15.0,64.0,29.4,0,0.25,0,1.6,5.9,7.5,21.271,0,82.0,16.0,0,23.0,20.0,2.8,3.1,177,13,3,6
27.06.2019 14:00:00,16.0,66.0,29.4,0,0.23,0,1.6,5.3,6.9,21.377,0,82.0,12.0,0,39.0,59.0,3.1,2.6,177,14,3,6
27.06.2019 15:00:00,16.0,57.0,28.8,0,0.2,0,1.2,7.3,8.5,21.469,5.6,85.0,5.6,0,138.0,217.0,2.4,1.4,177,15,3,6
27.06.2019 16:00:00,15.0,43.0,27.9,0,0.22,0,1.5,9.1,11.0,21.506,6.0,91.0,3.5,0,211.0,205.0,1.4,1.3,177,16,3,6
27.06.2019 17:00:00,11.0,35.0,28.5,0,0.21,0,1.9,6.6,8.5,21.64,0,85.0,2.7,0,202.0,229.0,1.4,1.3,177,17,3,6
27.06.2019 18:00:00,7.0,31.0,29.2,0,0.19,0,1.3,4.5,5.8,21.69,0,80.0,2.8,0,205.0,165.0,0.6,0.7,177,18,3,6
27.06.2019 19:00:00,9.0,15.0,28.2,0,0.25,0,1.5,7.7,9.2,21.838,0,87.0,2.4,0,211.0,214.0,2.5,1.8,177,19,3,6
27.06.2019 20:00:00,9.0,14.0,27.3,0,0.18,0,1.1,3.9,5.0,21.819,0,89.0,1.5,0,217.0,220.0,2.9,2.9,177,20,3,6
27.06.2019 21:00:00,6.0,13.0,27.0,0,0.17,0,0.9,3.8,4.7,21.87,0,88.0,1.2,0,216.0,215.0,3.4,2.6,177,21,3,6
27.06.2019 22:00:00,7.0,16.0,26.8,0,0.16,0,0.5,2.9,3.4,21.878,0,88.0,1.2,0,214.0,212.0,2.7,2.9,177,22,3,6
27.06.2019 23:00:00,10.0,16.0,26.5,0,0.15,0,0.7,2.3,3.0,21.873,0,88.0,1.1,0,215.0,217.0,2.6,2.9,177,23,3,6
27.06.2019 24:00:00,9.0,15.0,26.5,0,0.14,0,0.7,2.0,2.7,21.854,0,88.0,1.1,0,213.0,210.0,4.0,3.1,177,24,3,6
28.06.2019 01:00:00,11.0,15.0,26.6,0,0.14,0,0.7,1.4,2.0,21.849,0,88.0,1.6,0,215.0,212.0,3.8,3.3,178,1,4,6
28.06.2019 02:00:00,10.0,14.0,26.5,0,0.14,0,0.9,0.5,1.4,21.913,0,89.0,2.9,0,217.0,219.0,3.5,3.3,178,2,4,6
28.06.2019 03:00:00,9.0,16.0,26.4,0,0.17,0,1.0,0.9,1.8,21.893,0,89.0,2.8,0,217.0,217.0,3.3,3.4,178,3,4,6
28.06.2019 04:00:00,7.0,20.0,26.3,0,0.17,0,1.2,0.5,1.7,21.832,0,89.0,2.9,0,221.0,217.0,4.0,3.8,178,4,4,6
28.06.2019 05:00:00,6.0,18.0,26.2,0,0.19,0,1.1,1.1,2.2,21.785,0,89.0,2.8,0,218.0,216.0,3.7,4.0,178,5,4,6
28.06.2019 06:00:00,8.0,13.0,26.3,0,0.24,0,1.5,2.9,4.4,21.682,0,89.0,2.9,0,212.0,206.0,3.0,3.1,178,6,4,6
28.06.2019 07:00:00,11.0,11.0,27.8,0,0.38,0,6.5,6.9,13.0,21.606,0,84.0,3.6,0,204.0,181.0,1.7,1.9,178,7,4,6
28.06.2019 08:00:00,12.0,20.0,30.0,0,0.34,0,5.4,7.2,13.0,21.531,0,75.0,4.0,0,90.0,33.0,2.8,0.4,178,8,4,6
28.06.2019 09:00:00,10.0,30.0,31.4,0,0.29,0,3.9,6.6,11.0,21.637,0,70.0,3.9,0,234.0,210.0,3.2,0.5,178,9,4,6
28.06.2019 10:00:00,8.0,44.0,33.0,0,0.25,0,2.5,4.1,6.6,21.325,0,61.0,3.6,0,201.0,209.0,2.0,2.7,178,10,4,6
28.06.2019 11:00:00,10.0,52.0,31.7,0,0.18,0,2.2,2.7,5.0,21.181,0,71.0,3.6,0,88.0,54.0,3.2,3.3,178,11,4,6
28.06.2019 12:00:00,11.0,53.0,31.7,0,0.15,0,2.3,1.5,3.7,20.939,0,70.0,4.1,0,51.0,37.0,1.9,2.1,178,12,4,6
28.06.2019 13:00:00,13.0,48.0,32.2,0,0.14,0,2.1,1.3,3.4,20.975,0,70.0,4.3,0,22.0,22.0,3.7,2.9,178,13,4,6
28.06.2019 14:00:00,11.0,49.0,32.5,0,0.14,0,2.3,1.8,4.1,21.052,0,66.0,3.4,0,340.0,332.0,5.1,3.5,178,14,4,6
28.06.2019 15:00:00,11.0,50.0,32.1,0,0.14,0,2.2,1.5,3.7,21.171,0,68.0,3.8,0,347.0,0.4,4.9,4.4,178,15,4,6
28.06.2019 16:00:00,11.0,51.0,31.6,0,0.15,0,2.2,2.1,4.3,21.277,0,70.0,3.8,0,0.2,5.9,4.7,4.3,178,16,4,6
28.06.2019 17:00:00,12.0,50.0,30.7,0,0.14,0,2.1,1.6,3.7,21.424,0,75.0,3.7,0,1.6,15.0,3.1,3.7,178,17,4,6
28.06.2019 18:00:00,11.0,46.0,30.2,0,0.16,0,2.2,3.6,5.8,21.501,0,79.0,3.6,0,331.0,323.0,1.4,1.0,178,18,4,6
28.06.2019 19:00:00,11.0,38.0,30.0,0,0.21,0,1.9,4.5,6.5,21.565,0,81.0,3.6,0,244.0,210.0,1.5,0.4,178,19,4,6
28.06.2019 20:00:00,11.0,18.0,29.2,0,0.23,0,1.9,5.0,6.9,21.684,0,86.0,3.0,0,209.0,206.0,2.5,2.1,178,20,4,6
28.06.2019 21:00:00,12.0,12.0,28.6,0,0.2,0,1.9,4.5,6.4,21.817,0,85.0,2.9,0,211.0,221.0,2.3,2.5,178,21,4,6
28.06.2019 22:00:00,12.0,9.6,28.2,0,0.22,0,1.7,5.7,7.5,21.853,0,86.0,2.9,0,210.0,213.0,3.4,3.0,178,22,4,6
28.06.2019 23:00:00,11.0,7.5,27.9,0,0.3,0,1.9,8.0,9.9,21.917,0,87.0,3.1,0,211.0,219.0,3.2,3.1,178,23,4,6
28.06.2019 24:00:00,11.0,8.5,27.9,0,0.34,0,1.0,9.5,10.0,21.925,0,87.0,3.0,0,211.0,207.0,2.9,2.9,178,24,4,6
29.06.2019 01:00:00,13.0,12.0,27.8,0,0.33,0,1.2,9.2,10.0,21.919,0,86.0,2.5,0,215.0,222.0,2.8,2.9,179,1,5,6
29.06.2019 02:00:00,12.0,17.0,27.7,0,0.25,0,0.9,5.1,6.0,21.958,0,87.0,2.0,0,210.0,205.0,0.9,2.3,179,2,5,6
29.06.2019 03:00:00,15.0,19.0,27.4,0,0.23,0,0.9,3.5,4.4,21.913,0,87.0,1.9,0,209.0,203.0,2.3,2.2,179,3,5,6
29.06.2019 04:00:00,15.0,20.0,27.3,0,0.21,0,0.9,2.7,3.6,21.813,0,88.0,2.0,0,209.0,208.0,2.4,2.5,179,4,5,6
29.06.2019 05:00:00,14.0,18.0,27.6,0,0.23,0,0.8,3.5,4.3,21.741,0,87.0,1.8,0,209.0,202.0,2.3,2.5,179,5,5,6
29.06.2019 06:00:00,13.0,10.0,27.7,0,0.31,0,1.2,6.4,7.6,21.71,0,88.0,2.1,0,183.0,187.0,1.4,1.3,179,6,5,6
29.06.2019 07:00:00,13.0,7.0,28.0,0,0.4,0,4.6,7.8,12.0,21.651,0,88.0,2.6,0,193.0,197.0,1.6,1.5,179,7,5,6
29.06.2019 08:00:00,17.0,10.0,28.9,0,0.4,0,5.8,8.6,14.0,21.634,0,85.0,3.3,0,201.0,217.0,0.9,1.2,179,8,5,6
29.06.2019 09:00:00,16.0,29.0,31.1,0,0.28,0,2.7,9.2,12.0,21.701,0,74.0,6.2,0,37.0,40.0,1.9,1.4,179,9,5,6
29.06.2019 10:00:00,15.0,39.0,31.3,0,0.27,0,2.8,8.2,11.0,21.656,0,74.0,28.0,0,38.0,30.0,2.0,1.9,179,10,5,6
29.06.2019 11:00:00,16.0,56.0,31.3,0,0.26,0,2.1,4.9,7.0,21.75,0,74.0,7.0,0,47.0,48.0,3.0,2.7,179,11,5,6
29.06.2019 12:00:00,19.0,59.0,31.3,0,0.25,0,1.7,3.8,5.4,21.744,0,79.0,4.3,0,50.0,64.0,2.9,3.0,179,12,5,6
29.06.2019 13:00:00,19.0,57.0,30.9,0,0.2,0,1.8,4.1,5.9,21.738,0,78.0,2.6,0,79.0,78.0,3.6,3.5,179,13,5,6
29.06.2019 14:00:00,17.0,61.0,31.5,0,0.22,0,1.7,4.3,6.1,21.733,0,73.0,2.9,0,61.0,29.0,2.1,2.5,179,14,5,6
29.06.2019 15:00:00,19.0,63.0,31.8,0,0.25,0,2.0,5.1,7.0,21.727,0,74.0,3.3,0,26.0,11.0,2.0,1.7,179,15,5,6
29.06.2019 16:00:00,15.0,36.0,31.3,0,0.18,0,2.0,3.9,5.9,21.721,0,80.0,2.5,0,23.0,21.0,2.3,2.0,179,16,5,6
29.06.2019 17:00:00,11.0,37.0,31.5,0,0.19,0,1.9,4.1,6.0,21.715,0,75.0,2.1,0,356.0,305.0,0.8,2.0,179,17,5,6
29.06.2019 18:00:00,9.0,39.0,31.8,0,0.2,0,1.5,3.7,5.1,21.709,0,73.0,2.3,0,259.0,223.0,1.4,0.8,179,18,5,6
29.06.2019 19:00:00,15.0,30.0,30.9,0,0.23,0,1.4,5.1,6.5,21.703,0,80.0,2.2,0,220.0,220.0,2.0,1.5,179,19,5,6
29.06.2019 20:00:00,16.0,21.0,29.8,0,0.25,0,1.5,6.8,8.2,21.697,0,84.0,2.1,0,214.0,211.0,2.9,2.2,179,20,5,6
29.06.2019 21:00:00,14.0,14.0,29.2,0,0.27,0,1.5,8.1,9.6,21.691,0,86.0,2.3,0,211.0,207.0,2.5,2.0,179,21,5,6
29.06.2019 22:00:00,15.0,12.0,28.5,0,0.24,0,1.2,5.9,7.1,21.685,0,88.0,1.8,0,213.0,212.0,3.0,2.8,179,22,5,6
29.06.2019 23:00:00,14.0,12.0,28.2,0,0.22,0,0.8,4.9,5.7,21.679,0,88.0,1.7,0,215.0,209.0,3.1,2.6,179,23,5,6
29.06.2019 24:00:00,11.0,12.0,28.0,0,0.21,0,0.8,4.5,5.3,21.674,0,88.0,1.9,0,212.0,214.0,3.2,2.8,179,24,5,6
30.06.2019 01:00:00,11.0,14.0,27.7,0,0.18,0,0.6,3.5,4.2,21.668,0,88.0,2.9,0,215.0,208.0,2.7,3.2,180,1,6,6
30.06.2019 02:00:00,10.0,13.0,27.5,0,0.17,0,0.6,1.7,2.3,21.671,0,89.0,2.6,0,216.0,215.0,3.1,3.2,180,2,6,6
30.06.2019 03:00:00,11.0,14.0,27.4,0,0.18,0,1.0,1.7,2.7,21.675,0,89.0,2.5,0,214.0,207.0,2.9,3.3,180,3,6,6
30.06.2019 04:00:00,11.0,12.0,27.2,0,0.18,0,1.2,1.5,2.7,21.678,0,90.0,2.4,0,216.0,228.0,2.5,3.1,180,4,6,6
30.06.2019 05:00:00,8.0,14.0,27.3,0,0.19,0,1.1,1.8,3.0,21.682,0,89.0,2.4,0,210.0,204.0,2.4,2.2,180,5,6,6
30.06.2019 06:00:00,9.0,12.0,27.6,0,0.21,0,1.2,2.3,3.5,21.685,0,89.0,2.5,0,210.0,202.0,1.7,2.1,180,6,6,6
30.06.2019 07:00:00,13.0,9.9,28.1,0,0.26,0,2.8,3.8,6.6,21.688,0,88.0,3.0,0,206.0,204.0,1.5,1.7,180,7,6,6
30.06.2019 08:00:00,14.0,18.0,29.6,0,0.26,0,2.8,4.5,7.2,21.692,0,82.0,3.9,0,132.0,46.0,2.3,0.4,180,8,6,6
30.06.2019 09:00:00,13.0,29.0,30.2,0,0.24,0,2.6,6.2,8.8,21.695,0,79.0,4.1,0,34.0,39.0,1.4,1.8,180,9,6,6
30.06.2019 10:00:00,14.0,33.0,30.4,0,0.27,0,4.2,12.0,16.0,21.699,0,79.0,5.5,0,43.0,43.0,2.3,1.4,180,10,6,6
30.06.2019 11:00:00,15.0,44.0,30.9,0,0.26,0,3.1,5.2,8.3,21.702,0,79.0,4.5,0,43.0,46.0,2.2,2.2,180,11,6,6
30.06.2019 12:00:00,18.0,50.0,30.9,0,0.27,0,2.1,3.7,5.8,21.706,0,79.0,3.8,0,26.0,32.0,1.7,1.7,180,12,6,6
30.06.2019 13:00:00,19.0,54.0,30.8,0,0.24,0,2.4,3.5,5.9,21.709,0,79.0,3.4,0,26.0,29.0,2.2,1.9,180,13,6,6
30.06.2019 14:00:00,15.0,55.0,31.1,0,0.2,0,2.3,2.1,4.3,21.713,0,77.0,3.4,0,17.0,15.0,2.4,2.0,180,14,6,6
30.06.2019 15:00:00,15.0,53.0,31.6,0,0.28,0,2.4,3.6,6.0,21.716,0,71.0,4.0,0,25.0,46.0,2.5,1.8,180,15,6,6
30.06.2019 16:00:00,16.0,55.0,32.2,0,0.34,0,2.3,4.9,7.2,21.72,0,69.0,3.8,0,24.0,29.0,3.0,2.0,180,16,6,6
30.06.2019 17:00:00,15.0,48.0,31.6,0,0.22,0,2.5,4.7,7.1,21.723,0,73.0,3.2,0,357.0,340.0,1.7,2.0,180,17,6,6
30.06.2019 18:00:00,18.0,50.0,31.8,0,0.27,0,2.4,5.8,8.2,21.727,0,73.0,3.3,0,353.0,346.0,1.1,1.0,180,18,6,6
30.06.2019 19:00:00,20.0,38.0,30.9,0,0.38,0,2.2,7.8,10.0,21.73,0,78.0,3.0,0,202.0,212.0,2.3,0.8,180,19,6,6
30.06.2019 20:00:00,16.0,33.0,29.6,0,0.28,0,1.7,5.0,6.7,21.734,0,82.0,2.8,0,213.0,210.0,3.1,2.5,180,20,6,6
30.06.2019 21:00:00,15.0,28.0,29.0,0,0.29,0,1.7,5.0,6.7,21.737,0,83.0,2.8,0,213.0,214.0,3.5,2.3,180,21,6,6
30.06.2019 22:00:00,17.0,21.0,28.7,0,0.26,0,1.7,5.3,7.0,21.741,0,84.0,2.7,0,202.0,202.0,2.6,2.7,180,22,6,6
30.06.2019 23:00:00,14.0,21.0,29.0,0,0.19,0,1.6,4.0,5.6,21.744,0,82.0,2.1,0,197.0,194.0,3.1,2.8,180,23,6,6
30.06.2019 24:00:00,11.0,19.0,28.7,0,0.15,0,1.4,2.5,3.9,21.748,0,83.0,2.1,0,208.0,212.0,1.9,2.3,180,24,6,6
01.07.2019 01:00:00,10.0,22.0,29.1,0,0.13,0,1.2,1.5,2.7,21.751,0,78.0,2.3,0,213.0,211.0,1.9,1.4,181,1,0,7
01.07.2019 02:00:00,5.0,21.0,28.8,0,0.1,0,0.7,2.2,2.9,21.753,0,79.0,2.1,0,214.0,215.0,1.9,2.1,181,2,0,7
01.07.2019 03:00:00,6.0,22.0,28.7,0,0.14,0,0.7,3.4,4.1,21.755,0,79.0,2.2,0,221.0,204.0,2.8,2.6,181,3,0,7
01.07.2019 04:00:00,9.0,16.0,28.2,0,0.24,0,0.9,6.4,7.2,21.757,0,83.0,2.8,0,218.0,222.0,2.4,3.1,181,4,0,7
01.07.2019 05:00:00,10.0,9.9,27.6,0,0.26,0,0.9,7.7,8.6,21.759,0,86.0,2.6,0,212.0,214.0,2.3,2.2,181,5,0,7
01.07.2019 06:00:00,9.0,9.4,27.1,0,0.25,0,1.1,6.3,7.4,21.761,0,88.0,2.6,0,212.0,218.0,2.9,2.9,181,6,0,7
01.07.2019 07:00:00,8.0,12.0,28.0,0,0.24,0,2.8,4.8,7.6,21.762,0,85.0,2.9,0,206.0,138.0,1.5,1.9,181,7,0,7
01.07.2019 08:00:00,8.0,24.0,30.5,0,0.22,0,2.6,6.3,8.9,21.764,0,75.0,5.0,0,5.3,20.0,2.8,1.7,181,8,0,7
01.07.2019 09:00:00,10.0,32.0,31.2,0,0.16,0,1.4,4.1,5.5,21.766,0,72.0,3.8,0,45.0,42.0,2.1,2.5,181,9,0,7
01.07.2019 10:00:00,11.0,38.0,31.7,0,0.13,0,1.6,3.4,5.0,21.768,0,70.0,3.1,0,29.0,19.0,4.1,2.7,181,10,0,7
01.07.2019 11:00:00,8.0,40.0,31.8,0,0.11,0,2.2,3.4,5.6,21.77,0,72.0,3.2,0,18.0,23.0,4.2,4.1,181,11,0,7
01.07.2019 12:00:00,9.0,40.0,31.7,0,0.1,0,1.8,1.8,3.6,21.772,0,75.0,2.8,0,25.0,25.0,3.1,3.1,181,12,0,7
01.07.2019 13:00:00,14.0,44.0,32.3,0,0.11,0,1.6,2.0,3.6,21.774,0,68.0,2.6,0,9.5,4.7,3.8,3.7,181,13,0,7
01.07.2019 14:00:00,14.0,44.0,32.4,0,0.1,0,1.8,2.0,3.8,21.776,0,68.0,2.7,0,17.0,21.0,4.3,3.9,181,14,0,7
01.07.2019 15:00:00,12.986,40.0,31.5,0,0.08,0,1.9,2.0,3.9,21.778,0,76.0,2.2,0,48.0,75.0,3.5,3.1,181,15,0,7
01.07.2019 16:00:00,11.0,22.0,31.5,0,0.08,0,2.3,2.0,4.2,11.0,0,74.0,1.9,0,121.0,97.0,3.4,2.9,181,16,0,7
01.07.2019 17:00:00,10.0,24.0,31.0,0,0.07,0,1.7,1.5,3.2,24.0,0,77.0,2.0,0,81.0,94.0,2.4,3.4,181,17,0,7
01.07.2019 18:00:00,7.0,19.0,30.9,0,0.06,0,1.3,1.6,2.9,12.0,0,77.0,1.9,0,107.0,111.0,6.5,4.9,181,18,0,7
01.07.2019 19:00:00,8.0,16.0,29.7,0,0.07,0,0.8,1.5,2.3,10.0,0,84.0,2.0,0,120.0,137.0,3.6,4.5,181,19,0,7
01.07.2019 20:00:00,11.0,14.0,29.3,0,0.07,0,1.2,1.7,2.9,12.0,0,87.0,1.7,0,116.0,147.0,1.7,2.7,181,20,0,7
01.07.2019 21:00:00,7.0,13.0,29.5,0,0.07,0,1.2,2.0,3.1,9.0,0,85.0,1.8,0,124.0,155.0,2.5,1.9,181,21,0,7
01.07.2019 22:00:00,7.0,11.0,29.8,0,0.08,0,0.8,4.2,5.0,10.0,0,80.0,3.0,0,113.0,126.0,1.2,1.4,181,22,0,7
01.07.2019 23:00:00,6.0,9.8,29.5,0,0.09,0,1.3,4.4,5.7,9.0,0,80.0,3.3,0,171.0,24.0,1.0,0.5,181,23,0,7
01.07.2019 24:00:00,3.0,16.0,29.8,0,0.06,0,0.9,1.9,2.8,7.0,0,77.0,2.1,0,150.0,146.0,5.2,2.9,181,24,0,7
02.07.2019 01:00:00,6.0,20.0,29.8,0,0.06,0,0.6,1.2,1.8,14.0,0,77.0,2.5,0,152.0,162.0,3.1,3.3,182,1,1,7
02.07.2019 02:00:00,7.0,23.0,29.3,0,0.07,0,0.3,0.8,1.1,14.0,0,78.0,2.1,0,160.0,196.0,1.4,2.1,182,2,1,7
02.07.2019 03:00:00,6.0,21.0,28.7,0,0.08,0,0.3,1.1,1.5,14.0,0,81.0,1.9,0,189.0,159.0,2.6,2.1,182,3,1,7
02.07.2019 04:00:00,4.0,25.0,28.7,0,0.08,0,0.6,1.8,2.4,16.0,0,82.0,2.2,0,140.0,153.0,2.7,1.7,182,4,1,7
02.07.2019 05:00:00,2.0,23.0,28.4,0,0.09,0,0.6,1.3,1.9,14.0,0,83.0,1.9,0,194.0,209.0,2.5,2.1,182,5,1,7
02.07.2019 06:00:00,3.0,27.0,28.2,0,0.08,0,0.5,2.0,2.5,12.0,0,87.0,2.8,0,132.0,117.0,2.5,1.5,182,6,1,7
02.07.2019 07:00:00,4.0,26.0,28.5,0,0.08,0,2.071,8.296,10.546,11.0,0,88.0,2.4,0,123.0,121.0,3.7,2.6,182,7,1,7
02.07.2019 08:00:00,2.0,24.0,28.6,0,0.09,0,2.07,8.287,10.527,16.0,0,89.0,2.5,0,94.0,122.0,2.9,2.1,182,8,1,7
02.07.2019 09:00:00,3.0,25.0,28.3,0,0.09,0,2.07,8.279,10.48,6.0,1.0,91.0,2.2,0,66.0,332.0,1.4,0.5,182,9,1,7
02.07.2019 10:00:00,6.0,24.0,29.7,0,0.11,0,2.069,8.271,10.461,5.0,0,87.0,2.3,0,72.0,212.0,2.2,0.5,182,10,1,7
02.07.2019 11:00:00,10.0,31.0,31.7,0,0.22,0,2.068,8.263,10.456,18.0,0,75.0,2.2,0,180.0,218.0,1.7,2.7,182,11,1,7
02.07.2019 12:00:00,12.0,50.0,32.4,0,0.28,0,2.068,8.255,10.506,29.0,0,70.0,2.9,0,80.0,77.0,1.8,1.9,182,12,1,7
02.07.2019 13:00:00,11.0,31.0,31.6,0,0.14,0,2.067,8.247,10.495,22.0,0,71.0,2.6,0,12.0,20.0,5.1,2.4,182,13,1,7
02.07.2019 14:00:00,11.0,44.0,31.1,0,0.12,0,2.066,8.238,10.484,36.0,0,76.0,2.9,0,24.0,20.0,7.9,5.8,182,14,1,7
02.07.2019 15:00:00,10.0,49.0,30.3,0,0.12,0,2.066,8.23,10.472,41.0,0,81.0,2.9,0,27.0,29.0,4.4,5.4,182,15,1,7
02.07.2019 16:00:00,10.0,36.0,29.4,0,0.11,0,2.067,8.222,10.523,50.0,4.6,87.0,2.4,0,42.0,32.0,2.9,3.6,182,16,1,7
02.07.2019 17:00:00,12.0,39.0,28.1,0,0.15,0,2.068,8.214,10.512,25.0,41.0,91.0,2.2,0,81.0,74.0,2.9,1.9,182,17,1,7
02.07.2019 18:00:00,12.0,51.0,27.4,0,0.16,0,2.067,8.206,10.576,26.0,4.2,94.0,2.2,0,32.0,66.0,1.4,1.1,182,18,1,7
02.07.2019 19:00:00,11.0,49.0,27.8,0,0.15,0,2.066,8.197,10.565,27.0,0,93.0,2.1,0,347.0,277.0,0.6,0.6,182,19,1,7
02.07.2019 20:00:00,10.0,41.0,28.1,0,0.19,0,2.066,8.189,10.554,23.0,0.4,90.0,2.2,0,290.0,171.0,0.9,0.5,182,20,1,7
02.07.2019 21:00:00,10.0,39.0,28.1,0,0.18,0,2.065,8.181,10.542,27.0,0.8,91.0,2.2,0,1.0,61.0,1.7,0.9,182,21,1,7
02.07.2019 22:00:00,8.0,30.0,27.7,0,0.12,0,2.065,8.173,10.531,23.0,0.2,91.0,2.7,0,70.0,252.0,0.8,0.4,182,22,1,7
02.07.2019 23:00:00,7.0,29.0,27.8,0,0.13,0,2.064,8.165,10.52,24.0,0.8,91.0,2.3,0,155.0,349.0,0.6,0.3,182,23,1,7
02.07.2019 24:00:00,5.0,35.0,27.1,0,0.12,0,2.063,8.157,10.509,8.0,61.0,93.0,1.9,0,238.0,236.0,3.2,2.1,182,24,1,7
03.07.2019 01:00:00,7.0,39.0,25.3,0,0.1,0,2.063,8.148,10.498,7.0,23.0,94.0,2.5,0,151.0,175.0,0.5,0.4,183,1,2,7
03.07.2019 02:00:00,7.0,34.0,25.3,0,0.09,0,2.062,8.138,10.49,15.0,2.8,94.0,2.4,0,214.0,226.0,1.2,0.8,183,2,2,7
03.07.2019 03:00:00,4.0,29.0,25.6,0,0.11,0,2.062,8.129,10.482,8.0,0.6,94.0,2.4,0,229.0,204.0,1.3,0.4,183,3,2,7
03.07.2019 04:00:00,3.0,24.0,25.6,0,0.12,0,2.077,8.119,10.475,20.0,0,94.0,2.5,0,205.0,209.0,1.8,1.8,183,4,2,7
03.07.2019 05:00:00,4.0,22.0,25.7,0,0.12,0,2.077,8.109,10.467,20.0,0,94.0,2.4,0,210.0,221.0,0.6,1.2,183,5,2,7
03.07.2019 06:00:00,5.0,16.0,25.8,0,0.15,0,2.076,8.099,10.572,22.0,0,93.0,2.5,0,214.0,225.0,2.3,1.8,183,6,2,7
03.07.2019 07:00:00,6.0,16.0,26.3,0,0.18,0,2.076,8.089,10.565,19.0,0,93.0,2.6,0,223.0,220.0,2.2,2.1,183,7,2,7
03.07.2019 08:00:00,7.0,21.0,27.5,0,0.21,0,2.076,8.079,10.557,20.0,0,88.0,3.3,0,156.0,107.0,1.8,0.5,183,8,2,7
03.07.2019 09:00:00,7.0,26.0,28.1,0,0.2,0,2.075,8.069,10.55,31.0,0,83.0,3.3,0,70.0,137.0,0.9,0.7,183,9,2,7
03.07.2019 10:00:00,8.0,29.0,28.9,0,0.2,0,2.075,8.059,10.542,22.0,0,80.0,3.6,0,115.0,79.0,2.7,1.3,183,10,2,7
03.07.2019 11:00:00,7.0,42.0,29.3,0,0.13,0,2.075,8.009,10.466,11.0,0,79.0,3.2,0,61.0,75.0,1.7,1.8,183,11,2,7
03.07.2019 12:00:00,8.0,47.0,29.9,0,0.13,0,2.074,7.999,10.459,19.588,0,77.0,3.1,0,59.0,77.0,3.0,2.5,183,12,2,7
03.07.2019 13:00:00,10.0,50.0,29.6,0,0.12,0,2.074,7.989,10.451,19.57,0,78.0,2.8,0,53.0,18.0,1.3,1.7,183,13,2,7
03.07.2019 14:00:00,8.0,47.0,30.4,0,0.12,0,2.074,7.979,10.444,19.553,0,72.0,2.5,0,43.0,48.0,2.5,1.8,183,14,2,7
03.07.2019 15:00:00,9.0,51.0,30.4,0,0.12,0,2.073,7.97,10.436,13.0,0,75.0,2.6,0,36.0,3.1,3.2,2.2,183,15,2,7
03.07.2019 16:00:00,9.0,49.0,30.0,0,0.15,0,-0.3,3.2,2.9,21.0,0,77.0,2.8,0,38.0,49.0,1.8,2.0,183,16,2,7
03.07.2019 17:00:00,6.0,50.0,29.5,0,0.15,0,-0.3,2.5,2.1,21.0,0,76.0,2.5,0,47.0,52.0,1.0,1.4,183,17,2,7
03.07.2019 18:00:00,11.0,39.0,29.4,0,0.19,0,1.3,7.0,8.3,23.0,0,78.0,2.5,0,37.0,40.0,1.1,0.8,183,18,2,7
03.07.2019 19:00:00,11.0,28.0,28.9,0,0.19,0,1.3,7.6,9.0,38.0,0,81.0,2.2,0,322.0,241.0,1.9,0.1,183,19,2,7
03.07.2019 20:00:00,6.0,18.0,27.8,0,0.17,0,1.2,5.5,6.7,25.0,0,87.0,2.2,0,221.0,213.0,2.2,2.0,183,20,2,7
03.07.2019 21:00:00,6.0,13.0,27.4,0,0.16,0,0.8,4.8,5.6,25.0,0,88.0,2.0,0,212.0,213.0,3.6,2.9,183,21,2,7
03.07.2019 22:00:00,8.0,13.0,27.1,0,0.13,0,0.5,3.1,3.5,28.0,0,87.0,2.1,0,214.0,213.0,3.2,3.1,183,22,2,7
03.07.2019 23:00:00,8.0,14.0,26.9,0,0.12,0,0.3,2.7,3.0,27.0,0,87.0,2.1,0,213.0,212.0,3.3,3.0,183,23,2,7
03.07.2019 24:00:00,5.0,15.0,26.7,0,0.12,0,-0.1,2.6,2.5,27.0,0,88.0,2.1,0,215.0,222.0,3.4,3.2,183,24,2,7
04.07.2019 01:00:00,7.0,16.0,26.8,0,0.12,0,0.2,2.6,2.7,34.0,0,87.0,2.6,0,219.0,212.0,2.8,3.2,184,1,3,7
04.07.2019 02:00:00,11.0,17.0,26.9,0,0.14,0,1.0,2.2,3.1,24.0,0,87.0,2.2,0,218.0,214.0,3.2,2.8,184,2,3,7
04.07.2019 03:00:00,10.0,14.0,26.7,0,0.15,0,1.2,2.4,3.7,26.0,0,88.0,2.0,0,209.0,206.0,3.2,3.3,184,3,3,7
04.07.2019 04:00:00,7.0,10.0,26.5,0,0.18,0,1.1,3.5,4.6,32.0,0,89.0,1.9,0,207.0,203.0,3.0,3.1,184,4,3,7
04.07.2019 05:00:00,7.0,8.7,26.4,0,0.2,0,1.3,3.9,5.2,32.0,0,90.0,2.1,0,209.0,213.0,3.3,3.3,184,5,3,7
04.07.2019 06:00:00,6.0,11.0,26.5,0,0.21,0,1.3,4.0,5.3,28.0,0,89.0,2.0,0,213.0,215.0,3.4,3.2,184,6,3,7
04.07.2019 07:00:00,8.0,9.2,26.6,0,0.24,0,3.2,4.5,7.8,28.0,0,88.0,2.1,0,208.0,207.0,2.3,3.1,184,7,3,7
04.07.2019 08:00:00,9.0,9.0,27.7,0,0.34,0,7.6,7.6,15.0,23.0,0,84.0,2.6,0,200.0,190.0,1.4,1.6,184,8,3,7
04.07.2019 09:00:00,7.0,16.0,29.7,0,0.3,0,5.0,8.3,13.0,21.0,0,75.0,3.1,0,173.0,165.0,1.1,1.1,184,9,3,7
04.07.2019 10:00:00,8.0,26.0,31.7,0,0.3,0,5.6,11.0,16.0,17.0,0,64.0,2.9,0,185.0,187.0,2.5,2.2,184,10,3,7
04.07.2019 11:00:00,12.0,50.0,32.6,0,0.42,0,4.4,13.0,18.0,28.0,0,60.0,3.3,0,196.0,180.0,1.8,2.4,184,11,3,7
04.07.2019 12:00:00,15.0,55.0,32.1,0,0.48,0,4.7,17.0,21.0,24.0,0,66.0,2.7,0,134.0,109.0,2.3,1.4,184,12,3,7
04.07.2019 13:00:00,14.0,40.0,30.6,0,0.18,0,4.8,7.7,12.0,24.0,0,76.0,2.5,0,26.0,24.0,1.9,0.7,184,13,3,7
04.07.2019 14:00:00,12.0,47.0,30.5,0,0.18,0,4.1,6.8,11.0,32.0,0,77.0,2.6,0,32.0,45.0,1.9,1.7,184,14,3,7
04.07.2019 15:00:00,13.0,42.0,30.1,0,0.15,0,4.3,6.7,11.0,30.0,0,81.0,2.2,0,14.0,359.0,1.8,1.6,184,15,3,7
04.07.2019 16:00:00,12.0,44.0,29.8,0,0.15,0,4.5,5.7,10.0,26.0,0,82.0,2.1,0,30.0,14.0,1.7,1.6,184,16,3,7
04.07.2019 17:00:00,11.0,45.0,29.9,0,0.24,0,3.9,6.6,10.0,31.0,0,80.0,2.2,0,25.0,28.0,1.1,1.3,184,17,3,7
04.07.2019 18:00:00,11.0,50.0,29.9,0,0.16,0,3.7,4.0,7.7,26.0,0,77.0,2.1,0,303.0,313.0,2.0,1.4,184,18,3,7
04.07.2019 19:00:00,11.0,36.0,29.7,0,0.22,0,4.2,9.1,13.0,35.0,0,79.0,2.0,0,319.0,268.0,0.6,0.2,184,19,3,7
04.07.2019 20:00:00,12.0,20.0,28.7,0,0.28,0,3.9,11.0,15.0,30.0,0,85.0,2.0,0,215.0,219.0,1.8,1.2,184,20,3,7
04.07.2019 21:00:00,11.0,19.0,27.8,0,0.22,0,4.0,6.8,11.0,26.0,0,87.0,1.9,0,210.0,215.0,2.4,2.5,184,21,3,7
04.07.2019 22:00:00,12.0,16.0,27.5,0,0.21,0,4.8,7.9,13.0,32.0,0,86.0,1.9,0,208.0,203.0,2.1,2.3,184,22,3,7
04.07.2019 23:00:00,11.0,11.0,27.6,0,0.25,0,4.0,9.2,13.0,25.0,0,85.0,1.7,0,197.0,358.0,1.3,0.3,184,23,3,7
04.07.2019 24:00:00,9.0,11.0,28.2,0,0.31,0,3.0,14.0,17.0,34.0,0,80.0,2.1,0,263.0,198.0,2.0,0.1,184,24,3,7
05.07.2019 01:00:00,7.0,13.0,28.1,0,0.2,0,2.1,7.4,9.4,22.0,0,77.0,2.0,0,185.0,85.0,0.8,0.5,185,1,4,7
05.07.2019 02:00:00,8.0,15.0,28.3,0,0.2,0,0.9,7.6,8.5,22.0,0,74.0,1.5,0,205.0,230.0,0.6,0.2,185,2,4,7
05.07.2019 03:00:00,9.0,16.0,28.3,0,0.19,0,0.7,6.7,7.4,21.0,0,73.0,1.5,0,213.0,212.0,3.5,2.6,185,3,4,7
05.07.2019 04:00:00,7.0,16.0,28.1,0,0.14,0,0.7,5.4,6.1,18.0,0,74.0,1.1,0,216.0,230.0,1.8,1.8,185,4,4,7
05.07.2019 05:00:00,8.0,19.0,29.3,0,0.16,0,1.3,5.5,6.8,16.0,0,67.0,1.4,0,231.0,258.0,1.6,1.3,185,5,4,7
05.07.2019 06:00:00,11.0,12.0,28.6,0,0.25,0,2.1,9.4,12.0,17.0,0,72.0,1.6,0,221.0,180.0,0.6,0.5,185,6,4,7
05.07.2019 07:00:00,10.0,14.0,29.1,0,0.27,0,3.0,8.9,12.0,20.0,0,72.0,1.8,0,140.0,197.0,1.4,1.3,185,7,4,7
05.07.2019 08:00:00,9.0,12.0,29.0,0,0.29,0,4.9,10.0,15.0,21.0,0,73.0,2.1,0,117.0,116.0,2.7,1.2,185,8,4,7
05.07.2019 09:00:00,9.0,18.0,29.8,0,0.23,0,2.9,9.0,12.0,18.0,0,69.0,3.166,0,111.0,124.0,2.3,2.3,185,9,4,7
05.07.2019 10:00:00,11.0,21.0,30.4,0,0.29,0,3.6,11.0,15.0,22.0,0,68.0,4.3,0,167.0,202.0,3.5,1.7,185,10,4,7
05.07.2019 11:00:00,9.0,33.0,32.7,0,0.16,0,2.4,6.2,8.7,20.0,0,56.0,3.4,0,219.0,224.0,4.8,3.6,185,11,4,7
05.07.2019 12:00:00,8.0,38.0,33.5,0,0.14,0,2.4,5.9,8.3,13.0,0,51.0,3.2,0,226.0,244.0,2.2,1.9,185,12,4,7
05.07.2019 13:00:00,12.0,39.0,33.5,0,0.12,0,2.4,4.2,6.5,20.0,0,52.0,3.5,0,245.0,254.0,3.7,3.1,185,13,4,7
05.07.2019 14:00:00,11.0,43.0,33.1,0,0.12,0,2.5,3.7,6.2,22.0,0,56.0,3.4,0,239.0,236.0,5.1,2.8,185,14,4,7
05.07.2019 15:00:00,10.0,37.0,32.5,0,0.11,0,2.9,3.7,6.6,18.0,0,56.0,3.0,0,237.0,224.0,2.8,3.4,185,15,4,7
05.07.2019 16:00:00,8.0,37.0,33.1,0,0.11,0,2.8,3.6,6.4,19.0,0,53.0,3.0,0,231.0,235.0,4.3,3.2,185,16,4,7
05.07.2019 17:00:00,9.0,38.0,33.1,0,0.12,0,2.6,3.9,6.6,17.0,0,53.0,3.1,0,238.0,229.0,4.7,3.2,185,17,4,7
05.07.2019 18:00:00,9.0,36.0,32.8,0,0.13,0,2.5,5.0,7.5,20.0,0,53.0,3.1,0,247.0,247.0,3.8,3.0,185,18,4,7
05.07.2019 19:00:00,7.0,30.0,32.1,0,0.15,0,2.4,6.5,9.0,19.0,0,53.0,3.2,0,234.0,222.0,3.0,2.2,185,19,4,7
05.07.2019 20:00:00,8.0,24.0,31.9,0,0.17,0,2.4,9.1,12.0,13.0,0,53.0,3.0,0,186.0,197.0,2.7,0.7,185,20,4,7
05.07.2019 21:00:00,10.0,21.0,31.4,0,0.18,0,2.1,9.2,11.0,18.0,0,55.0,3.1,0,180.0,197.0,2.1,2.0,185,21,4,7
05.07.2019 22:00:00,11.0,17.0,30.6,0,0.21,0,2.5,11.0,13.0,16.0,0,58.0,3.3,0,268.0,277.0,1.0,0.2,185,22,4,7
05.07.2019 23:00:00,9.0,16.0,29.9,0,0.2,0,1.9,9.8,12.0,16.0,0,60.0,3.0,0,252.0,318.0,1.1,0.9,185,23,4,7
05.07.2019 24:00:00,7.0,15.0,30.1,0,0.2,0,2.0,11.0,13.0,9.0,0,59.0,3.3,0,224.0,220.0,2.4,0.9,185,24,4,7
06.07.2019 01:00:00,7.0,20.0,30.5,0,0.17,0,1.6,9.3,11.0,14.0,0,56.0,4.7,0,216.0,221.0,4.0,2.8,186,1,5,7
06.07.2019 02:00:00,7.0,23.0,30.8,0,0.12,0,0.3,4.9,5.2,12.0,0,53.0,1.9,0,216.0,214.0,4.1,3.3,186,2,5,7
06.07.2019 03:00:00,9.0,21.0,30.8,0,0.15,0,0.5,5.9,6.4,18.0,0,54.0,1.8,0,218.0,230.0,5.3,3.6,186,3,5,7
06.07.2019 04:00:00,8.0,24.0,30.9,0,0.11,0,0.2,3.2,3.5,11.0,0,54.0,1.6,0,220.0,223.0,3.2,3.7,186,4,5,7
06.07.2019 05:00:00,7.0,21.0,30.4,0,0.14,0,0.3,5.3,5.6,15.0,0,57.0,1.7,0,174.0,190.0,2.3,1.3,186,5,5,7
06.07.2019 06:00:00,7.0,19.0,30.0,0,0.15,0,0.5,5.9,6.4,16.0,0,60.0,1.8,0,161.0,172.0,2.0,3.2,186,6,5,7
06.07.2019 07:00:00,9.0,18.0,30.1,0,0.17,0,0.8,6.9,7.8,14.0,0,61.0,2.2,0,196.0,188.0,2.5,1.6,186,7,5,7
06.07.2019 08:00:00,10.0,18.0,30.1,0,0.19,0,2.3,7.8,10.0,18.0,0,63.0,2.0,0,117.0,119.0,2.9,2.9,186,8,5,7
06.07.2019 09:00:00,10.0,21.0,30.4,0,0.19,0,2.0,7.3,9.3,20.0,0,64.0,2.0,0,113.0,123.0,2.5,2.2,186,9,5,7
06.07.2019 10:00:00,11.0,24.0,30.6,0,0.29,0,2.6,12.0,14.0,22.0,0,65.0,3.6,0,120.0,87.0,1.8,2.1,186,10,5,7
06.07.2019 11:00:00,10.0,24.0,30.8,0,0.34,0,4.7,14.0,19.0,23.0,0,66.0,3.6,0,81.0,359.0,1.4,1.0,186,11,5,7
06.07.2019 12:00:00,9.0,40.0,32.1,0,0.26,0,2.1,9.8,12.0,28.0,0,60.0,3.6,0,68.0,227.0,2.9,0.9,186,12,5,7
06.07.2019 13:00:00,10.0,35.0,31.9,0,0.17,0,1.7,5.8,7.6,21.0,0,61.0,3.0,0,215.0,211.0,4.3,3.2,186,13,5,7
06.07.2019 14:00:00,11.0,38.0,31.9,0,0.17,0,1.7,4.6,6.3,13.0,0,61.0,3.0,0,232.0,229.0,3.6,4.4,186,14,5,7
06.07.2019 15:00:00,9.0,36.0,32.3,0,0.18,0,1.5,4.8,6.3,11.0,0,57.0,2.9,0,217.0,197.0,3.7,3.1,186,15,5,7
06.07.2019 16:00:00,13.0,38.0,32.8,0,0.23,0,2.0,7.3,9.3,14.0,0,58.0,3.0,0,157.0,39.0,1.4,0.8,186,16,5,7
06.07.2019 17:00:00,13.0,34.0,32.0,0,0.28,0,2.4,10.0,13.0,26.0,0,62.0,3.2,0,66.0,100.0,1.5,1.3,186,17,5,7
06.07.2019 18:00:00,7.0,32.0,31.5,0,0.22,0,1.6,10.0,12.0,22.0,0,65.0,3.2,0,115.0,158.0,1.7,0.8,186,18,5,7
06.07.2019 19:00:00,8.0,21.0,30.9,0,0.28,0,1.9,12.0,14.0,19.0,0,68.0,3.5,0,181.0,199.0,0.8,1.1,186,19,5,7
06.07.2019 20:00:00,8.0,18.0,30.4,0,0.24,0,2.2,11.0,13.0,19.0,0,68.0,3.1,0,202.0,186.0,3.2,1.0,186,20,5,7
06.07.2019 21:00:00,7.0,22.0,30.8,0,0.21,0,0.5,7.3,7.8,21.778,0,65.0,3.2,0,198.0,183.0,2.9,3.2,186,21,5,7
06.07.2019 22:00:00,11.0,20.0,30.4,0,0.23,0,0.3,8.4,8.8,21.736,0,67.0,2.9,0,183.0,170.0,5.5,3.7,186,22,5,7
06.07.2019 23:00:00,11.0,15.0,29.7,0,0.27,0,0.9,11.0,12.0,19.0,0,72.0,2.9,0,197.0,216.0,2.8,1.8,186,23,5,7
06.07.2019 24:00:00,10.0,14.0,28.7,0,0.23,0,0.5,9.1,9.6,18.0,0,76.0,3.1,0,214.0,188.0,0.7,1.1,186,24,5,7
07.07.2019 01:00:00,7.0,11.0,28.2,0,0.25,0,0.7,9.6,10.0,18.0,0,79.0,3.2,0,197.0,197.0,2.4,1.5,187,1,6,7
07.07.2019 02:00:00,7.0,11.0,28.0,0,0.21,0,0.8,8.3,9.1,14.0,0,80.0,1.8,0,200.0,313.0,1.3,1.4,187,2,6,7
07.07.2019 03:00:00,10.0,13.0,28.7,0,0.21,0,0.5,8.4,8.9,17.0,0,76.0,1.6,0,242.0,241.0,2.6,0.5,187,3,6,7
07.07.2019 04:00:00,9.0,22.0,30.1,0,0.1,0,0.5,3.2,3.7,17.0,0,66.0,1.5,0,228.0,229.0,5.1,3.2,187,4,6,7
07.07.2019 05:00:00,8.0,23.0,30.3,0,0.1,0,1.0,2.9,3.9,15.0,0,65.0,1.3,0,223.0,218.0,5.5,3.3,187,5,6,7
07.07.2019 06:00:00,7.0,24.0,30.5,0,0.09,0,0.8,2.3,3.1,22.0,0,64.0,1.0,0,225.0,223.0,6.3,5.4,187,6,6,7
07.07.2019 07:00:00,9.0,25.0,30.9,0,0.1,0,1.4,2.2,3.6,18.0,0,61.0,0.9,0,225.0,217.0,5.9,5.6,187,7,6,7
07.07.2019 08:00:00,13.0,25.0,31.1,0,0.12,0,1.7,3.5,5.2,17.0,0,62.0,0.9,0,218.0,222.0,4.5,4.3,187,8,6,7
07.07.2019 09:00:00,11.0,29.0,31.7,0,0.16,0,2.4,5.0,7.3,18.0,0,61.0,1.4,0,216.0,217.0,3.6,4.3,187,9,6,7
07.07.2019 10:00:00,10.0,34.0,32.1,0,0.21,0,2.4,6.2,8.6,13.0,0,61.0,1.2,0,235.0,163.0,0.8,1.2,187,10,6,7
07.07.2019 11:00:00,12.0,45.0,32.8,0,0.19,0,2.2,5.6,7.9,32.0,0,60.0,1.5,0,226.0,218.0,3.7,2.2,187,11,6,7
07.07.2019 12:00:00,16.0,54.0,34.3,0,0.19,0,2.1,5.3,7.4,22.0,0,55.0,1.2,0,219.0,216.0,3.3,3.0,187,12,6,7
07.07.2019 13:00:00,15.0,50.0,32.5,0,0.14,0,2.4,4.6,7.0,25.0,0,68.0,1.3,0,27.0,49.0,3.8,1.6,187,13,6,7
07.07.2019 14:00:00,12.0,47.0,30.7,0,0.14,0,2.1,4.1,6.2,33.0,0,77.0,1.2,0,69.0,56.0,3.1,2.6,187,14,6,7
07.07.2019 15:00:00,13.0,44.0,30.4,0,0.14,0,2.4,6.7,9.1,33.0,0,78.0,1.5,0,73.0,97.0,3.0,2.0,187,15,6,7
07.07.2019 16:00:00,15.0,44.0,30.0,0,0.17,0,2.3,7.0,9.2,33.0,0,82.0,2.1,0,22.0,351.0,2.3,1.6,187,16,6,7
07.07.2019 17:00:00,15.0,37.0,29.7,0,0.22,0,2.9,11.0,14.0,38.0,0,81.0,1.7,0,9.0,8.3,2.4,1.9,187,17,6,7
07.07.2019 18:00:00,15.0,32.0,29.5,0,0.22,0,2.9,15.0,17.0,35.0,0,83.0,2.6,0,10.0,42.0,1.3,1.7,187,18,6,7
07.07.2019 19:00:00,11.0,19.0,30.4,0,0.28,0,2.6,14.0,17.0,28.0,0,71.0,2.4,0,210.0,195.0,3.4,1.0,187,19,6,7
07.07.2019 20:00:00,11.0,24.0,31.6,0,0.2,0,1.6,7.9,9.5,23.0,0,63.0,1.2,0,202.0,203.0,3.3,4.3,187,20,6,7
07.07.2019 21:00:00,14.0,21.0,30.5,0,0.27,0,1.4,11.0,12.0,21.0,0,70.0,1.6,0,211.0,213.0,1.3,2.0,187,21,6,7
07.07.2019 22:00:00,14.0,14.0,29.0,0,0.27,0,1.5,12.0,13.0,22.0,0,79.0,1.6,0,206.0,192.0,2.3,1.7,187,22,6,7
07.07.2019 23:00:00,12.0,14.0,28.4,0,0.25,0,1.1,10.0,11.0,23.0,0,82.0,1.4,0,212.0,218.0,2.3,2.3,187,23,6,7
07.07.2019 24:00:00,12.0,13.0,28.0,0,0.23,0,0.8,8.0,8.9,21.0,0,82.0,1.1,0,206.0,212.0,3.6,3.0,187,24,6,7
08.07.2019 01:00:00,11.0,14.0,27.7,0,0.19,0,0.8,6.5,7.3,21.0,0,82.0,1.9,0,213.0,214.0,3.1,3.4,188,1,0,7
08.07.2019 02:00:00,11.0,15.0,27.2,0,0.15,0,0.1,4.2,4.2,17.0,0,84.0,1.8,0,214.0,211.0,3.3,2.8,188,2,0,7
08.07.2019 03:00:00,11.0,13.0,27.0,0,0.16,0,0.4,4.5,4.9,19.0,0,85.0,1.7,0,208.0,209.0,3.8,3.3,188,3,0,7
08.07.2019 04:00:00,9.0,12.0,26.9,0,0.17,0,0.6,4.7,5.3,19.0,0,85.0,1.7,0,201.0,200.0,2.5,3.1,188,4,0,7
08.07.2019 05:00:00,9.0,10.0,26.9,0,0.2,0,0.5,5.7,6.2,21.0,0,85.0,1.8,0,200.0,205.0,1.3,1.8,188,5,0,7
08.07.2019 06:00:00,10.0,10.0,27.4,0,0.24,0,0.7,7.1,7.8,18.0,0,82.0,1.8,0,213.0,245.0,0.5,0.9,188,6,0,7
08.07.2019 07:00:00,8.0,15.0,29.1,0,0.2,0,1.2,6.1,7.2,13.0,0,74.0,2.1,0,230.0,220.0,3.0,2.0,188,7,0,7
08.07.2019 08:00:00,8.0,22.0,31.2,0,0.16,0,1.2,4.5,5.7,18.0,0,66.0,2.3,0,229.0,217.0,2.3,1.7,188,8,0,7
08.07.2019 09:00:00,11.0,31.0,32.5,0,0.14,0,1.2,4.5,5.6,15.0,0,62.0,1.8,0,87.0,31.0,2.8,0.7,188,9,0,7
08.07.2019 10:00:00,16.0,36.0,31.1,0,0.17,0,2.8,7.3,10.0,21.0,0,73.0,2.7,0,45.0,56.0,2.3,2.2,188,10,0,7
08.07.2019 11:00:00,17.0,47.0,31.0,0,0.2,0,2.6,9.7,12.0,29.0,0,74.0,2.8,0,60.0,121.0,2.1,2.0,188,11,0,7
08.07.2019 12:00:00,16.0,55.0,31.0,0,0.19,0,2.4,7.1,9.4,29.0,0,73.0,2.2,0,84.0,51.0,2.2,1.9,188,12,0,7
08.07.2019 13:00:00,16.0,44.0,30.3,0,0.16,0,2.6,6.9,9.5,20.027,0,80.0,2.3,0,40.0,56.0,2.3,1.7,188,13,0,7
08.07.2019 14:00:00,15.0,30.0,30.9,0,0.12,0,2.0,2.9,4.9,12.0,0,77.0,1.7,0,57.0,63.0,2.8,2.4,188,14,0,7
08.07.2019 15:00:00,16.0,26.0,30.2,0,0.14,0,1.8,5.1,6.9,19.915,0,83.0,2.2,0,32.0,8.0,2.1,1.9,188,15,0,7
08.07.2019 16:00:00,15.0,29.0,29.6,0,0.12,0,1.3,3.5,4.8,19.968,0,84.0,1.5,0,76.0,147.0,2.4,1.9,188,16,0,7
08.07.2019 17:00:00,13.0,24.0,29.6,0,0.14,0,2.6,10.0,13.0,20.008,0,80.0,5.0,0,146.0,227.0,1.4,1.0,188,17,0,7
08.07.2019 18:00:00,12.0,20.0,29.9,0,0.19,0,2.2,14.0,16.0,20.076,0,78.0,1.7,0,227.0,229.0,2.0,1.3,188,18,0,7
08.07.2019 19:00:00,11.0,16.0,30.0,0,0.22,0,1.7,13.0,15.0,20.102,0,77.0,1.8,0,209.0,210.0,1.0,0.9,188,19,0,7
08.07.2019 20:00:00,12.0,8.0,29.1,0,0.25,0,2.8,17.0,20.0,20.142,0,83.0,2.2,0,243.0,228.0,0.6,0.2,188,20,0,7
08.07.2019 21:00:00,13.0,7.9,28.1,0,0.24,0,1.1,11.0,12.0,20.265,0,87.0,1.9,0,215.0,219.0,2.4,1.5,188,21,0,7
08.07.2019 22:00:00,14.0,11.0,27.5,0,0.2,0,0.5,7.3,7.8,20.319,0,88.0,2.3,0,213.0,213.0,2.6,2.4,188,22,0,7
08.07.2019 23:00:00,11.0,11.0,27.4,0,0.2,0,0.2,7.2,7.5,20.401,0,87.0,2.0,0,217.0,223.0,1.8,2.3,188,23,0,7
08.07.2019 24:00:00,10.0,12.0,27.3,0,0.19,0,0.2,6.7,6.9,20.482,0,87.0,2.0,0,220.0,229.0,1.5,1.9,188,24,0,7
09.07.2019 01:00:00,12.0,12.0,27.2,0,0.17,0,0.1,6.0,6.1,20.661,0,87.0,1.4,0,216.0,220.0,2.0,2.2,189,1,1,7
09.07.2019 02:00:00,11.0,13.0,27.2,0,0.16,0,1.1,4.0,5.1,20.745,0,87.0,3.1,0,218.0,215.0,2.2,2.5,189,2,1,7
09.07.2019 03:00:00,9.0,11.0,27.1,0,0.19,0,1.1,5.4,6.4,20.857,0,85.0,3.1,0,220.0,204.0,1.7,2.2,189,3,1,7
09.07.2019 04:00:00,10.0,7.9,26.5,0,0.21,0,1.1,6.0,7.1,20.885,0,87.0,3.1,0,207.0,219.0,2.1,2.2,189,4,1,7
09.07.2019 05:00:00,10.0,11.0,26.7,0,0.22,0,1.2,5.6,6.8,21.011,0,83.0,2.9,0,229.0,232.0,1.3,2.1,189,5,1,7
09.07.2019 06:00:00,9.0,11.0,26.9,0,0.22,0,1.8,5.3,7.2,21.081,0,81.0,3.2,0,210.0,219.0,3.6,2.0,189,6,1,7
09.07.2019 07:00:00,10.0,17.0,29.2,0,0.17,0,2.2,4.8,7.1,21.137,0,69.0,3.0,0,216.0,206.0,2.6,2.8,189,7,1,7
09.07.2019 08:00:00,11.0,16.0,29.9,0,0.2,0,3.3,6.4,9.6,21.221,0,67.0,3.0,0,207.0,208.0,2.6,2.6,189,8,1,7
09.07.2019 09:00:00,11.0,21.0,30.8,0,0.2,0,3.2,5.3,8.5,21.25,0,64.0,3.0,0,207.0,206.0,3.9,3.5,189,9,1,7
09.07.2019 10:00:00,13.0,25.0,31.2,0,0.22,0,3.0,6.7,9.7,21.25,0,64.0,3.1,0,214.0,220.0,5.4,3.8,189,10,1,7
09.07.2019 11:00:00,11.0,35.0,32.6,0,0.17,0,2.8,4.5,7.2,21.223,0,60.0,3.0,0,234.0,234.0,5.0,5.3,189,11,1,7
09.07.2019 12:00:00,8.0,49.0,33.9,0,0.18,0,2.7,5.0,7.7,21.182,0,55.0,3.1,0,203.0,199.0,2.7,3.7,189,12,1,7
09.07.2019 13:00:00,11.0,47.0,34.5,0,0.16,0,2.7,5.3,8.1,21.072,0,52.0,2.8,0,206.0,235.0,1.5,1.7,189,13,1,7
09.07.2019 14:00:00,17.0,53.0,33.8,0,0.17,0,2.5,5.6,8.1,21.059,0,58.0,2.7,0,68.0,57.0,3.8,1.3,189,14,1,7
09.07.2019 15:00:00,19.0,57.0,31.1,0,0.18,0,3.3,7.9,11.0,21.157,0,75.0,3.6,0,30.0,30.0,2.3,1.9,189,15,1,7
09.07.2019 16:00:00,18.0,52.0,31.2,0,0.17,0,3.0,6.4,9.5,21.282,0,73.0,3.1,0,12.0,10.0,1.4,2.0,189,16,1,7
09.07.2019 17:00:00,15.0,51.0,31.9,0,0.21,0,2.6,6.5,9.0,21.366,0,67.0,3.0,0,13.0,277.0,0.8,1.0,189,17,1,7
09.07.2019 18:00:00,13.0,40.0,31.9,0,0.23,0,2.9,8.6,11.0,21.284,0,68.0,2.8,0,262.0,332.0,1.6,0.5,189,18,1,7
09.07.2019 19:00:00,12.0,38.0,30.5,0,0.15,0,2.3,5.8,8.2,21.256,0,72.0,3.0,0,321.0,312.0,2.2,2.6,189,19,1,7
09.07.2019 20:00:00,12.0,33.0,29.8,0,0.17,0,2.1,5.7,7.9,21.271,0,75.0,2.7,0,280.0,219.0,1.7,0.9,189,20,1,7
09.07.2019 21:00:00,15.0,25.0,28.6,0,0.18,0,1.9,5.9,7.7,21.286,0,80.0,2.7,0,217.0,211.0,2.6,2.0,189,21,1,7
09.07.2019 22:00:00,15.0,20.0,27.6,0,0.16,0,2.2,4.6,6.7,21.259,0,84.0,2.6,0,215.0,215.0,3.4,3.3,189,22,1,7
09.07.2019 23:00:00,11.0,15.0,27.3,0,0.18,0,2.3,5.0,7.3,21.232,0,84.0,2.5,0,214.0,207.0,3.4,3.4,189,23,1,7
09.07.2019 24:00:00,12.0,9.7,27.3,0,0.22,0,2.2,6.9,9.1,21.246,0,82.0,2.4,0,211.0,212.0,2.2,2.4,189,24,1,7
10.07.2019 01:00:00,14.0,8.1,27.1,0,0.23,0,1.7,6.8,8.5,21.275,0,82.0,3.0,0,207.0,197.0,2.1,2.1,190,1,2,7
10.07.2019 02:00:00,11.0,7.3,26.6,0,0.2,0,-0.2,7.8,7.6,21.31,0,84.0,3.3,0,201.0,203.0,2.1,1.8,190,2,2,7
10.07.2019 03:00:00,8.0,14.0,27.4,0,0.14,0,-0.1,6.2,6.1,21.4,0,77.0,3.6,0,214.0,217.0,3.5,3.2,190,3,2,7
10.07.2019 04:00:00,9.0,17.0,27.9,0,0.12,0,0.1,4.6,4.7,21.449,0,74.0,3.4,0,214.0,220.0,3.9,3.7,190,4,2,7
10.07.2019 05:00:00,11.0,16.0,27.9,0,0.12,0,0.4,4.8,5.3,21.497,0,74.0,3.1,0,215.0,214.0,3.8,3.7,190,5,2,7
10.07.2019 06:00:00,10.0,18.0,28.1,0,0.14,0,0.8,4.4,5.2,21.574,0,73.0,2.9,0,215.0,217.0,3.7,3.6,190,6,2,7
10.07.2019 07:00:00,11.0,16.0,28.8,0,0.17,0,3.1,5.7,8.8,21.553,0,72.0,2.9,0,212.0,209.0,3.4,3.3,190,7,2,7
10.07.2019 08:00:00,11.0,17.0,30.7,0,0.19,0,3.6,7.0,11.0,21.588,0,67.0,3.1,0,214.0,221.0,3.3,2.7,190,8,2,7
10.07.2019 09:00:00,11.0,26.0,32.0,0,0.15,0,2.3,6.0,8.3,21.637,0,61.0,3.4,0,245.0,270.0,2.9,1.7,190,9,2,7
10.07.2019 10:00:00,11.0,33.0,31.7,0,0.19,0,3.7,11.0,14.0,21.672,0,66.0,3.7,0,55.0,74.0,4.3,2.2,190,10,2,7
10.07.2019 11:00:00,15.0,46.0,31.1,0,0.19,0,3.0,8.8,12.0,21.776,0,73.0,3.9,0,57.0,44.0,2.8,3.0,190,11,2,7
10.07.2019 12:00:00,18.0,56.0,30.7,0,0.17,0,2.3,4.7,7.0,21.616,0,77.0,3.6,0,37.0,52.0,2.5,2.0,190,12,2,7
10.07.2019 13:00:00,19.0,60.0,31.0,0,0.19,0,1.8,4.1,6.0,21.595,0,75.0,3.9,0,24.0,18.0,2.1,1.8,190,13,2,7
10.07.2019 14:00:00,19.0,50.0,30.9,0,0.16,0,1.8,3.3,5.1,21.533,0,76.0,3.2,0,43.0,77.0,2.8,1.6,190,14,2,7
10.07.2019 15:00:00,19.0,34.0,31.0,0,0.12,0,2.2,5.0,7.2,21.36,0,76.0,3.6,0,50.0,37.0,1.7,1.7,190,15,2,7
10.07.2019 16:00:00,15.0,31.0,30.9,0,0.12,0,2.8,5.4,8.2,21.186,0,75.0,3.3,0,51.0,72.0,2.7,1.7,190,16,2,7
10.07.2019 17:00:00,13.0,33.0,30.9,0,0.13,0,2.3,5.2,7.5,21.013,0,74.0,3.3,0,75.0,32.0,1.8,1.3,190,17,2,7
10.07.2019 18:00:00,14.0,33.0,30.4,0,0.13,0,2.3,6.2,8.5,20.77,0,76.0,3.0,0,1.2,351.0,1.4,1.1,190,18,2,7
10.07.2019 19:00:00,15.0,31.0,30.5,0,0.14,0,1.5,6.8,8.3,20.568,0,75.0,3.3,0,33.0,327.0,0.7,1.0,190,19,2,7
10.07.2019 20:00:00,19.0,21.0,29.4,0,0.21,0,1.2,9.1,10.0,20.464,0,81.0,2.9,0,216.0,210.0,2.3,1.9,190,20,2,7
10.07.2019 21:00:00,19.0,19.0,28.5,0,0.16,0,1.1,6.3,7.4,20.43,0,84.0,3.2,0,210.0,210.0,3.3,2.9,190,21,2,7
10.07.2019 22:00:00,15.0,17.0,28.6,0,0.18,0,1.2,7.3,8.5,20.423,0,82.0,3.1,0,209.0,202.0,2.1,2.3,190,22,2,7
10.07.2019 23:00:00,13.0,16.0,28.5,0,0.18,0,1.4,7.6,9.0,20.402,0,83.0,3.1,0,206.0,212.0,3.5,2.3,190,23,2,7
10.07.2019 24:00:00,14.0,15.0,27.8,0,0.18,0,1.1,6.6,7.6,20.368,0,85.0,3.2,0,210.0,214.0,2.8,3.2,190,24,2,7
11.07.2019 01:00:00,11.0,11.0,27.4,0,0.22,0,1.1,7.5,8.6,20.361,0,86.0,2.7,0,215.0,214.0,3.4,3.3,191,1,3,7
11.07.2019 02:00:00,11.0,12.0,27.4,0,0.2,0,0.5,6.4,7.0,20.362,0,86.0,1.3,0,210.0,211.0,3.6,3.3,191,2,3,7
11.07.2019 03:00:00,13.0,13.0,27.3,0,0.18,0,0.5,5.5,6.0,20.419,0,86.0,1.6,0,211.0,211.0,3.4,3.2,191,3,3,7
11.07.2019 04:00:00,11.0,14.0,27.2,0,0.16,0,0.3,4.5,4.8,20.447,0,87.0,1.6,0,211.0,209.0,2.9,3.3,191,4,3,7
11.07.2019 05:00:00,11.0,14.0,27.0,0,0.15,0,0.1,3.8,3.9,20.476,0,88.0,1.4,0,213.0,216.0,3.5,3.4,191,5,3,7
11.07.2019 06:00:00,11.0,13.0,27.0,0,0.14,0,0.4,4.0,4.4,20.478,0,89.0,2.1,0,213.0,214.0,3.3,3.4,191,6,3,7
11.07.2019 07:00:00,11.0,13.0,28.0,0,0.16,0,1.9,6.8,8.7,20.52,0,86.0,3.4,0,212.0,217.0,2.1,2.7,191,7,3,7
11.07.2019 08:00:00,16.0,21.0,29.7,0,0.17,0,2.7,5.9,8.5,20.633,0,81.0,3.1,0,211.0,204.0,0.9,1.9,191,8,3,7
11.07.2019 09:00:00,18.0,29.0,31.1,0,0.18,0,3.5,7.8,11.0,20.675,0,74.0,2.0,0,97.0,79.0,3.5,1.6,191,9,3,7
11.07.2019 10:00:00,17.0,35.0,31.1,0,0.12,0,3.2,4.6,7.8,20.76,0,76.0,1.5,0,79.0,78.0,3.3,3.5,191,10,3,7
11.07.2019 11:00:00,14.0,33.0,31.3,0,0.13,0,2.5,5.2,7.6,20.761,0,76.0,1.3,0,26.0,327.0,3.7,2.1,191,11,3,7
11.07.2019 12:00:00,13.0,45.0,30.2,0,0.18,0,2.3,6.3,8.6,20.651,0,77.0,1.6,0,23.0,51.0,4.4,3.1,191,12,3,7
11.07.2019 13:00:00,15.0,41.0,29.3,0,0.15,0,2.0,4.7,6.8,20.541,0,80.0,1.5,0,111.0,134.0,5.8,3.5,191,13,3,7
11.07.2019 14:00:00,13.0,38.0,28.5,0,0.12,0,1.5,3.1,4.6,20.53,0,80.0,1.0,0,123.0,119.0,2.7,4.1,191,14,3,7
11.07.2019 15:00:00,11.0,39.0,28.4,0,0.15,0,1.4,4.3,5.7,20.656,0,81.0,0.9,0,110.0,100.0,3.0,2.3,191,15,3,7
11.07.2019 16:00:00,10.0,41.0,28.4,0,0.14,0,1.6,3.6,5.2,20.645,0,83.0,1.2,0,131.0,135.0,1.4,1.6,191,16,3,7
11.07.2019 17:00:00,15.0,34.0,28.6,0,0.17,0,2.1,8.2,10.0,20.634,0,84.0,3.4,0,209.0,224.0,1.8,1.2,191,17,3,7
11.07.2019 18:00:00,16.0,29.0,28.8,0,0.2,0,3.0,14.0,17.0,20.623,0,83.0,3.4,0,89.0,75.0,1.8,1.0,191,18,3,7
11.07.2019 19:00:00,14.0,35.0,28.5,0,0.18,0,1.8,7.6,9.3,20.612,0,84.0,1.1,0,31.0,352.0,2.0,1.7,191,19,3,7
11.07.2019 20:00:00,15.0,31.0,28.4,0,0.18,0,1.8,7.0,8.8,20.601,0,84.0,0.8,0,243.0,213.0,2.0,1.3,191,20,3,7
11.07.2019 21:00:00,14.0,16.0,28.0,0,0.22,0,1.3,9.4,11.0,20.59,0,87.0,1.4,0,214.0,209.0,3.1,2.2,191,21,3,7
11.07.2019 22:00:00,11.0,11.0,27.3,0,0.19,0,0.9,6.5,7.5,20.579,0,89.0,1.0,0,217.0,214.0,2.8,2.2,191,22,3,7
11.07.2019 23:00:00,11.0,11.0,26.7,0,0.16,0,0.7,5.7,6.4,20.568,0,89.0,1.3,0,220.0,221.0,3.4,3.1,191,23,3,7
11.07.2019 24:00:00,11.0,14.0,26.4,0,0.14,0,0.4,4.4,4.8,20.557,0,87.0,1.1,0,219.0,222.0,3.1,3.3,191,24,3,7
12.07.2019 01:00:00,11.0,15.0,26.4,0,0.14,0,0.5,3.7,4.2,20.546,0,87.0,1.9,0,214.0,206.0,3.5,2.9,192,1,4,7
12.07.2019 02:00:00,12.0,14.0,26.1,0,0.14,0,1.1,2.7,3.7,20.553,0,88.0,3.2,0,206.0,207.0,3.2,2.9,192,2,4,7
12.07.2019 03:00:00,9.0,12.0,26.0,0,0.18,0,1.5,3.9,5.4,20.56,0,88.0,3.1,0,208.0,207.0,3.4,2.9,192,3,4,7
12.07.2019 04:00:00,9.0,6.5,26.8,0,0.29,0,1.1,11.0,12.0,20.567,0,86.0,3.2,0,206.0,213.0,3.0,3.0,192,4,4,7
12.07.2019 05:00:00,11.0,5.1,26.4,0,0.28,0,0.7,10.0,11.0,20.574,0,88.0,3.5,0,199.0,194.0,2.0,2.5,192,5,4,7
12.07.2019 06:00:00,10.0,6.5,26.3,0,0.31,0,2.1,8.8,11.0,20.581,0,88.0,3.7,0,195.0,181.0,1.2,1.7,192,6,4,7
12.07.2019 07:00:00,11.0,8.8,27.6,0,0.35,0,5.7,7.9,14.0,20.587,0,83.0,4.1,0,167.0,51.0,1.5,0.5,192,7,4,7
12.07.2019 08:00:00,11.0,18.0,30.3,0,0.29,0,4.1,8.1,12.0,20.594,0,70.0,4.1,0,192.0,217.0,2.4,0.6,192,8,4,7
12.07.2019 09:00:00,12.0,31.0,32.2,0,0.21,0,2.4,6.3,8.7,20.601,0,61.0,4.1,0,105.0,103.0,2.9,0.4,192,9,4,7
12.07.2019 10:00:00,17.0,39.0,32.0,0,0.22,0,3.0,6.6,9.5,20.608,0,66.0,3.8,0,58.0,69.0,3.7,1.6,192,10,4,7
12.07.2019 11:00:00,15.0,47.0,31.1,0,0.0,0,2.225,8.979,11.581,20.615,0,73.0,2.964,0,53.0,47.0,2.9,3.2,192,11,4,7
12.07.2019 12:00:00,13.236,28.465,31.1,0,0.17,0,3.0,4.7,7.7,20.622,0,75.0,2.964,0,43.0,52.0,3.0,2.3,192,12,4,7
12.07.2019 13:00:00,25.0,58.0,31.0,0,0.18,0,2.7,4.3,7.0,44.0,0,76.0,2.963,0,34.0,28.0,3.5,2.8,192,13,4,7
12.07.2019 14:00:00,21.0,55.0,30.7,0,0.17,0,2.6,4.8,7.3,45.0,0,78.0,2.3,0,32.0,62.0,2.7,2.6,192,14,4,7
12.07.2019 15:00:00,15.0,42.0,28.2,0,0.15,0,2.2,3.4,5.5,18.0,14.0,87.0,2.3,0,212.0,246.0,2.9,1.0,192,15,4,7
12.07.2019 16:00:00,12.0,32.0,26.9,0,0.17,0,2.2,5.2,7.4,16.0,0.8,91.0,2.1,0,222.0,219.0,3.1,2.8,192,16,4,7
12.07.2019 17:00:00,11.0,26.0,26.8,0,0.19,0,2.2,5.8,8.0,15.0,0,91.0,2.1,0,219.0,219.0,3.0,3.2,192,17,4,7
12.07.2019 18:00:00,10.0,21.0,26.9,0,0.2,0,2.3,6.5,8.8,14.0,0,89.0,2.7,0,218.0,220.0,4.1,4.1,192,18,4,7
12.07.2019 19:00:00,9.0,24.0,27.1,0,0.18,0,1.8,4.8,6.6,18.0,0,87.0,2.3,0,218.0,217.0,3.8,3.5,192,19,4,7
12.07.2019 20:00:00,8.0,18.0,26.5,0,0.18,0,2.0,3.8,5.7,20.0,0,89.0,2.1,0,218.0,217.0,3.8,3.6,192,20,4,7
12.07.2019 21:00:00,9.0,17.0,26.2,0,0.17,0,2.2,3.9,6.1,21.0,0,90.0,2.2,0,220.0,227.0,2.4,3.4,192,21,4,7
12.07.2019 22:00:00,9.0,14.0,26.1,0,0.16,0,1.8,4.4,6.2,29.0,0,90.0,2.0,0,212.0,207.0,3.6,3.5,192,22,4,7
12.07.2019 23:00:00,9.0,11.0,26.2,0,0.2,0,2.0,5.7,7.7,30.0,0,90.0,1.9,0,208.0,197.0,2.5,3.1,192,23,4,7
12.07.2019 24:00:00,11.0,6.1,26.3,0,0.35,0,2.5,12.0,15.0,28.0,0,90.0,1.9,0,206.0,228.0,1.7,2.1,192,24,4,7
13.07.2019 01:00:00,13.0,3.4,27.1,0,0.5,0,1.8,22.0,24.0,35.0,0,87.0,3.3,0,257.0,333.0,0.8,0.3,193,1,5,7
13.07.2019 02:00:00,12.0,14.0,27.6,0,0.19,0,1.3,7.8,9.1,26.0,0,83.0,2.1,0,218.0,221.0,2.3,1.5,193,2,5,7
13.07.2019 03:00:00,11.0,19.0,28.3,0,0.14,0,2.1,5.0,7.2,26.0,0,77.0,1.9,0,205.0,193.0,3.2,2.4,193,3,5,7
13.07.2019 04:00:00,12.0,20.0,28.7,0,0.13,0,2.4,4.0,6.4,23.0,0,73.0,1.7,0,210.0,212.0,6.3,4.4,193,4,5,7
13.07.2019 05:00:00,13.0,21.0,28.7,0,0.11,0,2.9,3.0,6.0,21.0,0,73.0,1.6,0,212.0,212.0,4.5,4.7,193,5,5,7
13.07.2019 06:00:00,13.0,19.0,28.8,0,0.13,0,3.4,3.2,6.6,25.0,0,71.0,1.5,0,215.0,220.0,4.8,4.6,193,6,5,7
13.07.2019 07:00:00,13.0,20.0,29.6,0,0.12,0,3.5,3.3,6.9,21.0,0,68.0,1.3,0,225.0,225.0,5.4,4.5,193,7,5,7
13.07.2019 08:00:00,13.0,23.0,30.9,0,0.12,0,3.7,3.2,6.9,24.0,0,63.0,1.4,0,227.0,232.0,4.3,4.7,193,8,5,7
13.07.2019 09:00:00,13.0,28.0,32.0,0,0.14,0,3.9,3.7,7.6,21.0,0,59.0,1.3,0,225.0,232.0,6.4,4.7,193,9,5,7
13.07.2019 10:00:00,15.0,37.0,32.8,0,0.17,0,4.0,5.0,9.0,25.0,0,57.0,1.4,0,205.0,194.0,3.6,3.8,193,10,5,7
13.07.2019 11:00:00,17.0,52.0,33.9,0,0.18,0,3.8,5.7,9.5,25.0,0,54.0,1.3,0,197.0,203.0,2.9,2.8,193,11,5,7
13.07.2019 12:00:00,18.0,59.0,34.1,0,0.18,0,3.8,5.0,8.7,24.0,0,56.0,1.5,0,350.0,53.0,6.6,0.5,193,12,5,7
13.07.2019 13:00:00,18.0,49.0,30.7,0,0.15,0,4.2,3.1,7.3,38.0,0,76.0,1.6,0,49.0,43.0,3.1,4.6,193,13,5,7
13.07.2019 14:00:00,17.0,44.0,30.7,0,0.19,0,4.4,3.7,8.1,32.0,0,79.0,1.3,0,30.0,19.0,2.1,1.9,193,14,5,7
13.07.2019 15:00:00,15.0,39.0,30.7,0,0.18,0,4.4,4.4,8.8,33.0,0,79.0,1.3,0,50.0,56.0,2.9,2.4,193,15,5,7
13.07.2019 16:00:00,11.0,38.0,30.6,0,0.19,0,4.4,5.2,9.6,32.0,0,80.0,1.3,0,45.0,36.0,2.2,2.3,193,16,5,7
13.07.2019 17:00:00,13.0,26.0,30.2,0,0.23,0,4.8,5.4,10.0,36.0,0,82.0,1.0,0,38.0,37.0,1.6,1.8,193,17,5,7
13.07.2019 18:00:00,13.0,23.0,29.9,0,0.28,0,4.2,6.4,11.0,25.0,0,82.0,1.0,0,32.0,38.0,1.6,1.5,193,18,5,7
13.07.2019 19:00:00,11.0,22.0,29.6,0,0.15,0,3.4,5.0,8.3,22.0,0,82.0,1.3,0,85.0,111.0,1.0,0.9,193,19,5,7
13.07.2019 20:00:00,10.0,15.0,29.2,0,0.16,0,3.2,6.9,10.0,25.0,0,83.0,1.2,0,184.0,204.0,1.3,0.9,193,20,5,7
13.07.2019 21:00:00,8.0,8.4,28.1,0,0.19,0,3.7,8.1,12.0,27.0,0,86.0,1.3,0,203.0,207.0,1.7,1.7,193,21,5,7
13.07.2019 22:00:00,12.0,6.0,27.6,0,0.23,0,3.5,8.9,12.0,21.0,0,87.0,1.4,0,208.0,204.0,2.7,1.7,193,22,5,7
13.07.2019 23:00:00,14.0,5.3,27.3,0,0.27,0,5.0,9.7,15.0,27.0,0,86.0,1.8,0,203.0,174.0,0.8,0.9,193,23,5,7
13.07.2019 24:00:00,13.0,10.0,28.0,0,0.27,0,2.9,9.8,13.0,26.0,0,82.0,1.7,0,212.0,213.0,1.6,1.7,193,24,5,7
14.07.2019 01:00:00,13.0,9.6,27.8,0,0.24,0,2.3,9.2,12.0,29.0,0,82.0,0.9,0,209.0,212.0,1.9,1.5,194,1,6,7
14.07.2019 02:00:00,9.0,12.0,27.6,0,0.2,0,1.2,7.0,8.1,27.0,0,80.0,2.6,0,213.0,225.0,1.8,2.3,194,2,6,7
14.07.2019 03:00:00,8.0,13.0,27.8,0,0.19,0,1.2,5.7,6.9,21.0,0,76.0,2.5,0,217.0,251.0,0.9,1.8,194,3,6,7
14.07.2019 04:00:00,9.0,16.0,28.6,0,0.16,0,1.1,5.6,6.7,23.0,0,70.0,2.3,0,176.0,124.0,1.9,0.8,194,4,6,7
14.07.2019 05:00:00,11.0,19.0,29.5,0,0.14,0,1.3,4.0,5.2,15.0,0,65.0,2.3,0,101.0,163.0,2.1,1.2,194,5,6,7
14.07.2019 06:00:00,13.0,21.0,29.7,0,0.15,0,1.9,4.0,5.9,21.0,0,64.0,1.9,0,159.0,73.0,2.8,0.3,194,6,6,7
14.07.2019 07:00:00,13.0,20.0,30.1,0,0.16,0,2.8,5.0,7.7,22.0,0,65.0,2.2,0,242.0,247.0,4.7,1.3,194,7,6,7
14.07.2019 08:00:00,12.0,23.0,31.1,0,0.14,0,2.7,3.2,5.9,18.0,0,60.0,2.0,0,228.0,230.0,5.3,4.2,194,8,6,7
14.07.2019 09:00:00,11.0,28.0,32.1,0,0.15,0,2.8,3.5,6.3,23.0,0,58.0,2.0,0,232.0,236.0,3.5,3.0,194,9,6,7
14.07.2019 10:00:00,12.0,34.0,32.9,0,0.13,0,2.7,3.3,6.0,21.0,0,57.0,2.1,0,233.0,231.0,3.7,4.9,194,10,6,7
14.07.2019 11:00:00,15.0,40.0,33.6,0,0.13,0,2.5,3.1,5.6,25.0,0,57.0,1.8,0,230.0,235.0,5.0,5.1,194,11,6,7
14.07.2019 12:00:00,15.0,44.0,34.2,0,0.15,0,2.5,3.3,5.9,42.0,0,55.0,2.0,0,233.0,233.0,5.3,4.6,194,12,6,7
14.07.2019 13:00:00,16.0,51.0,34.9,0,0.16,0,2.6,3.5,6.1,30.0,0,54.0,1.9,0,232.0,241.0,5.0,4.8,194,13,6,7
14.07.2019 14:00:00,17.0,52.0,35.2,0,0.16,0,2.7,3.9,6.6,38.0,0,54.0,1.7,0,235.0,242.0,5.0,4.8,194,14,6,7
14.07.2019 15:00:00,17.0,51.0,34.2,0,0.17,0,3.0,4.6,7.6,36.0,0,61.0,2.0,0,250.0,60.0,4.3,0.2,194,15,6,7
14.07.2019 16:00:00,17.0,41.0,30.6,0,0.14,0,3.2,3.7,6.9,42.0,0,80.0,1.9,0,55.0,57.0,4.6,4.0,194,16,6,7
14.07.2019 17:00:00,14.0,45.0,30.3,0,0.16,0,3.0,4.5,7.5,44.0,0,80.0,1.9,0,53.0,58.0,1.9,3.5,194,17,6,7
14.07.2019 18:00:00,15.0,41.0,30.6,0,0.17,0,2.6,6.1,8.7,33.0,0,78.0,1.5,0,226.0,200.0,1.7,1.1,194,18,6,7
14.07.2019 19:00:00,16.0,36.0,30.6,0,0.2,0,2.4,6.2,8.6,31.0,0,77.0,1.9,0,142.0,41.0,1.1,0.7,194,19,6,7
14.07.2019 20:00:00,11.0,22.0,29.8,0,0.28,0,2.8,12.0,15.0,26.0,0,79.0,1.9,0,150.0,208.0,2.0,0.5,194,20,6,7
14.07.2019 21:00:00,11.0,21.0,28.9,0,0.21,0,2.1,6.4,8.5,28.0,0,84.0,1.8,0,222.0,212.0,1.9,2.0,194,21,6,7
14.07.2019 22:00:00,14.0,18.0,28.6,0,0.18,0,1.7,5.3,7.0,25.0,0,84.0,1.9,0,212.0,213.0,2.3,2.4,194,22,6,7
14.07.2019 23:00:00,13.0,16.0,28.1,0,0.15,0,2.0,4.4,6.4,26.0,0,84.0,1.8,0,216.0,222.0,2.2,2.5,194,23,6,7
14.07.2019 24:00:00,12.0,15.0,27.5,0,0.14,0,2.0,3.8,5.8,26.0,0,84.0,1.5,0,217.0,216.0,3.0,2.5,194,24,6,7
15.07.2019 01:00:00,13.0,14.0,27.0,0,0.12,0,1.8,3.3,5.1,24.0,0,86.0,3.0,0,214.0,214.0,3.2,3.3,195,1,0,7
15.07.2019 02:00:00,10.0,14.0,26.6,0,0.1,0,0.2,1.6,1.9,17.0,0,85.0,3.3,0,214.0,219.0,3.5,3.5,195,2,0,7
15.07.2019 03:00:00,7.0,14.0,26.5,0,0.1,0,0.1,1.4,1.5,21.0,0,85.0,3.2,0,212.0,213.0,3.6,3.2,195,3,0,7
15.07.2019 04:00:00,11.0,13.0,26.3,0,0.12,0,0.0,1.8,1.8,25.0,0,86.0,3.2,0,214.0,214.0,3.5,3.6,195,4,0,7
15.07.2019 05:00:00,14.0,11.0,26.8,0,0.17,0,-0.2,3.6,3.4,24.0,0,86.0,3.6,0,213.0,216.0,4.0,2.9,195,5,0,7
15.07.2019 06:00:00,13.0,9.3,27.0,0,0.21,0,0.2,5.8,6.0,24.0,0,85.0,3.7,0,220.0,220.0,3.6,3.4,195,6,0,7
15.07.2019 07:00:00,11.0,9.2,27.9,0,0.25,0,3.1,8.0,11.0,29.0,0,82.0,4.7,0,218.0,217.0,2.4,2.9,195,7,0,7
15.07.2019 08:00:00,15.0,12.0,29.2,0,0.28,0,5.7,8.0,14.0,28.0,0,77.0,4.8,0,212.0,229.0,1.2,1.9,195,8,0,7
15.07.2019 09:00:00,19.0,18.0,30.4,0,0.28,0,5.3,8.7,14.0,37.0,0,75.0,5.5,0,21.0,25.0,2.0,1.8,195,9,0,7
15.07.2019 10:00:00,16.0,23.0,31.1,0,0.23,0,5.3,9.0,14.0,36.0,0,72.0,8.0,0,37.0,28.0,2.1,1.8,195,10,0,7
15.07.2019 11:00:00,15.0,38.0,31.2,0,0.21,0,2.4,6.5,8.9,33.0,0,72.0,7.3,0,49.0,50.0,3.7,3.0,195,11,0,7
15.07.2019 12:00:00,21.0,62.0,31.0,0,0.23,0,1.1,4.7,5.8,37.0,0,75.0,5.8,0,52.0,54.0,3.8,3.6,195,12,0,7
15.07.2019 13:00:00,22.0,65.0,31.1,0,0.2,0,1.5,3.8,5.3,36.0,0,76.0,4.7,0,61.0,76.0,3.0,3.2,195,13,0,7
15.07.2019 14:00:00,19.0,68.0,31.5,0,0.2,0,1.8,4.4,6.2,40.0,0,74.0,4.8,0,63.0,52.0,2.5,2.7,195,14,0,7
15.07.2019 15:00:00,20.0,59.0,31.4,0,0.14,0,1.6,2.1,3.6,33.0,0,73.0,4.1,0,45.0,41.0,1.9,2.2,195,15,0,7
15.07.2019 16:00:00,19.0,57.0,30.8,0,0.15,0,1.4,2.5,3.9,41.0,0,76.0,4.0,0,49.0,64.0,2.6,1.6,195,16,0,7
15.07.2019 17:00:00,19.0,64.0,30.2,0,0.18,0,1.3,3.6,4.9,39.0,0,80.0,4.5,0,58.0,81.0,2.1,1.7,195,17,0,7
15.07.2019 18:00:00,21.0,69.0,30.3,0,0.22,0,1.6,3.4,4.9,38.0,0,79.0,4.7,0,120.0,112.0,2.3,1.5,195,18,0,7
15.07.2019 19:00:00,23.0,56.0,29.8,0,0.18,0,1.5,3.5,5.0,37.0,0,79.0,4.6,0,118.0,131.0,1.7,2.1,195,19,0,7
15.07.2019 20:00:00,20.0,33.0,29.0,0,0.24,0,1.1,7.8,8.9,35.0,0,83.0,3.9,0,202.0,202.0,2.6,2.1,195,20,0,7
15.07.2019 21:00:00,14.0,17.0,28.3,0,0.2,0,1.3,7.4,8.7,27.0,0,84.0,3.3,0,202.0,206.0,3.0,2.4,195,21,0,7
15.07.2019 22:00:00,15.0,14.0,27.5,0,0.16,0,0.5,3.7,4.2,29.0,0,86.0,3.1,0,207.0,211.0,3.4,3.1,195,22,0,7
15.07.2019 23:00:00,17.0,13.0,27.1,0,0.12,0,0.2,2.6,2.8,19.0,0,85.0,2.9,0,208.0,209.0,2.9,3.4,195,23,0,7
15.07.2019 24:00:00,12.0,13.0,26.9,0,0.11,0,0.3,2.1,2.3,20.0,0,84.0,3.0,0,210.0,209.0,3.4,3.5,195,24,0,7
16.07.2019 01:00:00,7.0,12.0,26.4,0,0.1,0,0.2,1.8,2.0,20.0,0,86.0,3.3,0,207.0,209.0,2.6,3.0,196,1,1,7
16.07.2019 02:00:00,8.0,13.0,26.7,0,0.11,0,1.1,1.9,3.0,28.0,0,85.0,3.4,0,215.0,221.0,3.0,2.4,196,2,1,7
16.07.2019 03:00:00,11.0,13.0,27.0,0,0.15,0,1.3,3.6,4.9,22.0,0,84.0,3.7,0,218.0,213.0,3.5,2.7,196,3,1,7
16.07.2019 04:00:00,12.0,12.0,26.5,0,0.17,0,1.1,4.4,5.4,21.0,0,87.0,3.8,0,212.0,212.0,3.5,3.2,196,4,1,7
16.07.2019 05:00:00,15.0,9.4,26.4,0,0.23,0,1.0,6.1,7.1,31.0,0,88.0,3.7,0,218.0,221.0,3.3,3.5,196,5,1,7
16.07.2019 06:00:00,17.0,7.7,26.3,0,0.26,0,1.1,7.3,8.4,32.0,0,89.0,3.9,0,219.0,223.0,3.3,3.4,196,6,1,7
16.07.2019 07:00:00,19.0,9.1,26.8,0,0.28,0,3.1,6.2,9.4,34.0,0,87.0,4.1,0,215.0,214.0,3.5,3.4,196,7,1,7
16.07.2019 08:00:00,20.0,18.0,29.3,0,0.32,0,4.2,7.8,12.0,37.0,0,78.0,5.1,0,207.0,34.0,1.8,0.8,196,8,1,7
16.07.2019 09:00:00,22.0,32.0,30.2,0,0.29,0,3.7,9.3,13.0,40.0,0,77.0,6.1,0,38.0,23.0,2.2,2.0,196,9,1,7
16.07.2019 10:00:00,19.0,30.0,30.2,0,0.16,0,3.8,7.0,11.0,36.0,0,77.0,4.9,0,75.0,66.0,2.8,3.5,196,10,1,7
16.07.2019 11:00:00,16.0,29.0,30.8,0,0.12,0,3.4,3.5,6.8,30.0,0,75.0,4.3,0,52.0,52.0,4.0,2.7,196,11,1,7
16.07.2019 12:00:00,19.0,28.0,30.8,0,0.11,0,2.4,1.3,3.7,21.0,0,79.0,3.9,0,61.0,65.0,5.2,4.2,196,12,1,7
16.07.2019 13:00:00,13.0,24.0,30.6,0,0.09,0,2.4,1.9,4.3,24.0,0,79.0,3.6,0,77.0,78.0,5.5,4.7,196,13,1,7
16.07.2019 14:00:00,11.0,23.0,30.8,0,0.1,0,2.2,1.4,3.6,21.0,0,76.0,3.5,0,73.0,70.0,4.5,4.0,196,14,1,7
16.07.2019 15:00:00,12.0,20.0,31.1,0,0.09,0,2.7,1.9,4.6,23.0,0,71.0,3.5,0,76.0,75.0,4.9,4.2,196,15,1,7
16.07.2019 16:00:00,9.0,24.0,30.4,0,0.08,0,1.7,1.2,2.9,19.0,0,76.0,3.8,0,73.0,63.0,4.9,4.2,196,16,1,7
16.07.2019 17:00:00,8.0,18.0,30.2,0,0.09,0,3.1,2.6,5.7,24.0,0,80.0,3.1,0,64.0,73.0,5.0,4.6,196,17,1,7
16.07.2019 18:00:00,7.0,16.0,29.7,0,0.09,0,1.8,1.5,3.3,17.0,0,80.0,3.3,0,72.0,75.0,3.3,3.7,196,18,1,7
16.07.2019 19:00:00,9.0,19.0,29.5,0,0.1,0,1.5,2.0,3.6,19.0,0,79.0,3.2,0,91.0,120.0,2.7,2.1,196,19,1,7
16.07.2019 20:00:00,10.0,19.0,29.6,0,0.1,0,2.1,2.1,4.2,14.0,0,79.0,3.1,0,127.0,130.0,2.7,2.1,196,20,1,7
16.07.2019 21:00:00,10.0,17.0,29.3,0,0.1,0,2.0,1.9,3.8,20.0,0,82.0,3.3,0,122.0,97.0,1.6,2.3,196,21,1,7
16.07.2019 22:00:00,10.0,17.0,29.2,0,0.1,0,1.3,2.0,3.3,21.0,0,83.0,3.1,0,124.0,109.0,3.7,2.1,196,22,1,7
16.07.2019 23:00:00,9.0,6.1,28.2,0,0.15,0,2.2,6.0,8.2,20.0,0,84.0,3.4,0,191.0,201.0,1.5,1.5,196,23,1,7
16.07.2019 24:00:00,8.0,5.7,28.0,0,0.15,0,1.5,6.3,7.9,15.0,0,83.0,3.3,0,199.0,196.0,1.6,1.4,196,24,1,7
17.07.2019 01:00:00,7.0,6.1,27.7,0,0.13,0,1.1,5.0,6.1,23.0,0,86.0,2.8,0,188.0,195.0,1.2,1.0,197,1,2,7
17.07.2019 02:00:00,7.0,7.6,27.9,0,0.07,0,1.1,2.5,3.5,13.0,0,87.0,2.2,0,154.0,138.0,2.1,1.8,197,2,2,7
17.07.2019 03:00:00,8.0,12.0,28.8,0,0.06,0,1.0,0.8,1.8,12.0,0,88.0,2.3,0,79.0,67.0,3.6,1.8,197,3,2,7
17.07.2019 04:00:00,12.0,12.0,28.7,0,0.06,0,1.3,1.2,2.5,13.0,0,89.0,2.4,0,74.0,72.0,3.8,3.2,197,4,2,7
17.07.2019 05:00:00,8.0,12.0,28.7,0,0.07,0,2.0,2.2,4.2,23.0,0,89.0,2.4,0,65.0,58.0,4.2,3.5,197,5,2,7
17.07.2019 06:00:00,2.0,14.0,28.7,0,0.06,0,2.1,1.7,3.8,24.0,0,90.0,2.1,0,62.0,67.0,4.4,3.7,197,6,2,7
17.07.2019 07:00:00,3.0,11.0,29.0,0,0.06,0,2.5,2.2,4.7,20.0,0,90.0,2.2,0,66.0,77.0,4.2,3.9,197,7,2,7
17.07.2019 08:00:00,6.0,9.3,29.6,0,0.07,0,3.4,1.8,5.1,23.0,0,87.0,2.4,0,75.0,75.0,4.1,4.2,197,8,2,7
17.07.2019 09:00:00,8.0,12.0,29.8,0,0.0,0,1.7,1.1,2.8,27.0,0,85.0,2.1,0,78.0,78.0,4.3,4.0,197,9,2,7
17.07.2019 10:00:00,8.0,13.0,30.3,0,0.07,0,3.7,2.5,6.2,30.0,0,83.0,2.2,0,62.0,62.0,5.0,4.2,197,10,2,7
17.07.2019 11:00:00,9.0,15.0,30.8,0,0.06,0,2.9,2.1,4.9,28.0,0,82.0,2.3,0,60.0,51.0,5.0,4.7,197,11,2,7
17.07.2019 12:00:00,9.0,17.0,30.1,0,0.06,0,1.6,0.9,2.6,26.0,0,85.0,2.0,0,52.0,49.0,6.1,6.2,197,12,2,7
17.07.2019 13:00:00,10.0,17.0,30.4,0,0.05,0,1.9,0.7,2.6,30.0,0,84.0,1.9,0,50.0,49.0,4.8,5.6,197,13,2,7
17.07.2019 14:00:00,9.0,16.0,30.4,0,0.06,0,2.4,1.3,3.7,33.0,0,83.0,1.9,0,51.0,52.0,6.7,5.5,197,14,2,7
17.07.2019 15:00:00,6.0,16.0,30.3,0,0.08,0,2.8,2.2,5.0,30.0,0,84.0,2.0,0,49.0,30.0,3.3,4.8,197,15,2,7
17.07.2019 16:00:00,7.0,15.0,30.2,0,0.11,0,4.0,3.7,7.7,50.0,0,85.0,1.9,0,44.0,42.0,4.3,4.2,197,16,2,7
17.07.2019 17:00:00,11.0,19.0,29.8,0,0.09,0,2.8,3.4,6.2,54.0,0,87.0,2.4,0,48.0,50.0,6.5,5.3,197,17,2,7
17.07.2019 18:00:00,9.0,17.0,29.2,0,0.07,0,1.8,1.7,3.5,39.0,4.0,90.0,1.9,0,47.0,28.0,5.3,6.3,197,18,2,7
17.07.2019 19:00:00,7.0,17.0,29.1,0,0.07,0,1.8,1.0,2.8,36.0,0.4,91.0,1.7,0,48.0,52.0,7.4,6.4,197,19,2,7
17.07.2019 20:00:00,6.0,18.0,29.3,0,0.06,0,1.2,0.9,2.1,40.0,0,90.0,1.9,0,51.0,50.0,6.2,6.2,197,20,2,7
17.07.2019 21:00:00,10.0,18.0,29.3,0,0.07,0,1.6,2.0,3.7,39.0,0,89.0,1.7,0,49.0,49.0,4.4,4.5,197,21,2,7
17.07.2019 22:00:00,12.0,17.0,29.1,0,0.07,0,2.0,1.5,3.5,44.0,0,89.0,1.9,0,46.0,45.0,4.2,3.9,197,22,2,7
17.07.2019 23:00:00,7.0,17.0,29.1,0,0.07,0,2.3,2.4,4.7,40.0,0,89.0,1.7,0,37.0,43.0,3.3,3.3,197,23,2,7
17.07.2019 24:00:00,6.0,18.0,29.0,0,0.07,0,2.0,1.2,3.2,40.0,0,89.0,1.9,0,34.0,24.0,4.7,3.2,197,24,2,7
18.07.2019 01:00:00,7.0,19.0,28.8,0,0.0,0,1.5,1.3,2.8,35.0,0,90.0,3.1,0,23.0,23.0,5.9,5.7,198,1,3,7
18.07.2019 02:00:00,5.0,17.0,28.7,0,0.06,0,1.4,0.9,2.3,36.0,0.2,90.0,3.8,0,31.0,32.0,4.7,4.7,198,2,3,7
18.07.2019 03:00:00,4.0,18.0,28.5,0,0.07,0,1.3,0.8,2.1,33.0,0.2,92.0,3.7,0,26.0,38.0,5.5,5.1,198,3,3,7
18.07.2019 04:00:00,6.0,20.0,28.3,0,0.07,0,1.2,0.8,2.0,25.0,0,92.0,3.7,0,31.0,41.0,3.9,4.9,198,4,3,7
18.07.2019 05:00:00,6.0,20.0,28.4,0,0.07,0,1.5,0.7,2.2,48.0,0,90.0,3.8,0,34.0,38.0,2.8,3.5,198,5,3,7
18.07.2019 06:00:00,7.0,23.0,28.4,0,0.08,0,1.8,3.1,4.8,57.0,0.8,90.0,3.8,0,28.0,32.0,3.3,3.6,198,6,3,7
18.07.2019 07:00:00,7.0,23.0,28.2,0,0.09,0,2.6,1.2,3.8,44.0,1.0,90.0,3.8,0,38.0,31.0,3.3,3.9,198,7,3,7
18.07.2019 08:00:00,6.0,23.0,28.9,0,0.09,0,2.5,1.1,3.6,66.0,0,87.0,3.6,0,22.0,21.0,4.6,4.1,198,8,3,7
18.07.2019 09:00:00,6.0,22.0,28.4,0,0.09,0,2.5,1.0,3.5,45.0,0.8,88.0,3.6,0,22.0,4.3,4.6,4.2,198,9,3,7
18.07.2019 10:00:00,7.0,24.0,29.3,0,0.08,0,2.5,1.7,4.2,49.0,0,85.0,3.6,0,20.0,20.0,5.9,5.7,198,10,3,7
18.07.2019 11:00:00,10.0,26.0,29.7,0,0.09,0,2.4,1.2,3.6,39.0,0,83.0,3.5,0,8.6,5.3,3.7,4.7,198,11,3,7
18.07.2019 12:00:00,11.125,23.0,29.0,0,0.08,0,3.3,1.6,5.0,31.028,7.646,87.0,3.5,0,359.0,6.2,3.4,3.8,198,12,3,7
18.07.2019 13:00:00,8.0,22.0,29.1,0,0.0,0,3.6,1.9,5.5,16.0,3.6,87.0,3.4,0,352.0,346.0,3.6,3.4,198,13,3,7
18.07.2019 14:00:00,8.0,19.0,29.2,0,0.09,0,3.4,1.6,5.0,28.0,0.8,86.0,3.7,0,339.0,341.0,3.5,3.3,198,14,3,7
18.07.2019 15:00:00,3.0,22.675,28.8,0,0.09,0,3.7,1.5,5.2,11.0,1.2,88.0,4.0,0,331.0,328.0,3.3,3.4,198,15,3,7
18.07.2019 16:00:00,10.422,21.0,29.1,0,0.0,0,2.26,7.904,10.701,30.158,0.4,86.0,2.899,0,335.0,321.0,3.6,3.6,198,16,3,7
18.07.2019 17:00:00,10.33,23.0,29.0,0,0.1,0,3.5,1.7,5.1,29.983,0,85.0,3.5,0,330.0,337.0,2.3,3.0,198,17,3,7
18.07.2019 18:00:00,9.0,24.0,28.9,0,0.1,0,2.2,1.7,3.9,23.0,0,83.0,3.4,0,321.0,319.0,2.4,2.4,198,18,3,7
18.07.2019 19:00:00,7.0,25.0,28.8,0,0.09,0,1.2,1.7,2.9,22.0,0.2,82.0,3.5,0,253.0,236.0,2.6,1.4,198,19,3,7
18.07.2019 20:00:00,7.0,24.0,28.4,0,0.1,0,1.6,1.9,3.5,21.0,0.4,84.0,3.4,0,253.0,249.0,1.4,0.8,198,20,3,7
18.07.2019 21:00:00,6.0,21.0,28.4,0,0.09,0,1.4,1.1,2.5,15.0,0,83.0,3.4,0,235.0,230.0,2.7,2.4,198,21,3,7
18.07.2019 22:00:00,6.0,19.0,28.1,0,0.09,0,1.2,1.3,2.5,21.0,0.8,85.0,3.4,0,233.0,234.0,1.8,1.8,198,22,3,7
18.07.2019 23:00:00,6.0,14.0,27.5,0,0.1,0,1.3,1.5,2.8,18.0,0,88.0,3.4,0,221.0,217.0,2.4,2.2,198,23,3,7
18.07.2019 24:00:00,5.0,13.0,27.3,0,0.0,0,1.6,1.7,3.3,21.0,0.4,91.0,3.4,0,221.0,230.0,3.1,2.4,198,24,3,7
19.07.2019 01:00:00,5.0,12.0,27.2,0,0.11,0,1.3,2.0,3.3,13.0,1.4,93.0,3.5,0,216.0,213.0,2.9,2.6,199,1,4,7
19.07.2019 02:00:00,4.0,12.0,27.1,0,0.12,0,0.2,3.9,4.1,13.0,0,93.0,2.3,0,218.0,213.0,2.3,2.4,199,2,4,7
19.07.2019 03:00:00,3.0,15.0,27.1,0,0.11,0,0.2,3.6,3.8,15.0,3.6,92.0,2.4,0,260.0,324.0,1.8,1.1,199,3,4,7
19.07.2019 04:00:00,6.0,18.0,27.0,0,0.09,0,0.5,2.4,3.0,8.0,3.2,92.0,2.2,0,248.0,223.0,2.7,1.7,199,4,4,7
19.07.2019 05:00:00,7.0,13.0,27.0,0,0.1,0,0.3,2.8,3.0,15.0,0.2,93.0,2.4,0,223.0,216.0,2.6,2.0,199,5,4,7
19.07.2019 06:00:00,3.0,13.0,27.0,0,0.11,0,0.6,3.0,3.6,16.0,0,93.0,2.5,0,223.0,225.0,3.0,2.8,199,6,4,7
19.07.2019 07:00:00,5.0,12.0,27.5,0,0.14,0,2.2,3.7,6.0,14.0,0,90.0,2.2,0,219.0,218.0,3.4,3.2,199,7,4,7
19.07.2019 08:00:00,7.0,15.0,29.2,0,0.16,0,3.1,4.3,7.4,15.0,0,83.0,2.4,0,221.0,184.0,0.8,1.9,199,8,4,7
19.07.2019 09:00:00,7.0,21.0,30.5,0,0.19,0,2.9,5.2,8.1,54.0,0,79.0,2.8,0,30.0,29.0,1.4,1.2,199,9,4,7
19.07.2019 10:00:00,11.0,28.0,30.9,0,0.19,0,3.2,8.3,12.0,65.0,0,77.0,2.8,0,35.0,356.0,1.5,1.4,199,10,4,7
19.07.2019 11:00:00,14.0,42.0,31.3,0,0.18,0,2.5,7.5,10.0,44.0,0,75.0,3.1,0,46.0,65.0,2.7,1.9,199,11,4,7
19.07.2019 12:00:00,14.0,41.0,31.9,0,0.18,0,2.9,8.8,12.0,36.0,0,71.0,3.7,0,69.0,50.0,3.5,2.2,199,12,4,7
19.07.2019 13:00:00,15.0,51.0,31.8,0,0.15,0,3.0,7.3,10.0,47.0,0,71.0,4.4,0,53.0,54.0,2.3,2.7,199,13,4,7
19.07.2019 14:00:00,15.0,46.0,31.5,0,0.13,0,2.1,4.0,6.1,29.0,0,70.0,3.3,0,80.0,99.0,3.1,2.0,199,14,4,7
19.07.2019 15:00:00,14.0,45.0,31.6,0,0.12,0,2.1,3.4,5.6,21.0,0,69.0,3.0,0,118.0,105.0,1.8,1.9,199,15,4,7
19.07.2019 16:00:00,12.0,43.0,31.2,0,0.13,0,2.4,5.9,8.4,21.0,0,72.0,3.0,0,118.0,136.0,1.3,0.9,199,16,4,7
19.07.2019 17:00:00,15.0,29.0,31.3,0,0.24,0,4.2,13.0,18.0,28.767,0,73.0,3.5,0,93.0,29.0,1.7,1.0,199,17,4,7
19.07.2019 18:00:00,15.0,31.0,30.8,0,0.26,0,3.5,14.0,18.0,53.0,0,76.0,3.1,0,55.0,132.0,1.0,0.7,199,18,4,7
19.07.2019 19:00:00,13.0,22.0,30.0,0,0.3,0,3.0,18.0,21.0,54.0,0,80.0,2.9,0,35.0,28.0,1.3,0.8,199,19,4,7
19.07.2019 20:00:00,14.0,17.0,29.3,0,0.3,0,2.5,16.0,19.0,51.0,0,83.0,2.9,0,37.0,294.0,0.6,0.8,199,20,4,7
19.07.2019 21:00:00,16.0,17.0,29.4,0,0.38,0,1.3,17.0,18.0,32.0,0,82.0,2.8,0,212.0,206.0,1.4,1.4,199,21,4,7
19.07.2019 22:00:00,18.0,11.0,28.9,0,0.41,0,1.8,16.0,17.0,40.0,0,85.0,3.1,0,208.0,211.0,2.1,1.3,199,22,4,7
19.07.2019 23:00:00,19.0,7.3,28.7,0,0.4,0,1.7,16.0,17.0,81.0,0,85.0,3.1,0,120.0,153.0,0.9,0.1,199,23,4,7
19.07.2019 24:00:00,21.0,11.0,29.0,0,0.39,0,1.1,16.0,17.0,60.0,0,84.0,3.0,0,308.0,217.0,0.5,0.2,199,24,4,7
20.07.2019 01:00:00,22.0,17.0,29.1,0,0.4,0,0.5,13.0,14.0,51.0,0,82.0,3.1,0,102.0,87.0,1.6,0.4,200,1,5,7
20.07.2019 02:00:00,20.0,23.0,29.7,0,0.36,0,1.9,11.0,13.0,29.0,0,78.0,2.5,0,182.0,187.0,1.4,1.5,200,2,5,7
20.07.2019 03:00:00,15.0,26.0,29.6,0,0.3,0,2.0,8.6,11.0,36.0,0,77.0,2.5,0,85.0,138.0,2.2,1.2,200,3,5,7
20.07.2019 04:00:00,14.0,29.0,29.8,0,0.22,0,2.2,4.5,6.7,18.0,0,74.0,2.4,0,192.0,29.0,1.0,0.8,200,4,5,7
20.07.2019 05:00:00,15.0,26.0,29.5,0,0.23,0,1.8,5.5,7.3,20.0,0,76.0,2.3,0,211.0,228.0,2.5,1.6,200,5,5,7
20.07.2019 06:00:00,15.0,24.0,28.3,0,0.22,0,1.7,4.9,6.6,24.0,0.2,84.0,2.3,0,220.0,233.0,2.9,2.6,200,6,5,7
20.07.2019 07:00:00,12.0,21.0,27.9,0,0.21,0,2.2,4.2,6.4,17.0,0,86.0,2.0,0,222.0,218.0,4.5,3.5,200,7,5,7
20.07.2019 08:00:00,9.0,17.0,28.2,0,0.22,0,2.8,4.4,7.2,13.0,0,84.0,2.1,0,217.0,214.0,2.1,2.8,200,8,5,7
20.07.2019 09:00:00,12.0,16.0,29.3,0,0.28,0,5.2,8.7,14.0,21.0,0,80.0,2.6,0,150.0,60.0,1.6,0.3,200,9,5,7
20.07.2019 10:00:00,18.0,30.0,30.8,0,0.19,0,3.5,5.9,9.3,44.0,0,74.0,2.7,0,42.0,26.0,1.6,1.7,200,10,5,7
20.07.2019 11:00:00,19.0,38.0,31.6,0,0.19,0,3.6,5.1,8.7,40.0,0,72.0,2.4,0,31.0,42.0,2.3,2.1,200,11,5,7
20.07.2019 12:00:00,15.0,39.0,31.7,0,0.13,0,3.5,5.3,8.8,18.0,0,73.0,2.0,0,74.0,72.0,3.8,3.6,200,12,5,7
20.07.2019 13:00:00,13.0,41.0,31.6,0,0.12,0,2.6,3.4,6.0,23.0,0,76.0,2.0,0,53.0,46.0,3.4,3.0,200,13,5,7
20.07.2019 14:00:00,13.0,41.0,31.7,0,0.12,0,2.5,2.6,5.1,31.0,0,77.0,1.6,0,53.0,58.0,3.8,3.1,200,14,5,7
20.07.2019 15:00:00,15.0,40.0,30.8,0,0.13,0,2.5,4.2,6.7,36.0,0,80.0,1.5,0,50.0,18.0,2.3,2.3,200,15,5,7
20.07.2019 16:00:00,11.0,44.0,29.9,0,0.13,0,2.3,3.7,6.1,26.0,0,83.0,1.6,0,351.0,346.0,3.1,2.3,200,16,5,7
20.07.2019 17:00:00,10.0,50.0,29.0,0,0.19,0,2.5,4.6,7.1,11.0,0,80.0,1.4,0,282.0,222.0,2.9,1.3,200,17,5,7
20.07.2019 18:00:00,9.0,32.0,27.9,0,0.19,0,2.8,4.8,7.6,14.0,0,83.0,1.4,0,212.0,202.0,2.2,2.9,200,18,5,7
20.07.2019 19:00:00,8.0,26.0,28.3,0,0.21,0,2.8,4.8,7.6,14.0,0,83.0,1.2,0,211.0,217.0,1.8,2.5,200,19,5,7
20.07.2019 20:00:00,9.0,18.0,27.9,0,0.22,0,2.5,4.4,6.9,19.0,0,87.0,1.5,0,209.0,208.0,2.2,2.3,200,20,5,7
20.07.2019 21:00:00,10.0,14.0,27.7,0,0.2,0,2.3,4.2,6.5,22.0,0,88.0,1.6,0,211.0,214.0,2.3,2.3,200,21,5,7
20.07.2019 22:00:00,9.0,13.0,27.5,0,0.19,0,2.0,3.4,5.4,31.049,0,89.0,1.7,0,212.0,212.0,3.0,2.8,200,22,5,7
20.07.2019 23:00:00,10.0,18.0,27.6,0,0.17,0,1.5,2.4,3.9,23.0,0,88.0,1.7,0,214.0,214.0,3.1,3.0,200,23,5,7
20.07.2019 24:00:00,12.0,19.0,27.7,0,0.17,0,1.5,2.4,4.0,27.0,0,88.0,1.8,0,215.0,213.0,2.6,2.8,200,24,5,7
21.07.2019 01:00:00,11.0,18.0,27.9,0,0.24,0,1.7,5.4,7.1,27.0,0,87.0,2.2,0,209.0,219.0,2.2,2.1,201,1,6,7
21.07.2019 02:00:00,9.0,10.0,27.7,0,0.3,0,1.0,8.7,9.6,32.0,0,89.0,3.2,0,220.0,211.0,1.8,1.3,201,2,6,7
21.07.2019 03:00:00,8.0,9.5,27.0,0,0.29,0,0.9,7.2,8.0,32.0,0,90.0,3.2,0,211.0,218.0,3.0,2.7,201,3,6,7
21.07.2019 04:00:00,9.0,8.2,26.5,0,0.28,0,0.9,6.2,7.1,28.0,0,91.0,2.9,0,206.0,203.0,3.1,2.9,201,4,6,7
21.07.2019 05:00:00,9.0,7.8,26.3,0,0.28,0,1.0,5.7,6.6,33.0,0,90.0,2.9,0,207.0,211.0,3.4,2.8,201,5,6,7
21.07.2019 06:00:00,9.0,8.8,26.3,0,0.28,0,1.3,5.8,7.0,28.0,0,90.0,2.8,0,211.0,216.0,3.8,3.8,201,6,6,7
21.07.2019 07:00:00,8.0,10.0,26.9,0,0.26,0,1.6,5.1,6.7,24.0,0,86.0,2.9,0,214.0,210.0,2.6,2.5,201,7,6,7
21.07.2019 08:00:00,12.0,17.0,28.5,0,0.28,0,3.1,4.9,8.1,18.0,0,83.0,3.3,0,203.0,159.0,0.8,1.5,201,8,6,7
21.07.2019 09:00:00,14.0,34.0,29.9,0,0.21,0,1.7,3.9,5.6,21.0,0,81.0,3.2,0,97.0,33.0,1.6,0.6,201,9,6,7
21.07.2019 10:00:00,10.0,40.0,30.7,0,0.17,0,1.6,3.2,4.8,32.0,0,78.0,3.2,0,44.0,44.0,2.8,2.0,201,10,6,7
21.07.2019 11:00:00,10.0,42.0,30.6,0,0.17,0,2.0,4.0,6.0,30.0,0,79.0,2.7,0,23.0,34.0,1.4,1.8,201,11,6,7
21.07.2019 12:00:00,11.0,43.0,31.0,0,0.22,0,2.9,5.8,8.7,34.0,0,76.0,2.9,0,52.0,44.0,3.2,2.4,201,12,6,7
21.07.2019 13:00:00,10.0,42.0,31.2,0,0.18,0,2.6,3.9,6.5,20.0,0,77.0,2.7,0,61.0,89.0,3.1,3.0,201,13,6,7
21.07.2019 14:00:00,7.0,39.0,30.8,0,0.16,0,2.3,3.2,5.5,11.0,8.6,73.0,2.2,0,165.0,178.0,4.1,2.7,201,14,6,7
21.07.2019 15:00:00,9.0,39.0,27.8,0,0.18,0,2.3,4.0,6.2,14.0,2.0,83.0,2.2,0,216.0,216.0,2.3,2.3,201,15,6,7
21.07.2019 16:00:00,9.0,26.0,27.9,0,0.2,0,2.4,5.3,7.7,9.0,0,88.0,2.4,0,209.0,209.0,2.7,2.3,201,16,6,7
21.07.2019 17:00:00,6.0,28.0,27.4,0,0.18,0,2.2,3.9,6.1,11.0,7.6,91.0,2.6,0,217.0,216.0,4.1,4.3,201,17,6,7
21.07.2019 18:00:00,7.0,34.0,26.5,0,0.17,0,2.2,4.0,6.2,13.0,1.0,89.0,2.2,0,213.0,213.0,4.4,4.7,201,18,6,7
21.07.2019 19:00:00,8.0,26.0,26.6,0,0.18,0,2.2,3.5,5.6,15.0,0,89.0,2.0,0,221.0,221.0,3.7,3.9,201,19,6,7
21.07.2019 20:00:00,7.0,20.0,26.8,0,0.19,0,1.8,4.2,6.0,20.0,0,89.0,2.3,0,226.0,220.0,2.1,2.4,201,20,6,7
21.07.2019 21:00:00,7.0,17.0,26.8,0,0.24,0,2.0,7.0,8.9,21.0,0,90.0,1.9,0,217.0,208.0,3.8,3.1,201,21,6,7
21.07.2019 22:00:00,8.0,14.0,26.3,0,0.17,0,1.7,3.1,4.7,24.0,0,91.0,2.1,0,211.0,214.0,3.9,3.8,201,22,6,7
21.07.2019 23:00:00,9.0,15.0,26.2,0,0.15,0,1.7,2.6,4.2,25.0,0,90.0,2.4,0,217.0,215.0,3.5,3.2,201,23,6,7
21.07.2019 24:00:00,7.0,15.0,26.2,0,0.15,0,1.3,2.4,3.7,29.0,0,90.0,2.4,0,216.0,216.0,3.2,3.4,201,24,6,7
22.07.2019 01:00:00,7.0,15.0,26.3,0,0.15,0,1.3,2.0,3.3,33.0,0,89.0,3.0,0,217.0,218.0,2.7,3.1,202,1,0,7
22.07.2019 02:00:00,7.0,15.0,26.3,0,0.12,0,0.7,1.2,1.9,27.0,0,90.0,2.9,0,220.0,228.0,2.8,3.2,202,2,0,7
22.07.2019 03:00:00,7.0,17.0,26.3,0,0.12,0,0.7,1.1,1.8,28.0,0,89.0,2.6,0,216.0,217.0,2.8,3.0,202,3,0,7
22.07.2019 04:00:00,8.0,15.0,26.3,0,0.14,0,0.5,1.4,1.9,31.0,0,89.0,2.9,0,211.0,209.0,2.7,2.6,202,4,0,7
22.07.2019 05:00:00,9.0,12.0,25.8,0,0.14,0,0.5,1.5,2.0,32.0,0,91.0,2.6,0,215.0,215.0,4.1,3.8,202,5,0,7
22.07.2019 06:00:00,7.0,11.0,25.7,0,0.16,0,0.9,2.0,2.9,34.0,0,90.0,2.6,0,206.0,216.0,3.1,3.0,202,6,0,7
22.07.2019 07:00:00,8.0,10.0,26.0,0,0.19,0,2.0,3.6,5.6,28.0,0,89.0,2.7,0,207.0,203.0,2.3,2.8,202,7,0,7
22.07.2019 08:00:00,9.0,9.7,26.6,0,0.24,0,3.8,5.4,9.1,21.0,1.6,89.0,2.9,0,206.0,195.0,3.1,2.4,202,8,0,7
22.07.2019 09:00:00,7.0,21.0,26.4,0,0.17,0,1.8,4.7,6.6,8.0,8.8,90.0,2.8,0,222.0,222.0,3.2,4.3,202,9,0,7
22.07.2019 10:00:00,6.0,27.0,28.0,0,0.17,0,2.5,3.4,5.9,6.0,0,84.0,2.8,0,209.0,195.0,2.4,2.7,202,10,0,7
22.07.2019 11:00:00,8.0,34.0,30.4,0,0.15,0,1.5,2.4,3.9,7.0,0,71.0,2.6,0,222.0,246.0,1.7,2.1,202,11,0,7
22.07.2019 12:00:00,8.0,39.0,30.4,0,0.19,0,2.9,8.1,11.0,16.0,0,74.0,2.9,0,54.0,44.0,2.5,2.3,202,12,0,7
22.07.2019 13:00:00,6.0,48.0,31.1,0,0.15,0,2.0,4.7,6.7,12.0,0,70.0,3.4,0,32.0,21.0,3.7,2.8,202,13,0,7
22.07.2019 14:00:00,7.0,50.0,31.8,0,0.14,0,1.6,2.6,4.2,12.0,0,65.0,3.4,0,24.0,21.0,5.6,3.8,202,14,0,7
22.07.2019 15:00:00,9.0,49.0,31.6,0,0.14,0,1.7,3.1,4.8,15.0,0,67.0,3.3,0,41.0,46.0,3.4,3.8,202,15,0,7
22.07.2019 16:00:00,9.0,44.0,30.5,0,0.12,0,1.5,1.5,3.0,12.0,0,74.0,2.9,0,50.0,49.0,3.3,4.1,202,16,0,7
22.07.2019 17:00:00,12.0,49.0,29.7,0,0.21,0,1.6,3.5,5.1,26.12,0,78.0,3.0,0,57.0,177.0,2.0,1.9,202,17,0,7
22.07.2019 18:00:00,14.0,26.312,27.8,0,0.25,0,2.3,8.4,11.0,16.0,0,85.0,2.5,0,212.0,214.0,2.6,2.4,202,18,0,7
22.07.2019 19:00:00,12.0,29.0,27.1,0,0.29,0,1.9,9.4,11.0,14.0,0,88.0,2.7,0,220.0,221.0,2.2,2.4,202,19,0,7
22.07.2019 20:00:00,11.0,23.0,26.8,0,0.29,0,1.6,11.0,12.0,19.0,0,88.0,2.8,0,222.0,227.0,2.9,2.7,202,20,0,7
22.07.2019 21:00:00,11.0,20.0,26.6,0,0.28,0,1.4,9.7,11.0,24.0,0,89.0,2.7,0,218.0,225.0,3.0,3.2,202,21,0,7
22.07.2019 22:00:00,9.0,19.0,26.4,0,0.2,0,1.0,5.7,6.7,19.0,0,86.0,2.6,0,222.0,228.0,2.7,2.9,202,22,0,7
22.07.2019 23:00:00,5.0,16.0,25.6,0,0.15,0,1.1,3.5,4.6,21.0,0,88.0,2.6,0,217.0,218.0,3.2,3.5,202,23,0,7
22.07.2019 24:00:00,9.0,14.0,25.5,0,0.15,0,1.2,3.0,4.2,25.0,0,87.0,2.7,0,216.0,217.0,3.6,3.3,202,24,0,7
23.07.2019 01:00:00,13.0,13.0,25.1,0,0.13,0,1.0,2.4,3.3,24.0,0,88.0,2.6,0,218.0,218.0,3.7,3.4,203,1,1,7
23.07.2019 02:00:00,10.0,13.0,24.8,0,0.1,0,0.5,1.6,2.1,23.0,0,88.0,2.0,0,217.0,218.0,3.9,3.7,203,2,1,7
23.07.2019 03:00:00,7.0,13.0,24.7,0,0.1,0,0.4,1.5,1.8,29.0,0,88.0,1.9,0,217.0,217.0,4.3,4.1,203,3,1,7
23.07.2019 04:00:00,8.0,14.0,24.8,0,0.1,0,0.3,1.4,1.7,22.0,0,87.0,1.7,0,219.0,221.0,3.8,3.8,203,4,1,7
23.07.2019 05:00:00,7.0,14.0,24.8,0,0.11,0,0.1,1.5,1.6,18.0,0,87.0,1.7,0,219.0,218.0,3.5,3.8,203,5,1,7
23.07.2019 06:00:00,9.0,13.0,24.8,0,0.12,0,0.2,2.0,2.1,21.0,0,87.0,1.7,0,221.0,222.0,3.7,3.4,203,6,1,7
23.07.2019 07:00:00,11.0,13.0,25.7,0,0.17,0,1.2,3.1,4.3,23.0,0,84.0,1.7,0,215.0,208.0,2.7,3.1,203,7,1,7
23.07.2019 08:00:00,10.0,13.0,28.0,0,0.24,0,5.5,6.1,12.0,21.0,0,77.0,2.1,0,197.0,57.0,1.3,1.3,203,8,1,7
23.07.2019 09:00:00,11.0,28.0,29.7,0,0.16,0,2.9,5.6,8.5,14.0,0,70.0,3.8,0,55.0,52.0,2.3,2.0,203,9,1,7
23.07.2019 10:00:00,9.0,35.0,29.9,0,0.14,0,1.9,4.8,6.7,17.0,0,69.0,6.6,0,59.0,65.0,2.7,2.5,203,10,1,7
23.07.2019 11:00:00,11.0,37.0,30.2,0,0.16,0,3.1,8.3,11.0,25.0,0,71.0,8.8,0,56.0,49.0,3.8,2.8,203,11,1,7
23.07.2019 12:00:00,14.0,57.0,30.3,0,0.18,0,1.0,4.1,5.1,22.0,0,73.0,5.4,0,49.0,53.0,2.8,3.1,203,12,1,7
23.07.2019 13:00:00,13.0,69.0,30.3,0,0.17,0,1.3,3.3,4.6,21.0,0,73.0,4.8,0,49.0,49.0,2.2,2.8,203,13,1,7
23.07.2019 14:00:00,12.0,73.0,30.7,0,0.17,0,1.1,3.3,4.4,23.0,0,72.0,3.7,0,39.0,25.0,2.6,2.3,203,14,1,7
23.07.2019 15:00:00,14.0,78.0,31.0,0,0.24,0,1.1,3.2,4.3,19.0,0,69.0,3.2,0,24.0,29.0,2.9,3.0,203,15,1,7
23.07.2019 16:00:00,16.0,84.0,30.3,0,0.28,0,1.2,5.1,6.3,27.0,0,72.0,3.5,0,32.0,24.0,3.3,2.8,203,16,1,7
23.07.2019 17:00:00,19.0,76.0,29.9,0,0.24,0,1.4,5.0,6.4,25.0,0,75.0,2.9,0,23.0,20.0,2.2,2.2,203,17,1,7
23.07.2019 18:00:00,17.0,51.0,28.8,0,0.27,0,1.5,6.1,7.6,22.0,0,85.0,2.2,0,225.0,223.0,1.7,1.2,203,18,1,7
23.07.2019 19:00:00,15.0,44.0,27.8,0,0.24,0,1.3,4.9,6.2,15.0,0.2,89.0,1.8,0,216.0,215.0,3.1,2.6,203,19,1,7
23.07.2019 20:00:00,14.0,34.0,27.2,0,0.21,0,1.4,4.3,5.7,18.0,0,89.0,1.9,0,215.0,205.0,3.0,2.8,203,20,1,7
23.07.2019 21:00:00,12.0,21.0,27.2,0,0.16,0,0.9,3.9,4.8,18.0,0,88.0,1.9,0,213.0,204.0,2.7,3.1,203,21,1,7
23.07.2019 22:00:00,11.0,18.0,27.6,0,0.13,0,0.6,3.5,4.1,16.0,0,83.0,1.6,0,207.0,209.0,4.4,3.3,203,22,1,7
23.07.2019 23:00:00,9.0,20.0,28.1,0,0.1,0,0.5,2.1,2.6,8.0,0,77.0,1.3,0,202.0,221.0,2.0,3.0,203,23,1,7
23.07.2019 24:00:00,10.0,23.0,28.1,0,0.1,0,0.4,1.7,2.1,9.0,0,78.0,1.4,0,221.0,214.0,2.7,2.6,203,24,1,7
24.07.2019 01:00:00,10.0,24.0,27.6,0,0.11,0,0.5,1.6,2.1,20.0,0,81.0,1.8,0,223.0,220.0,2.0,2.4,204,1,2,7
24.07.2019 02:00:00,7.0,25.0,27.5,0,0.13,0,2.2,1.1,3.3,17.0,0,81.0,2.4,0,225.0,233.0,4.3,2.9,204,2,2,7
24.07.2019 03:00:00,6.0,21.0,27.6,0,0.19,0,1.6,3.8,5.4,16.0,0,81.0,2.6,0,211.0,192.0,2.6,2.1,204,3,2,7
24.07.2019 04:00:00,7.0,13.0,26.9,0,0.24,0,1.3,6.7,8.0,15.0,0,86.0,2.9,0,210.0,213.0,2.8,2.2,204,4,2,7
24.07.2019 05:00:00,9.0,11.0,26.6,0,0.24,0,1.1,6.3,7.4,22.0,0,86.0,3.0,0,215.0,214.0,2.8,2.3,204,5,2,7
24.07.2019 06:00:00,11.0,11.0,26.4,0,0.23,0,1.3,5.7,7.0,20.244,0,87.0,3.2,0,225.0,220.0,2.8,2.6,204,6,2,7
24.07.2019 07:00:00,10.0,10.0,27.1,0,0.22,0,3.6,4.9,8.5,20.163,0,84.0,3.5,0,206.0,180.0,1.4,1.9,204,7,2,7
24.07.2019 08:00:00,11.0,16.0,28.9,0,0.25,0,4.9,7.0,12.0,17.0,0,79.0,4.2,0,47.0,25.0,1.6,0.3,204,8,2,7
24.07.2019 09:00:00,15.0,30.0,29.8,0,0.25,0,3.1,7.3,10.0,25.0,0,76.0,4.3,0,37.0,48.0,2.1,1.7,204,9,2,7
24.07.2019 10:00:00,14.0,36.0,30.3,0,0.24,0,2.7,6.8,9.5,27.0,0,74.0,5.3,0,37.0,21.0,2.3,1.8,204,10,2,7
24.07.2019 11:00:00,9.75,28.855,28.042,0,0.0,0,2.161,7.946,10.591,20.109,7.323,82.347,2.851,0,164.5,163.431,2.81,2.419,204,11,2,7
24.07.2019 12:00:00,9.758,28.671,28.043,0,0.0,0,2.163,8.004,10.656,20.0,7.32,82.396,2.851,0,166.5,165.219,2.81,2.419,204,12,2,7
24.07.2019 13:00:00,9.752,28.473,28.001,0,0.0,0,2.162,7.998,10.65,19.836,7.318,82.486,2.85,0,168.097,166.869,2.809,2.42,204,13,2,7
24.07.2019 14:00:00,9.76,28.29,28.002,0,0.0,0,2.16,7.993,10.643,19.866,7.315,82.563,2.849,0,169.569,167.895,2.808,2.412,204,14,2,7
24.07.2019 15:00:00,9.81,28.148,28.002,0,0.0,0,2.159,7.988,10.636,20.021,7.312,82.695,2.849,0,169.597,167.683,2.808,2.412,204,15,2,7
24.07.2019 16:00:00,9.832,28.005,28.003,0,0.0,0,2.157,8.046,10.63,20.134,7.388,82.688,2.848,0,168.916,166.945,2.807,2.413,204,16,2,7
24.07.2019 17:00:00,9.854,28.044,28.003,0,0.0,0,2.156,8.041,10.623,20.317,7.385,82.612,2.848,0,168.332,166.303,2.807,2.413,204,17,2,7
24.07.2019 18:00:00,9.918,28.055,28.004,0,0.0,0,2.155,8.036,10.616,20.472,7.383,82.494,2.847,0,167.638,165.564,2.806,2.414,204,18,2,7
24.07.2019 19:00:00,9.968,27.982,28.005,0,0.0,0,2.153,8.094,10.61,20.599,7.472,82.404,2.847,0,166.999,164.867,2.805,2.414,204,19,2,7
24.07.2019 20:00:00,10.003,28.02,28.005,0,0.0,0,2.152,8.089,10.603,20.698,7.469,82.314,2.858,0,166.249,164.059,2.805,2.415,204,20,2,7
24.07.2019 21:00:00,10.053,28.142,28.006,0,0.0,0,2.15,8.084,10.669,20.728,7.467,82.224,2.858,0,165.429,163.264,2.804,2.415,204,21,2,7
24.07.2019 22:00:00,10.103,28.306,28.006,0,0.0,0,2.153,8.1,10.662,20.744,7.464,82.12,2.857,0,164.735,162.636,2.804,2.416,204,22,2,7
24.07.2019 23:00:00,10.139,28.511,28.007,0,0.0,0,2.151,8.095,10.655,20.719,7.462,82.002,2.857,0,164.123,161.925,2.803,2.417,204,23,2,7
24.07.2019 24:00:00,10.161,28.702,28.008,0,0.0,0,2.15,8.09,10.649,20.679,7.459,81.898,2.856,0,163.429,161.2,2.803,2.417,204,24,2,7
06.08.2019 01:00:00,0,0,0,0,0,0,0,0,0,0,0,0,0,0,0,0,0,0,216,1,1,8
06.08.2019 02:00:00,0,0,0,0,0,0,0,0,0,0,0,0,0,0,0,0,0,0,216,2,1,8
06.08.2019 03:00:00,0,0,0,0,0,0,0,0,0,0,0,0,0,0,0,0,0,0,216,3,1,8
06.08.2019 04:00:00,0,0,0,0,0,0,0,0,0,0,0,0,0,0,0,0,0,0,216,4,1,8
06.08.2019 05:00:00,0,0,0,0,0,0,0,0,0,0,0,0,0,0,0,0,0,0,216,5,1,8
06.08.2019 06:00:00,0,0,0,0,0,0,0,0,0,0,0,0,0,0,0,0,0,0,216,6,1,8
06.08.2019 07:00:00,0,0,0,0,0,0,0,0,0,0,0,0,0,0,0,0,0,0,216,7,1,8
06.08.2019 08:00:00,0,0,0,0,0,0,0,0,0,0,0,0,0,0,0,0,0,0,216,8,1,8
06.08.2019 09:00:00,0,0,0,0,0,0,0,0,0,0,0,0,0,0,0,0,0,0,216,9,1,8
06.08.2019 10:00:00,0,0,0,0,0,0,0,0,0,0,0,0,0,0,0,0,0,0,216,10,1,8
06.08.2019 11:00:00,0,0,0,0,0,0,0,0,0,0,0,0,0,0,0,0,0,0,216,11,1,8
06.08.2019 12:00:00,0,0,0,0,0,0,0,0,0,0,0,0,0,0,0,0,0,0,216,12,1,8
06.08.2019 13:00:00,0,0,0,0,0,0,0,0,0,0,0,0,0,0,0,0,0,0,216,13,1,8
06.08.2019 14:00:00,0,0,0,0,0,0,0,0,0,0,0,0,0,0,0,0,0,0,216,14,1,8
06.08.2019 15:00:00,0,0,0,0,0,0,0,0,0,0,0,0,0,0,0,0,0,0,216,15,1,8
06.08.2019 16:00:00,0,0,0,0,0,0,0,0,0,0,0,0,0,0,0,0,0,0,216,16,1,8
06.08.2019 17:00:00,0,0,0,0,0,0,0,0,0,0,0,0,0,0,0,0,0,0,216,17,1,8
06.08.2019 18:00:00,0,0,0,0,0,0,0,0,0,0,0,0,0,0,0,0,0,0,216,18,1,8
06.08.2019 19:00:00,0,0,0,0,0,0,0,0,0,0,0,0,0,0,0,0,0,0,216,19,1,8
06.08.2019 20:00:00,0,0,0,0,0,0,0,0,0,0,0,0,0,0,0,0,0,0,216,20,1,8
06.08.2019 21:00:00,0,0,0,0,0,0,0,0,0,0,0,0,0,0,0,0,0,0,216,21,1,8
06.08.2019 22:00:00,0,0,0,0,0,0,0,0,0,0,0,0,0,0,0,0,0,0,216,22,1,8
06.08.2019 23:00:00,0,0,0,0,0,0,0,0,0,0,0,0,0,0,0,0,0,0,216,23,1,8
06.08.2019 24:00:00,0,0,0,0,0,0,0,0,0,0,0,0,0,0,0,0,0,0,216,24,1,8
07.08.2019 01:00:00,10.211,28.893,28.008,0,0.0,0,2.148,8.085,10.642,20.584,7.457,81.794,2.856,0,162.748,160.461,2.802,2.418,217,1,2,8
07.08.2019 02:00:00,10.251,29.075,28.009,0,0.0,0,2.147,8.169,10.636,20.42,7.455,81.708,2.854,0,162.05,159.715,2.802,2.418,217,2,2,8
07.08.2019 03:00:00,10.291,29.258,28.009,0,0.0,0,2.146,8.161,10.63,20.339,7.454,81.608,2.853,0,161.309,158.83,2.801,2.419,217,3,2,8
07.08.2019 04:00:00,10.331,29.412,28.009,0,0.0,0,2.144,8.153,10.624,20.244,7.452,81.522,2.853,0,160.625,158.098,2.801,2.41,217,4,2,8
07.08.2019 05:00:00,10.357,29.594,28.01,0,0.0,0,2.143,8.145,10.618,20.108,7.451,81.436,2.853,0,160.01,157.477,2.801,2.411,217,5,2,8
07.08.2019 06:00:00,10.369,29.818,28.01,0,0.0,0,2.142,8.137,10.737,19.958,7.449,81.322,2.852,0,159.339,156.772,2.8,2.411,217,6,2,8
07.08.2019 07:00:00,10.409,30.056,28.01,0,0.0,0,2.141,8.221,10.731,19.779,7.448,81.222,2.852,0,158.793,156.054,2.8,2.403,217,7,2,8
07.08.2019 08:00:00,10.436,30.308,28.038,0,0.0,0,2.143,8.213,10.725,19.685,7.446,81.136,2.851,0,158.233,155.516,2.8,2.404,217,8,2,8
07.08.2019 09:00:00,10.448,30.354,28.039,0,0.0,0,2.141,8.205,10.719,19.687,7.445,81.05,2.851,0,157.688,155.089,2.799,2.404,217,9,2,8
07.08.2019 10:00:00,10.488,30.453,28.039,0,0.0,0,2.14,8.197,10.712,19.87,7.443,80.95,2.851,0,156.92,154.287,2.799,2.405,217,10,2,8
07.08.2019 11:00:00,10.542,30.469,28.039,0,0.0,0,2.139,8.189,10.706,20.081,7.442,80.933,2.85,0,156.332,153.861,2.799,2.405,217,11,2,8
07.08.2019 12:00:00,10.568,30.387,28.04,0,0.0,0,2.138,8.181,10.7,20.278,7.44,81.097,2.85,0,155.564,152.725,2.798,2.406,217,12,2,8
07.08.2019 13:00:00,10.595,30.236,28.04,0,0.0,0,2.136,8.173,10.695,20.35,7.439,81.219,2.849,0,157.13,154.396,2.798,2.406,217,13,2,8
07.08.2019 14:00:00,10.649,29.96,28.041,0,0.0,0,2.139,8.165,10.688,20.477,7.438,81.397,2.849,0,159.001,156.386,2.798,2.407,217,14,2,8
07.08.2019 15:00:00,10.689,29.656,31.6,0,0.0,0,2.137,8.157,10.682,20.605,0,84.0,2.849,0,175.0,158.0,1.7,0.6,217,15,2,8
07.08.2019 16:00:00,17.0,14.0,31.8,0,0.07,0,0.5,0.9,1.4,41.0,0,83.0,0.9,0,161.0,139.0,1.4,0.8,217,16,2,8
07.08.2019 17:00:00,18.0,14.0,31.3,0,0.1,0,3.0,2.3,5.3,54.0,0,84.0,0.6,0,9.5,10.0,1.8,0.3,217,17,2,8
07.08.2019 18:00:00,15.0,15.0,30.9,0,0.08,0,0.6,0.9,1.6,48.0,0,86.0,0.4,0,88.0,171.0,2.2,0.1,217,18,2,8
07.08.2019 19:00:00,8.0,14.0,30.1,0,0.09,0,0.9,1.0,1.9,39.0,2.2,90.0,0.2,0,29.0,57.0,3.0,0.7,217,19,2,8
07.08.2019 20:00:00,6.0,11.0,30.2,0,0.08,0,1.0,1.0,1.9,43.0,0,90.0,0.0,0,192.0,167.0,2.3,0.1,217,20,2,8
07.08.2019 21:00:00,10.0,12.0,30.6,0,0.08,0,1.7,1.4,3.1,54.0,0,89.0,0.3,0,31.0,20.0,2.6,0.4,217,21,2,8
07.08.2019 22:00:00,11.0,12.0,30.7,0,0.07,0,1.2,0.6,1.8,58.0,0,88.0,0.3,0,57.0,47.0,3.0,0.3,217,22,2,8
07.08.2019 23:00:00,11.0,13.0,30.4,0,0.08,0,1.0,0.0,1.1,50.0,0,89.0,-0.5,0,46.0,223.0,2.8,0.4,217,23,2,8
07.08.2019 24:00:00,12.0,13.0,30.4,0,0.07,0,1.1,0.3,1.4,44.0,0,90.0,-0.3,0,68.0,37.0,1.8,0.2,217,24,2,8
08.08.2019 01:00:00,12.0,13.0,30.4,0,0.09,0,1.3,0.3,1.6,53.0,0,89.0,3.3,0,32.0,36.0,2.1,0.4,218,1,3,8
08.08.2019 02:00:00,11.0,12.0,30.4,0,0.06,0,-0.1,2.2,2.1,53.0,0,90.0,2.4,0,33.0,14.0,2.2,0.5,218,2,3,8
08.08.2019 03:00:00,11.0,10.0,30.4,0,0.05,0,-0.1,3.7,3.6,57.0,0,89.0,2.4,0,50.0,55.0,1.4,0.5,218,3,3,8
08.08.2019 04:00:00,11.0,13.0,30.4,0,0.06,0,-0.2,1.2,1.0,56.0,0,89.0,2.1,0,25.0,270.0,1.9,0.2,218,4,3,8
08.08.2019 05:00:00,11.0,14.0,30.4,0,0.05,0,-0.4,0.9,0.6,44.0,0,89.0,2.0,0,263.0,284.0,2.4,0.2,218,5,3,8
08.08.2019 06:00:00,11.0,14.0,30.5,0,0.05,0,-0.5,1.5,1.0,48.0,0.2,88.0,1.7,0,260.0,92.0,2.6,0.1,218,6,3,8
08.08.2019 07:00:00,11.0,14.0,30.5,0,0.06,0,0.2,1.3,1.4,47.0,0,88.0,1.8,0,203.0,191.0,3.5,0.4,218,7,3,8
08.08.2019 08:00:00,13.0,14.0,30.7,0,0.06,0,0.3,1.0,1.3,62.0,0.2,87.0,1.4,0,186.0,182.0,2.9,0.6,218,8,3,8
08.08.2019 09:00:00,16.0,27.661,31.1,0,0.06,0,0.5,1.3,1.7,66.0,0,85.0,1.8,0,217.0,247.0,2.9,0.2,218,9,3,8
08.08.2019 10:00:00,15.0,17.0,31.4,0,0.06,0,0.3,1.5,1.7,79.0,0,84.0,1.3,0,204.0,300.0,3.1,0.7,218,10,3,8
08.08.2019 11:00:00,18.0,17.0,31.9,0,0.0,0,2.128,7.704,10.381,92.0,0,82.0,2.798,0,225.0,203.0,3.7,0.2,218,11,3,8
08.08.2019 12:00:00,19.0,18.0,31.9,0,0.06,0,0.1,1.4,1.5,97.0,0,82.0,2.1,0,307.0,276.0,3.0,0.3,218,12,3,8
08.08.2019 13:00:00,11.465,26.582,32.2,0,0.06,0,2.142,7.682,10.37,31.072,0,81.0,1.6,0,327.0,255.0,3.8,0.7,218,13,3,8
08.08.2019 14:00:00,24.0,26.002,31.7,0,0.07,0,2.141,7.672,10.364,87.0,2.0,82.0,1.4,0,156.534,155.112,2.808,2.424,218,14,3,8
08.08.2019 15:00:00,19.0,25.368,30.1,0,0.0,0,2.14,7.661,10.358,89.0,0,87.0,2.795,0,158.172,337.0,3.1,2.424,218,15,3,8
08.08.2019 16:00:00,16.0,24.663,30.8,0,0.0,0,2.139,7.65,10.352,92.0,0.2,86.0,2.795,0,340.0,345.0,4.6,0.7,218,16,3,8
08.08.2019 17:00:00,19.0,19.0,31.0,0,0.07,0,0.0,1.2,1.2,91.0,0,83.0,1.3,0,345.0,353.0,4.0,0.8,218,17,3,8
08.08.2019 18:00:00,17.0,20.0,31.0,0,0.07,0,0.1,1.2,1.3,97.0,0,82.0,1.5,0,340.0,346.0,3.6,0.8,218,18,3,8
08.08.2019 19:00:00,12.0,22.653,30.2,0,0.0,0,2.106,7.668,10.334,77.0,0.2,83.0,2.793,0,350.0,357.0,5.3,2.1,218,19,3,8
08.08.2019 20:00:00,13.0,22.421,29.6,0,0.07,0,0.2,1.3,1.5,63.0,0,88.0,1.4,0,350.0,347.0,3.8,1.9,218,20,3,8
08.08.2019 21:00:00,13.0,22.0,29.9,0,0.07,0,0.4,1.1,1.5,69.0,1.6,88.0,1.4,0,339.0,348.0,6.6,2.4,218,21,3,8
08.08.2019 22:00:00,13.0,22.0,29.4,0,0.07,0,0.0,1.3,1.2,52.0,0.6,89.0,1.2,0,342.0,3.1,4.5,1.7,218,22,3,8
08.08.2019 23:00:00,15.0,23.0,30.0,0,0.06,0,0.2,1.1,1.3,78.0,1.6,88.0,1.1,0,353.0,24.0,5.5,1.8,218,23,3,8
08.08.2019 24:00:00,15.0,22.0,28.5,0,0.06,0,0.1,1.1,1.2,54.0,9.4,92.0,1.2,0,331.0,315.0,2.8,0.6,218,24,3,8
09.08.2019 01:00:00,11.0,23.0,29.4,0,0.06,0,0.0,1.3,1.3,92.0,0.2,90.0,2.2,0,339.0,340.0,3.4,1.3,219,1,4,8
09.08.2019 02:00:00,8.0,23.0,29.6,0,0.08,0,0.2,1.0,1.2,42.0,2.6,89.0,2.1,0,324.0,307.0,3.7,2.2,219,2,4,8
09.08.2019 03:00:00,7.0,23.0,29.7,0,0.07,0,0.1,0.8,0.9,48.0,0.8,89.0,1.9,0,319.0,330.0,4.0,1.7,219,3,4,8
09.08.2019 04:00:00,8.0,23.0,29.8,0,0.08,0,-0.1,0.8,0.8,49.0,7.8,88.0,1.9,0,331.0,327.0,6.1,2.1,219,4,4,8
09.08.2019 05:00:00,9.0,24.0,29.3,0,0.08,0,0.4,0.7,1.1,28.0,5.6,90.0,1.8,0,327.0,328.0,5.1,2.7,219,5,4,8
09.08.2019 06:00:00,9.0,24.0,29.8,0,0.08,0,0.3,0.9,1.2,39.0,0.2,86.0,1.8,0,318.0,306.0,4.2,2.9,219,6,4,8
09.08.2019 07:00:00,8.0,24.0,29.2,0,0.08,0,0.1,1.4,1.6,16.0,4.6,87.0,1.8,0,319.0,312.0,4.0,2.7,219,7,4,8
09.08.2019 08:00:00,7.0,23.0,29.4,0,0.09,0,0.6,1.4,1.9,16.0,0.2,87.0,1.7,0,303.0,259.0,2.6,1.8,219,8,4,8
09.08.2019 09:00:00,7.0,22.0,29.8,0,0.09,0,0.5,1.5,2.0,22.0,0,84.0,1.4,0,247.0,238.0,2.2,1.1,219,9,4,8
09.08.2019 10:00:00,9.0,23.0,29.8,0,0.09,0,0.4,1.3,1.7,25.0,2.4,83.0,1.5,0,258.0,298.0,3.2,1.1,219,10,4,8
09.08.2019 11:00:00,7.0,23.0,29.5,0,0.08,0,0.3,1.2,1.4,11.0,6.0,85.0,1.6,0,265.0,234.0,3.2,1.1,219,11,4,8
09.08.2019 12:00:00,3.0,25.0,30.5,0,0.08,0,0.6,1.0,1.7,10.0,0.4,79.0,1.6,0,227.0,242.0,0.5,2.1,219,12,4,8
09.08.2019 13:00:00,3.0,25.0,30.2,0,0.09,0,0.6,1.1,1.7,5.0,0.6,79.0,1.6,0,223.0,232.0,0.5,0.3,219,13,4,8
09.08.2019 14:00:00,3.0,26.0,29.9,0,0.09,0,0.3,1.1,1.3,1.0,3.0,79.0,1.6,0,234.0,236.0,0.5,0.4,219,14,4,8
09.08.2019 15:00:00,3.0,26.0,29.2,0,0.1,0,0.5,1.5,2.1,2.0,3.4,84.0,1.2,0,224.0,221.0,0.5,0.4,219,15,4,8
09.08.2019 16:00:00,7.0,28.0,29.3,0,0.14,0,0.5,3.4,3.9,1.0,0.2,83.0,1.5,0,220.0,227.0,0.5,0.4,219,16,4,8
09.08.2019 17:00:00,3.0,29.0,29.6,0,0.13,0,0.7,3.0,3.7,4.0,0.8,78.0,1.5,0,230.0,231.0,0.5,0.4,219,17,4,8
09.08.2019 18:00:00,2.0,38.0,30.4,0,0.14,0,0.7,2.8,3.5,16.0,3.8,72.0,1.5,0,229.0,230.0,0.5,0.4,219,18,4,8
09.08.2019 19:00:00,6.0,48.0,29.6,0,0.15,0,0.4,3.2,3.5,15.0,0,77.0,1.3,0,223.0,219.0,0.5,0.4,219,19,4,8
09.08.2019 20:00:00,7.0,46.0,31.0,0,0.15,0,0.3,3.6,3.9,11.0,0,70.0,1.5,0,216.0,211.0,0.5,0.4,219,20,4,8
09.08.2019 21:00:00,9.0,40.0,31.7,0,0.14,0,0.6,3.3,3.9,12.0,0,66.0,1.7,0,214.0,214.0,0.5,0.4,219,21,4,8
09.08.2019 22:00:00,7.0,39.0,32.6,0,0.14,0,0.5,2.9,3.4,11.0,0,62.0,1.4,0,221.0,216.0,0.5,0.4,219,22,4,8
09.08.2019 23:00:00,10.0,42.0,32.1,0,0.16,0,0.3,3.4,3.7,9.0,0.4,66.0,1.3,0,227.0,228.0,0.5,0.3,219,23,4,8
09.08.2019 24:00:00,12.0,49.0,33.1,0,0.16,0,0.4,2.8,3.2,19.0,0,63.0,1.5,0,227.0,228.0,0.5,0.4,219,24,4,8
10.08.2019 01:00:00,8.0,49.0,32.8,0,0.15,0,0.5,2.3,2.8,12.0,0,65.0,1.6,0,225.0,226.0,0.5,0.4,220,1,5,8
10.08.2019 02:00:00,7.0,49.0,32.1,0,0.16,0,0.4,1.5,2.0,12.0,0,70.0,1.1,0,218.0,210.0,0.5,0.4,220,2,5,8
10.08.2019 03:00:00,10.0,57.0,31.8,0,0.19,0,0.5,2.0,2.5,28.0,0,73.0,1.8,0,219.0,225.0,0.5,0.4,220,3,5,8
10.08.2019 04:00:00,17.0,56.0,32.5,0,0.2,0,0.9,2.3,3.2,40.0,0,70.0,1.7,0,226.0,228.0,0.5,0.4,220,4,5,8
10.08.2019 05:00:00,20.0,46.0,32.9,0,0.17,0,0.8,2.2,3.0,32.0,0,67.0,1.8,0,227.0,227.0,0.5,0.4,220,5,5,8
10.08.2019 06:00:00,19.0,45.0,33.2,0,0.17,0,0.7,2.0,2.7,40.0,0,65.0,1.4,0,228.0,230.0,0.5,0.4,220,6,5,8
10.08.2019 07:00:00,19.0,41.0,33.5,0,0.19,0,0.6,2.9,3.5,35.0,0,63.0,1.5,0,229.0,221.0,0.5,0.4,220,7,5,8
10.08.2019 08:00:00,21.0,42.0,33.3,0,0.22,0,0.8,4.0,4.8,40.0,0,65.0,1.6,0,211.0,207.0,0.5,0.4,220,8,5,8
10.08.2019 09:00:00,24.0,42.0,33.1,0,0.25,0,1.1,5.8,6.9,31.0,0,68.0,1.4,0,208.0,208.0,0.5,0.4,220,9,5,8
10.08.2019 10:00:00,23.0,44.0,33.6,0,0.26,0,1.4,5.8,7.2,36.0,0,66.0,1.3,0,211.0,213.0,0.5,0.4,220,10,5,8
10.08.2019 11:00:00,21.0,48.0,34.5,0,0.23,0,1.998,6.942,9.926,34.0,0,62.0,1.3,0,216.0,217.0,6.6,2.9,220,11,5,8
10.08.2019 12:00:00,22.0,52.0,35.7,0,0.0,0,1.997,6.933,9.922,29.0,0,57.0,2.765,0,211.0,209.0,4.0,4.6,220,12,5,8
10.08.2019 13:00:00,20.0,57.0,37.1,0,0.22,0,0.9,4.5,5.4,33.0,0,51.0,0.9,0,212.0,210.0,3.4,3.8,220,13,5,8
10.08.2019 14:00:00,17.0,58.0,37.6,0,0.21,0,0.7,4.3,4.9,34.0,0,49.0,2.7,0,226.0,230.0,4.2,3.9,220,14,5,8
10.08.2019 15:00:00,20.0,59.0,37.4,0,0.2,0,0.9,4.1,5.0,34.0,0,49.0,2.5,0,232.0,232.0,6.0,4.7,220,15,5,8
10.08.2019 16:00:00,22.0,55.0,37.6,0,0.2,0,1.0,4.5,5.5,38.0,0,47.0,2.6,0,221.0,221.0,4.2,4.9,220,16,5,8
10.08.2019 17:00:00,20.0,52.0,36.8,0,0.2,0,0.8,4.7,5.5,35.0,0,50.0,2.7,0,217.0,222.0,5.1,3.8,220,17,5,8
10.08.2019 18:00:00,22.0,49.0,34.9,0,0.24,0,0.8,6.2,7.0,40.0,0,60.0,3.0,0,217.0,211.0,3.6,4.9,220,18,5,8
10.08.2019 19:00:00,20.0,42.0,34.2,0,0.27,0,0.6,7.4,8.0,37.0,0,61.0,2.6,0,203.0,201.0,6.5,4.3,220,19,5,8
10.08.2019 20:00:00,17.0,39.0,33.9,0,0.23,0,0.8,6.6,7.4,33.0,0,59.0,2.6,0,199.0,202.0,5.7,5.1,220,20,5,8
10.08.2019 21:00:00,17.0,38.0,33.9,0,0.2,0,0.7,4.7,5.4,24.0,0,57.0,2.4,0,197.0,199.0,5.4,4.6,220,21,5,8
10.08.2019 22:00:00,18.0,38.0,33.7,0,0.2,0,0.6,4.7,5.3,24.0,0,56.0,2.4,0,212.0,205.0,4.2,3.3,220,22,5,8
10.08.2019 23:00:00,20.0,38.0,33.7,0,0.21,0,0.5,5.0,5.5,39.0,0,55.0,2.7,0,105.0,81.0,2.6,0.7,220,23,5,8
10.08.2019 24:00:00,19.0,37.0,33.4,0,0.22,0,0.6,5.0,5.6,27.0,0,57.0,2.4,0,188.0,208.0,1.9,0.6,220,24,5,8
11.08.2019 01:00:00,15.0,39.0,33.1,0,0.22,0,0.6,4.7,5.3,24.0,0,61.0,2.4,0,236.0,232.0,1.3,1.2,221,1,6,8
11.08.2019 02:00:00,19.0,40.0,32.6,0,0.23,0,0.8,5.8,6.6,30.0,0,65.0,2.0,0,214.0,210.0,5.5,3.5,221,2,6,8
11.08.2019 03:00:00,22.0,46.0,32.6,0,0.19,0,0.7,3.7,4.4,26.0,0,66.0,2.0,0,211.0,215.0,4.7,4.3,221,3,6,8
11.08.2019 04:00:00,21.0,47.0,32.5,0,0.19,0,1.1,3.1,4.2,28.0,0,67.0,2.1,0,203.0,200.0,5.8,5.5,221,4,6,8
11.08.2019 05:00:00,20.0,44.0,32.0,0,0.19,0,1.1,3.5,4.6,27.0,0,68.0,1.9,0,197.0,203.0,5.8,5.5,221,5,6,8
11.08.2019 06:00:00,21.0,43.0,31.8,0,0.18,0,0.9,3.8,4.7,27.0,0,69.0,2.3,0,207.0,206.0,7.3,5.9,221,6,6,8
11.08.2019 07:00:00,18.0,42.0,32.0,0,0.18,0,1.1,3.7,4.9,18.0,0,69.0,2.3,0,213.0,209.0,7.4,6.7,221,7,6,8
11.08.2019 08:00:00,16.0,43.0,32.7,0,0.19,0,1.4,4.1,5.5,18.0,0,67.0,1.8,0,220.0,227.0,8.7,6.2,221,8,6,8
11.08.2019 09:00:00,19.0,48.0,33.6,0,0.21,0,1.3,4.1,5.5,25.0,0,66.0,1.8,0,226.0,230.0,7.3,6.8,221,9,6,8
11.08.2019 10:00:00,23.0,54.0,34.8,0,0.22,0,1.2,3.9,5.0,26.0,0,62.0,1.7,0,229.0,228.0,5.4,6.2,221,10,6,8
11.08.2019 11:00:00,24.0,59.0,36.1,0,0.23,0,1.0,4.8,5.8,30.0,0,58.0,1.7,0,223.0,243.0,6.4,5.0,221,11,6,8
11.08.2019 12:00:00,21.0,63.0,36.5,0,0.23,0,1.3,5.0,6.3,30.0,0,57.0,1.8,0,237.0,244.0,6.5,5.4,221,12,6,8
11.08.2019 13:00:00,20.0,60.0,36.2,0,0.21,0,1.2,4.6,5.8,26.0,0,58.0,1.8,0,236.0,232.0,8.0,6.4,221,13,6,8
11.08.2019 14:00:00,18.0,59.0,36.3,0,0.21,0,1.1,4.0,5.1,25.0,0,57.0,1.9,0,232.0,243.0,8.1,7.2,221,14,6,8
11.08.2019 15:00:00,18.0,58.0,36.5,0,0.22,0,1.3,4.2,5.5,30.0,0,56.0,1.8,0,227.0,236.0,4.6,5.9,221,15,6,8
11.08.2019 16:00:00,21.0,56.0,36.4,0,0.21,0,1.3,4.4,5.7,30.0,0,56.0,1.8,0,227.0,234.0,5.9,5.4,221,16,6,8
11.08.2019 17:00:00,22.0,54.0,35.9,0,0.21,0,1.5,4.5,5.9,28.0,0,57.0,1.8,0,228.0,231.0,4.4,4.0,221,17,6,8
11.08.2019 18:00:00,23.0,49.0,34.8,0,0.24,0,1.1,6.2,7.3,35.0,0,62.0,1.9,0,222.0,220.0,5.9,4.9,221,18,6,8
11.08.2019 19:00:00,22.0,41.0,33.8,0,0.25,0,1.1,7.0,8.1,36.0,0,65.0,2.0,0,224.0,222.0,4.6,4.8,221,19,6,8
11.08.2019 20:00:00,20.0,34.0,32.9,0,0.23,0,1.2,7.3,8.5,21.0,0,68.0,1.9,0,218.0,217.0,5.0,5.0,221,20,6,8
11.08.2019 21:00:00,20.0,30.0,32.1,0,0.24,0,1.1,7.3,8.4,25.0,0,71.0,1.6,0,211.0,210.0,4.7,4.6,221,21,6,8
11.08.2019 22:00:00,18.0,30.0,31.7,0,0.23,0,1.1,6.3,7.4,20.0,0,73.0,1.7,0,230.0,259.0,1.9,3.0,221,22,6,8
11.08.2019 23:00:00,16.0,29.0,31.2,0,0.21,0,1.0,5.5,6.5,21.0,0,74.0,1.7,0,224.0,207.0,2.5,1.8,221,23,6,8
11.08.2019 24:00:00,16.0,23.0,30.0,0,0.21,0,0.9,5.9,6.7,22.0,0,80.0,1.6,0,212.0,211.0,2.9,2.0,221,24,6,8
12.08.2019 01:00:00,15.0,22.0,29.6,0,0.21,0,1.1,5.2,6.3,25.0,0,82.0,2.1,0,212.0,214.0,2.7,2.8,222,1,0,8
12.08.2019 02:00:00,11.0,19.0,29.3,0,0.21,0,0.2,3.2,3.3,16.0,0,83.0,2.7,0,209.0,209.0,2.8,2.4,222,2,0,8
12.08.2019 03:00:00,13.0,19.0,29.4,0,0.21,0,-0.1,3.9,3.8,18.0,0,82.0,3.1,0,222.0,216.0,3.6,2.8,222,3,0,8
12.08.2019 04:00:00,17.0,20.0,29.7,0,0.21,0,-0.1,4.7,4.6,20.0,0,80.0,3.1,0,216.0,215.0,4.0,3.6,222,4,0,8
12.08.2019 05:00:00,15.0,24.0,30.5,0,0.22,0,0.0,4.3,4.3,17.0,0,76.0,2.9,0,222.0,219.0,2.6,3.2,222,5,0,8
12.08.2019 06:00:00,13.0,32.0,31.4,0,0.17,0,0.0,2.3,2.2,12.0,0,70.0,2.7,0,216.0,214.0,5.0,3.8,222,6,0,8
12.08.2019 07:00:00,14.0,36.0,31.9,0,0.18,0,0.1,3.3,3.4,16.0,0,67.0,2.6,0,220.0,220.0,4.3,4.4,222,7,0,8
12.08.2019 08:00:00,10.0,37.0,32.2,0,0.19,0,0.3,3.1,3.4,12.0,0,65.0,2.9,0,225.0,217.0,4.6,3.3,222,8,0,8
12.08.2019 09:00:00,8.0,37.0,32.6,0,0.21,0,0.6,4.0,4.6,11.0,0,64.0,2.758,0,215.0,219.0,4.4,4.7,222,9,0,8
12.08.2019 10:00:00,11.0,39.0,32.4,0,0.24,0,0.4,6.1,6.5,11.0,0,65.0,2.757,0,227.0,323.0,1.1,2.4,222,10,0,8
12.08.2019 11:00:00,14.0,41.569,32.4,0,0.0,0,1.934,6.783,9.687,26.0,0,69.0,2.757,0,128.0,106.0,1.3,0.5,222,11,0,8
12.08.2019 12:00:00,19.0,41.744,32.9,0,0.0,0,1.933,6.772,9.676,31.0,7.215,69.0,2.757,0,216.556,218.319,3.093,2.52,222,12,0,8
12.08.2019 13:00:00,20.0,41.891,33.7,0,0.0,0,1.931,6.856,9.665,39.0,7.213,65.0,2.756,0,216.639,204.0,0.7,2.521,222,13,0,8
12.08.2019 14:00:00,17.0,42.038,34.8,0,0.0,0,1.929,6.846,9.654,33.0,0,60.0,2.756,0,239.0,247.0,4.4,1.9,222,14,0,8
12.08.2019 15:00:00,16.375,42.171,32.1,0,0.0,0,1.928,6.835,9.644,24.75,0,64.0,2.755,0,237.0,236.0,4.6,4.6,222,15,0,8
12.08.2019 16:00:00,16.54,44.0,31.3,0,0.23,0,1.926,6.825,9.633,19.0,0,71.0,2.755,0,205.0,172.0,3.0,2.3,222,16,0,8
12.08.2019 17:00:00,19.0,41.0,30.5,0,0.27,0,0.1,8.3,8.4,20.0,0,72.0,4.9,0,180.0,164.0,3.3,2.2,222,17,0,8
12.08.2019 18:00:00,17.0,35.0,30.6,0,0.3,0,0.3,11.0,11.0,19.0,0,71.0,5.2,0,208.0,213.0,0.8,1.8,222,18,0,8
12.08.2019 19:00:00,15.0,25.0,30.1,0,0.36,0,0.3,13.0,13.0,54.0,0,77.0,5.3,0,212.0,210.0,2.1,0.9,222,19,0,8
12.08.2019 20:00:00,13.0,25.0,28.8,0,0.29,0,0.2,6.9,7.1,19.0,0,82.0,5.2,0,215.0,214.0,2.8,2.3,222,20,0,8
12.08.2019 21:00:00,11.0,24.0,28.1,0,0.27,0,0.1,5.5,5.6,18.0,0,84.0,5.2,0,212.0,209.0,2.9,2.9,222,21,0,8
12.08.2019 22:00:00,13.0,25.0,27.7,0,0.22,0,0.1,4.1,4.3,21.0,0,84.0,5.3,0,213.0,215.0,2.6,2.9,222,22,0,8
12.08.2019 23:00:00,13.0,23.0,27.4,0,0.2,0,0.1,3.1,3.1,23.0,0,85.0,5.2,0,213.0,211.0,3.3,2.9,222,23,0,8
12.08.2019 24:00:00,11.0,23.0,27.1,0,0.19,0,-0.3,2.7,2.4,21.0,0,85.0,4.9,0,213.0,211.0,2.9,2.7,222,24,0,8
13.08.2019 01:00:00,14.0,25.0,27.2,0,0.19,0,-0.2,2.1,1.9,18.0,0,84.0,4.2,0,215.0,216.0,3.7,3.6,223,1,1,8
13.08.2019 02:00:00,15.0,23.0,27.2,0,0.2,0,1.5,3.4,4.9,21.0,0,85.0,1.3,0,216.0,219.0,3.4,3.3,223,2,1,8
13.08.2019 03:00:00,15.0,19.0,27.1,0,0.26,0,1.6,6.1,7.7,20.0,0,85.0,1.4,0,214.0,209.0,4.3,3.8,223,3,1,8
13.08.2019 04:00:00,15.0,16.0,26.8,0,0.27,0,1.5,6.2,7.7,20.0,0,86.0,1.5,0,222.0,243.0,2.9,3.1,223,4,1,8
13.08.2019 05:00:00,14.0,14.0,26.9,0,0.27,0,1.5,7.0,8.5,20.0,0,85.0,1.3,0,215.0,218.0,2.1,2.3,223,5,1,8
13.08.2019 06:00:00,11.0,14.0,26.5,0,0.23,0,1.8,5.7,7.5,22.0,0,86.0,1.4,0,213.0,217.0,3.7,3.2,223,6,1,8
13.08.2019 07:00:00,14.0,13.0,27.5,0,0.32,0,4.3,7.9,12.0,21.0,0,83.0,1.4,0,208.0,207.0,2.5,3.1,223,7,1,8
13.08.2019 08:00:00,19.0,18.0,29.7,0,0.37,0,6.0,9.5,15.0,30.0,0,77.0,1.8,0,214.0,18.0,2.3,0.9,223,8,1,8
13.08.2019 09:00:00,24.0,30.0,30.2,0,0.35,0,5.0,9.9,15.0,135.0,0,77.0,2.4,0,35.0,44.0,2.3,1.9,223,9,1,8
13.08.2019 10:00:00,27.0,45.0,31.1,0,0.35,0,4.2,13.0,17.0,83.0,0,75.0,3.0,0,35.0,41.0,2.5,2.5,223,10,1,8
13.08.2019 11:00:00,26.0,70.0,30.9,0,0.37,0,2.6,11.0,14.0,64.0,0,76.0,3.3,0,39.0,46.0,2.1,1.9,223,11,1,8
13.08.2019 12:00:00,24.0,85.0,31.6,0,0.28,0,1.3,6.1,7.5,62.0,0,72.0,4.3,0,45.0,46.0,3.0,2.4,223,12,1,8
13.08.2019 13:00:00,24.0,89.0,31.8,0,0.25,0,1.6,6.4,8.0,47.0,0,72.0,3.4,0,52.0,52.0,3.5,2.7,223,13,1,8
13.08.2019 14:00:00,24.0,98.0,32.0,0,0.26,0,1.5,6.2,7.7,60.0,0,71.0,3.5,0,48.0,46.0,2.7,3.2,223,14,1,8
13.08.2019 15:00:00,26.0,96.0,32.4,0,0.24,0,1.4,5.8,7.2,66.0,0,68.0,3.8,0,45.0,47.0,3.0,2.5,223,15,1,8
13.08.2019 16:00:00,24.0,85.0,32.7,0,0.23,0,1.6,11.0,13.0,81.0,0,66.0,3.1,0,43.0,50.0,1.7,2.1,223,16,1,8
13.08.2019 17:00:00,24.0,76.0,33.1,0,0.27,0,2.1,12.0,14.0,143.0,0,64.0,2.5,0,21.0,307.0,1.6,1.3,223,17,1,8
13.08.2019 18:00:00,17.0,49.0,32.6,0,0.26,0,1.7,9.3,11.0,32.0,0,58.0,1.2,0,225.0,227.0,1.3,1.2,223,18,1,8
13.08.2019 19:00:00,10.0,49.0,30.9,0,0.22,0,1.9,7.1,9.0,18.0,0,59.0,1.4,0,220.0,218.0,3.7,2.9,223,19,1,8
13.08.2019 20:00:00,12.0,51.0,30.2,0,0.19,0,1.4,6.1,7.5,13.0,0,57.0,1.6,0,218.0,209.0,2.9,3.5,223,20,1,8
13.08.2019 21:00:00,13.0,45.0,29.7,0,0.23,0,1.3,8.0,9.3,15.0,0,62.0,1.5,0,221.0,222.0,3.1,2.2,223,21,1,8
13.08.2019 22:00:00,15.0,41.0,29.7,0,0.28,0,1.5,10.0,12.0,20.0,0,71.0,2.0,0,219.0,224.0,3.3,3.5,223,22,1,8
13.08.2019 23:00:00,17.0,40.0,29.7,0,0.22,0,1.4,6.6,8.0,20.0,0,72.0,1.8,0,221.0,223.0,3.1,3.6,223,23,1,8
13.08.2019 24:00:00,16.0,36.0,29.9,0,0.2,0,1.2,8.2,9.4,19.0,0,72.0,1.6,0,225.0,251.0,1.6,2.8,223,24,1,8
14.08.2019 01:00:00,13.0,36.0,29.5,0,0.19,0,1.4,5.4,6.8,17.0,0,73.0,1.2,0,232.0,240.0,2.7,2.4,224,1,2,8
14.08.2019 02:00:00,13.0,37.0,29.7,0,0.2,0,1.7,4.9,6.6,16.0,0,73.0,3.2,0,223.0,228.0,1.8,1.9,224,2,2,8
14.08.2019 03:00:00,16.0,34.0,29.2,0,0.19,0,1.6,4.2,5.8,21.0,0,76.0,3.1,0,217.0,199.0,0.8,0.9,224,3,2,8
14.08.2019 04:00:00,15.0,35.0,28.8,0,0.18,0,1.7,3.3,5.0,19.0,0,77.0,3.2,0,219.0,199.0,1.2,0.9,224,4,2,8
14.08.2019 05:00:00,13.0,37.0,29.3,0,0.17,0,1.5,2.3,3.8,17.0,0,74.0,3.2,0,225.0,260.0,1.8,0.9,224,5,2,8
14.08.2019 06:00:00,15.0,38.0,29.5,0,0.18,0,1.4,2.3,3.7,20.0,0,74.0,3.0,0,221.0,202.0,1.9,1.0,224,6,2,8
14.08.2019 07:00:00,16.0,33.0,30.0,0,0.2,0,1.8,4.7,6.5,20.0,0,74.0,2.8,0,220.0,222.0,2.4,2.2,224,7,2,8
14.08.2019 08:00:00,13.0,36.0,31.1,0,0.19,0,2.2,4.3,6.5,17.0,0,70.0,3.1,0,206.0,190.0,2.9,2.7,224,8,2,8
14.08.2019 09:00:00,14.0,40.0,32.0,0,0.19,0,2.5,3.2,5.8,25.0,0,67.0,3.0,0,215.0,243.0,2.3,2.2,224,9,2,8
14.08.2019 10:00:00,17.0,50.0,32.9,0,0.23,0,2.1,4.8,6.9,16.0,0,62.0,3.6,0,225.0,217.0,4.8,3.6,224,10,2,8
14.08.2019 11:00:00,15.0,59.0,34.2,0,0.2,0,2.0,3.8,5.8,15.0,0,56.0,3.3,0,226.0,215.0,4.0,4.1,224,11,2,8
14.08.2019 12:00:00,12.0,56.0,35.1,0,0.17,0,2.0,2.7,4.7,14.0,0,54.0,3.1,0,217.0,201.0,3.2,3.1,224,12,2,8
14.08.2019 13:00:00,11.0,56.0,35.7,0,0.17,0,2.1,3.0,5.1,18.0,0,51.0,3.2,0,207.0,241.0,2.8,3.3,224,13,2,8
14.08.2019 14:00:00,13.0,63.0,34.5,0,0.18,0,2.1,3.9,6.0,33.0,0,58.0,3.3,0,132.0,57.0,3.0,0.5,224,14,2,8
14.08.2019 15:00:00,17.0,69.0,32.2,0,0.22,0,1.9,3.3,5.1,36.0,0,69.0,4.6,0,71.0,66.0,4.4,4.7,224,15,2,8
14.08.2019 16:00:00,21.0,63.0,31.9,0,0.23,0,2.0,4.8,6.9,31.0,0,69.0,4.2,0,77.0,50.0,2.7,3.2,224,16,2,8
14.08.2019 17:00:00,24.0,59.0,31.6,0,0.26,0,2.0,4.9,6.9,47.0,0,72.0,4.3,0,43.0,47.0,2.0,1.3,224,17,2,8
14.08.2019 18:00:00,28.0,53.0,30.6,0,0.24,0,1.9,5.5,7.4,51.0,0,77.0,3.9,0,29.0,23.0,1.4,1.5,224,18,2,8
14.08.2019 19:00:00,22.0,45.0,30.5,0,0.27,0,2.0,9.3,11.0,42.0,0,78.0,3.6,0,333.0,285.0,1.4,0.9,224,19,2,8
14.08.2019 20:00:00,20.0,37.0,29.9,0,0.31,0,2.4,9.2,12.0,35.0,0,81.0,3.5,0,231.0,272.0,0.7,0.6,224,20,2,8
14.08.2019 21:00:00,25.0,31.0,29.5,0,0.29,0,2.0,7.2,9.2,39.0,0,83.0,3.5,0,211.0,201.0,1.9,0.7,224,21,2,8
14.08.2019 22:00:00,23.0,27.0,29.1,0,0.25,0,1.7,5.8,7.5,35.0,0,85.0,3.7,0,208.0,214.0,1.6,1.8,224,22,2,8
14.08.2019 23:00:00,19.0,20.0,28.8,0,0.25,0,2.0,5.8,7.8,25.0,0,86.0,3.6,0,203.0,208.0,2.1,2.0,224,23,2,8
14.08.2019 24:00:00,20.0,17.0,28.7,0,0.26,0,2.0,6.6,8.7,26.0,0,86.0,3.9,0,202.0,217.0,1.0,1.5,224,24,2,8
15.08.2019 01:00:00,19.0,19.0,29.3,0,0.28,0,1.8,8.0,9.7,32.0,0,83.0,4.3,0,112.0,18.0,1.1,0.3,225,1,3,8
15.08.2019 02:00:00,15.0,22.0,29.7,0,0.18,0,-0.2,6.1,5.9,34.0,0,76.0,2.7,0,236.0,219.0,2.0,0.7,225,2,3,8
15.08.2019 03:00:00,13.0,25.0,30.2,0,0.15,0,-0.2,4.0,3.8,7.0,0,70.0,2.6,0,207.0,212.0,6.5,3.6,225,3,3,8
15.08.2019 04:00:00,13.0,23.0,30.4,0,0.14,0,-0.2,4.1,3.9,11.0,0,68.0,2.6,0,228.0,224.0,2.1,2.7,225,4,3,8
15.08.2019 05:00:00,11.0,23.0,29.9,0,0.15,0,-0.1,4.5,4.4,7.0,0,71.0,2.4,0,215.0,212.0,3.4,1.5,225,5,3,8
15.08.2019 06:00:00,7.0,30.0,30.1,0,0.14,0,-0.4,3.8,3.4,7.0,0,68.0,2.3,0,227.0,244.0,5.3,4.1,225,6,3,8
15.08.2019 07:00:00,11.0,33.0,30.9,0,0.17,0,-0.2,4.5,4.3,10.0,0,65.0,2.3,0,232.0,226.0,1.5,2.6,225,7,3,8
15.08.2019 08:00:00,15.0,33.0,31.4,0,0.21,0,0.8,6.0,6.8,15.0,0,64.0,2.4,0,204.0,193.0,1.9,1.5,225,8,3,8
15.08.2019 09:00:00,13.0,39.0,32.3,0,0.24,0,1.4,7.1,8.5,12.0,0,61.0,2.8,0,195.0,181.0,3.6,2.4,225,9,3,8
15.08.2019 10:00:00,13.0,45.0,32.6,0,0.35,0,1.4,11.0,12.0,17.0,0,62.0,3.0,0,191.0,218.0,2.4,2.2,225,10,3,8
15.08.2019 11:00:00,13.0,53.0,33.2,0,0.3,0,2.068,7.489,10.297,21.0,0,60.0,2.76,0,218.0,217.0,2.9,2.1,225,11,3,8
15.08.2019 12:00:00,16.607,68.0,33.8,0,0.24,0,2.068,7.493,10.302,30.718,0,57.0,2.759,0,224.0,234.0,3.3,3.6,225,12,3,8
15.08.2019 13:00:00,16.584,45.0,30.7,0,0.23,0,0.4,7.7,8.1,17.0,0,70.0,2.3,0,219.0,218.0,1.8,1.5,225,13,3,8
15.08.2019 14:00:00,16.548,49.0,31.5,0,0.21,0,0.2,5.8,6.0,19.0,0,68.0,2.2,0,104.0,42.0,1.9,0.4,225,14,3,8
15.08.2019 15:00:00,16.553,57.0,30.4,0,0.21,0,0.8,8.6,9.5,46.0,0,76.0,2.5,0,20.0,15.0,1.9,1.7,225,15,3,8
15.08.2019 16:00:00,16.588,67.0,30.2,0,0.25,0,1.4,9.2,11.0,63.0,0,78.0,2.4,0,16.0,15.0,2.2,1.7,225,16,3,8
15.08.2019 17:00:00,16.622,65.0,30.1,0,0.23,0,1.2,6.2,7.4,52.0,0,80.0,3.3,0,22.0,5.6,1.1,1.3,225,17,3,8
15.08.2019 18:00:00,16.6,49.0,30.2,0,0.23,0,1.3,6.8,8.1,31.385,0,80.0,3.8,0,17.0,19.0,0.9,0.9,225,18,3,8
15.08.2019 19:00:00,16.605,44.0,30.0,0,0.2,0,1.0,4.8,5.9,34.0,0,82.0,2.9,0,321.0,319.0,1.6,1.1,225,19,3,8
15.08.2019 20:00:00,16.637,35.0,29.3,0,0.22,0,1.1,6.0,7.0,24.0,0,84.0,2.5,0,255.0,225.0,1.6,1.2,225,20,3,8
15.08.2019 21:00:00,16.698,30.0,28.7,0,0.24,0,0.9,5.7,6.7,27.0,0,85.0,2.4,0,223.0,227.0,1.8,1.8,225,21,3,8
15.08.2019 22:00:00,16.786,33.0,28.7,0,0.23,0,0.8,5.5,6.3,25.0,0,82.0,3.0,0,215.0,209.0,1.3,1.7,225,22,3,8
15.08.2019 23:00:00,16.847,30.0,28.7,0,0.25,0,0.8,6.8,7.6,23.0,0,81.0,3.2,0,210.0,233.0,1.2,1.4,225,23,3,8
15.08.2019 24:00:00,16.908,26.0,28.5,0,0.24,0,1.1,6.2,7.3,25.0,0,83.0,2.8,0,192.0,193.0,1.0,0.8,225,24,3,8
16.08.2019 01:00:00,16.996,21.0,28.2,0,0.23,0,0.9,6.3,7.1,32.0,0,85.0,2.7,0,246.0,273.0,0.8,0.2,226,1,4,8
16.08.2019 02:00:00,17.028,25.0,28.9,0,0.18,0,0.9,6.1,6.9,33.0,0,79.0,2.5,0,51.0,238.0,0.8,0.5,226,2,4,8
16.08.2019 03:00:00,17.045,31.0,29.5,0,0.19,0,1.1,4.7,5.8,20.0,0,72.0,2.6,0,78.0,101.0,1.9,0.9,226,3,4,8
16.08.2019 04:00:00,17.063,44.0,29.7,0,0.16,0,0.8,3.4,4.2,9.0,0,69.0,2.3,0,218.0,228.0,6.6,2.6,226,4,4,8
16.08.2019 05:00:00,17.081,52.0,29.3,0,0.15,0,0.8,2.3,3.1,8.0,0,70.0,2.0,0,224.0,227.0,5.6,5.4,226,5,4,8
16.08.2019 06:00:00,17.112,50.0,29.0,0,0.15,0,0.9,1.9,2.8,12.0,0,71.0,2.0,0,214.0,198.0,3.8,3.8,226,6,4,8
16.08.2019 07:00:00,17.186,45.0,29.5,0,0.16,0,1.1,3.3,4.4,10.0,0,70.0,2.1,0,191.0,164.0,3.8,4.1,226,7,4,8
16.08.2019 08:00:00,17.217,40.0,28.9,0,0.2,0,1.4,4.6,5.9,13.0,0,74.0,2.0,0,161.0,159.0,2.1,2.4,226,8,4,8
16.08.2019 09:00:00,17.179,39.0,30.0,0,0.24,0,1.7,6.3,8.1,15.0,0,70.0,1.9,0,207.0,207.0,2.6,2.8,226,9,4,8
16.08.2019 10:00:00,11.0,46.0,31.5,0,0.3,0,2.4,8.0,10.0,15.0,0,65.0,2.3,0,197.0,197.0,4.9,2.2,226,10,4,8
16.08.2019 11:00:00,10.0,57.0,32.5,0,0.27,0,1.8,7.9,9.7,14.0,0,62.0,2.3,0,201.0,104.0,1.7,1.0,226,11,4,8
16.08.2019 12:00:00,7.0,61.0,33.1,0,0.23,0,1.4,6.0,7.4,20.0,0,60.0,2.3,0,218.0,210.0,4.0,2.6,226,12,4,8
16.08.2019 13:00:00,10.0,61.0,33.2,0,0.21,0,1.4,5.0,6.4,20.0,0,61.0,2.3,0,245.0,261.0,2.3,2.5,226,13,4,8
16.08.2019 14:00:00,14.0,57.0,32.3,0,0.2,0,1.5,5.5,7.0,24.0,0,67.0,2.1,0,68.0,78.0,3.9,1.7,226,14,4,8
16.08.2019 15:00:00,11.0,41.0,30.2,0,0.17,0,1.6,4.9,6.5,31.0,0,79.0,1.8,0,20.0,337.0,2.2,1.9,226,15,4,8
16.08.2019 16:00:00,7.0,41.0,30.2,0,0.19,0,1.5,5.7,7.3,24.0,0,75.0,2.4,0,166.0,207.0,1.6,0.9,226,16,4,8
16.08.2019 17:00:00,11.0,42.0,30.6,0,0.21,0,1.5,7.7,9.1,18.0,0,72.0,2.0,0,103.0,47.0,3.2,0.3,226,17,4,8
16.08.2019 18:00:00,14.0,36.0,29.3,0,0.24,0,2.1,10.0,13.0,40.0,0,80.0,2.3,0,37.0,25.0,1.5,1.6,226,18,4,8
16.08.2019 19:00:00,12.0,37.0,29.0,0,0.21,0,1.5,8.7,10.0,31.0,0,82.0,2.2,0,63.0,50.0,1.2,1.1,226,19,4,8
16.08.2019 20:00:00,9.0,33.0,28.7,0,0.21,0,1.1,10.0,11.0,38.0,0,85.0,2.4,0,2.8,285.0,0.6,0.7,226,20,4,8
16.08.2019 21:00:00,7.0,20.0,28.3,0,0.27,0,1.3,11.0,12.0,24.0,0,86.0,2.5,0,214.0,209.0,1.3,0.6,226,21,4,8
16.08.2019 22:00:00,12.0,14.0,27.7,0,0.24,0,1.4,8.1,9.5,20.0,0,88.0,2.4,0,205.0,211.0,2.0,2.3,226,22,4,8
16.08.2019 23:00:00,14.0,15.0,27.4,0,0.22,0,1.3,6.5,7.8,19.0,0,88.0,2.5,0,211.0,214.0,3.2,2.7,226,23,4,8
16.08.2019 24:00:00,13.0,21.0,27.3,0,0.2,0,1.3,4.9,6.2,20.0,0,87.0,2.3,0,212.0,208.0,2.4,2.8,226,24,4,8
17.08.2019 01:00:00,11.0,20.0,27.4,0,0.19,0,1.3,4.7,6.0,22.0,0,86.0,1.8,0,211.0,222.0,2.5,2.6,227,1,5,8
17.08.2019 02:00:00,7.0,29.0,28.4,0,0.23,0,0.4,7.8,8.3,15.0,0,78.0,3.2,0,226.0,294.0,0.5,1.3,227,2,5,8
17.08.2019 03:00:00,9.0,38.0,28.8,0,0.21,0,0.3,5.8,6.1,17.0,0,74.0,3.1,0,245.0,258.0,1.6,1.1,227,3,5,8
17.08.2019 04:00:00,12.0,50.0,29.4,0,0.18,0,0.0,3.4,3.5,12.0,0,71.0,2.7,0,258.0,272.0,1.7,1.3,227,4,5,8
17.08.2019 05:00:00,14.0,52.0,29.8,0,0.18,0,0.3,3.5,3.8,17.0,0,70.0,2.8,0,258.0,250.0,2.1,2.0,227,5,5,8
17.08.2019 06:00:00,15.0,51.0,29.9,0,0.18,0,0.2,3.9,4.1,5.0,0,67.0,2.5,0,226.0,224.0,3.6,3.5,227,6,5,8
17.08.2019 07:00:00,11.0,49.0,30.2,0,0.21,0,0.6,5.7,6.3,6.0,0,66.0,2.9,0,213.0,220.0,4.1,2.7,227,7,5,8
17.08.2019 08:00:00,9.0,50.0,31.2,0,0.22,0,0.8,5.8,6.6,7.0,0,64.0,2.8,0,222.0,228.0,5.6,4.1,227,8,5,8
17.08.2019 09:00:00,11.0,52.0,32.3,0,0.25,0,1.0,6.6,7.6,15.0,0,63.0,2.8,0,224.0,230.0,5.3,4.9,227,9,5,8
17.08.2019 10:00:00,12.0,57.0,33.3,0,0.22,0,1.0,6.0,7.0,21.0,0,60.0,2.8,0,230.0,230.0,4.4,5.1,227,10,5,8
17.08.2019 11:00:00,14.0,59.0,33.6,0,0.2,0,0.7,4.7,5.3,26.0,0,59.0,3.0,0,230.0,229.0,4.5,4.2,227,11,5,8
17.08.2019 12:00:00,15.0,67.0,35.0,0,0.2,0,0.4,4.0,4.3,23.0,0,54.0,2.8,0,229.0,230.0,4.4,4.4,227,12,5,8
17.08.2019 13:00:00,13.0,65.0,35.8,0,0.2,0,0.6,3.8,4.4,23.0,0,51.0,2.5,0,227.0,231.0,4.5,3.7,227,13,5,8
17.08.2019 14:00:00,12.0,62.0,35.7,0,0.19,0,0.6,4.1,4.8,19.0,0,52.0,3.0,0,204.0,80.0,5.2,2.1,227,14,5,8
17.08.2019 15:00:00,11.0,61.0,32.4,0,0.23,0,1.1,6.3,7.4,20.0,0,67.0,3.3,0,62.0,23.0,2.2,2.7,227,15,5,8
17.08.2019 16:00:00,13.0,55.0,31.8,0,0.23,0,1.0,5.0,5.9,29.0,0,70.0,3.9,0,20.0,9.7,2.6,2.1,227,16,5,8
17.08.2019 17:00:00,16.0,52.0,31.3,0,0.24,0,0.9,5.3,6.2,35.0,0,75.0,3.6,0,7.7,6.6,3.5,3.6,227,17,5,8
17.08.2019 18:00:00,14.0,48.0,30.7,0,0.27,0,0.8,7.8,8.7,35.0,0,79.0,3.6,0,37.0,150.0,1.8,1.3,227,18,5,8
17.08.2019 19:00:00,13.0,48.0,30.3,0,0.23,0,0.2,6.1,6.4,24.0,0,78.0,3.6,0,210.0,233.0,1.3,1.0,227,19,5,8
17.08.2019 20:00:00,18.0,38.0,29.7,0,0.26,0,0.4,8.6,9.1,24.0,0,80.0,3.1,0,221.0,219.0,1.4,1.1,227,20,5,8
17.08.2019 21:00:00,19.0,28.0,29.4,0,0.28,0,0.8,10.0,11.0,21.0,0,82.0,2.8,0,209.0,208.0,1.5,0.8,227,21,5,8
17.08.2019 22:00:00,16.0,27.0,29.2,0,0.29,0,0.3,9.4,9.7,22.0,0,81.0,3.2,0,207.0,209.0,1.8,1.2,227,22,5,8
17.08.2019 23:00:00,14.0,24.0,29.0,0,0.23,0,0.6,8.1,8.6,16.0,0,79.0,3.2,0,221.0,214.0,1.9,1.7,227,23,5,8
17.08.2019 24:00:00,12.0,26.0,29.5,0,0.18,0,0.4,6.4,6.8,18.0,0,74.0,2.7,0,221.0,354.0,0.6,0.8,227,24,5,8
18.08.2019 01:00:00,12.0,24.0,29.4,0,0.19,0,0.7,6.6,7.3,21.0,0,75.0,2.2,0,192.0,230.0,1.1,0.7,228,1,6,8
18.08.2019 02:00:00,11.0,19.0,28.2,0,0.18,0,0.4,6.1,6.4,17.0,0,81.0,2.9,0,212.0,227.0,2.5,2.1,228,2,6,8
18.08.2019 03:00:00,11.0,16.0,27.7,0,0.17,0,0.5,6.1,6.6,12.0,0,83.0,2.9,0,216.0,209.0,2.8,2.0,228,3,6,8
18.08.2019 04:00:00,9.0,15.0,27.2,0,0.17,0,0.6,5.7,6.3,11.0,0,85.0,2.8,0,211.0,207.0,2.8,2.9,228,4,6,8
18.08.2019 05:00:00,8.0,14.0,26.8,0,0.17,0,0.4,5.1,5.6,16.0,0,86.0,2.7,0,209.0,210.0,3.3,3.1,228,5,6,8
18.08.2019 06:00:00,8.0,16.0,26.6,0,0.17,0,0.7,4.8,5.5,13.0,0,87.0,2.8,0,214.0,224.0,3.9,3.5,228,6,6,8
18.08.2019 07:00:00,7.0,21.0,28.6,0,0.18,0,1.4,5.9,7.3,13.0,0,76.0,2.7,0,204.0,207.0,2.0,1.8,228,7,6,8
18.08.2019 08:00:00,12.0,26.0,30.2,0,0.18,0,1.9,5.3,7.1,11.0,0,70.0,2.8,0,206.0,185.0,2.8,2.1,228,8,6,8
18.08.2019 09:00:00,12.0,32.0,31.4,0,0.19,0,1.5,5.0,6.5,10.0,0,65.0,2.8,0,193.0,215.0,3.2,2.7,228,9,6,8
18.08.2019 10:00:00,10.0,45.0,32.7,0,0.2,0,1.1,4.8,6.0,13.0,0,60.0,2.8,0,223.0,240.0,2.1,2.9,228,10,6,8
18.08.2019 11:00:00,11.0,48.0,30.9,0,0.28,0,1.7,10.0,12.0,21.0,0,74.0,4.5,0,15.0,46.0,3.7,2.9,228,11,6,8
18.08.2019 12:00:00,14.0,61.0,29.9,0,0.24,0,0.7,4.8,5.5,29.0,0,82.0,3.9,0,57.0,74.0,3.9,3.8,228,12,6,8
18.08.2019 13:00:00,14.0,55.0,29.2,0,0.21,0,0.7,6.4,7.0,35.0,0.8,84.0,3.4,0,77.0,105.0,2.9,3.2,228,13,6,8
18.08.2019 14:00:00,8.0,46.0,26.8,0,0.17,0,0.9,5.2,6.2,12.0,35.0,89.0,3.8,0,134.0,197.0,4.3,3.1,228,14,6,8
18.08.2019 15:00:00,8.0,46.0,26.0,0,0.18,0,0.7,4.7,5.4,7.0,41.0,93.0,2.5,0,194.0,204.0,3.0,3.3,228,15,6,8
18.08.2019 16:00:00,8.0,41.0,26.2,0,0.2,0,0.6,5.5,6.1,3.0,2.0,92.0,2.6,0,212.0,213.0,2.9,2.5,228,16,6,8
18.08.2019 17:00:00,6.0,33.0,27.0,0,0.23,0,0.9,6.1,7.0,6.0,0.4,90.0,2.5,0,212.0,216.0,2.9,2.6,228,17,6,8
18.08.2019 18:00:00,9.0,28.0,27.1,0,0.24,0,0.9,6.4,7.2,7.0,0,92.0,2.9,0,210.0,217.0,1.1,1.8,228,18,6,8
18.08.2019 19:00:00,8.0,22.0,27.1,0,0.24,0,0.6,6.7,7.2,10.0,0.2,92.0,2.7,0,216.0,190.0,0.9,1.2,228,19,6,8
18.08.2019 20:00:00,7.0,20.0,26.7,0,0.28,0,0.7,8.0,8.7,12.0,0,92.0,2.6,0,211.0,214.0,2.7,1.8,228,20,6,8
18.08.2019 21:00:00,7.0,20.0,26.5,0,0.22,0,0.6,5.4,6.0,12.0,0,92.0,2.6,0,213.0,210.0,3.5,4.1,228,21,6,8
18.08.2019 22:00:00,5.0,17.0,26.5,0,0.19,0,1.2,5.6,6.8,13.0,0,91.0,2.7,0,216.0,209.0,1.8,2.0,228,22,6,8
18.08.2019 23:00:00,3.0,14.0,26.3,0,0.18,0,0.9,4.9,5.9,14.0,0,92.0,2.5,0,215.0,223.0,2.1,2.3,228,23,6,8
18.08.2019 24:00:00,6.0,15.0,26.4,0,0.18,0,0.4,4.1,4.5,15.0,0,91.0,2.5,0,225.0,226.0,3.9,3.1,228,24,6,8
19.08.2019 01:00:00,6.0,15.0,26.6,0,0.22,0,0.4,5.6,6.0,11.0,0,91.0,3.8,0,218.0,227.0,3.3,3.4,229,1,0,8
19.08.2019 02:00:00,6.0,14.0,26.4,0,0.24,0,1.1,5.8,6.9,13.0,0,91.0,1.4,0,229.0,224.0,1.6,2.0,229,2,0,8
19.08.2019 03:00:00,6.0,14.0,26.4,0,0.25,0,1.1,5.4,6.6,18.0,0,91.0,1.6,0,220.0,214.0,2.2,2.0,229,3,0,8
19.08.2019 04:00:00,8.0,13.0,26.4,0,0.22,0,1.2,4.2,5.4,17.0,2.6,92.0,1.9,0,214.0,215.0,1.4,1.7,229,4,0,8
19.08.2019 05:00:00,9.0,10.0,26.1,0,0.21,0,1.2,4.0,5.2,11.0,0,94.0,2.1,0,217.0,227.0,1.9,2.0,229,5,0,8
19.08.2019 06:00:00,7.0,11.0,26.0,0,0.19,0,1.3,3.3,4.6,17.0,0,94.0,1.9,0,228.0,240.0,2.4,1.9,229,6,0,8
19.08.2019 07:00:00,7.0,10.0,26.3,0,0.23,0,2.3,4.4,6.7,13.0,0,92.0,1.8,0,216.0,198.0,1.2,1.8,229,7,0,8
19.08.2019 08:00:00,8.0,6.3,26.5,0,0.34,0,8.4,8.8,17.0,17.0,1.6,93.0,1.9,0,194.0,202.0,2.0,1.0,229,8,0,8
19.08.2019 09:00:00,9.0,8.4,26.6,0,0.32,0,5.8,6.7,13.0,11.0,0.6,94.0,2.731,0,212.0,209.0,2.1,2.5,229,9,0,8
19.08.2019 10:00:00,9.0,14.0,27.4,0,0.29,0,5.0,6.8,12.0,8.0,0.2,91.0,2.731,0,212.0,13.0,1.9,0.8,229,10,0,8
19.08.2019 11:00:00,10.0,20.0,28.4,0,0.0,0,1.954,7.33,9.963,16.0,0,87.0,2.73,0,31.0,35.0,2.6,2.0,229,11,0,8
19.08.2019 12:00:00,10.431,34.424,28.6,0,0.19,0,2.7,5.1,7.8,17.861,0,84.0,2.73,0,33.0,48.0,2.5,2.2,229,12,0,8
19.08.2019 13:00:00,8.0,34.109,29.2,0,0.18,0,1.1,2.3,3.4,7.0,0,81.0,2.729,0,47.0,44.0,3.3,2.5,229,13,0,8
19.08.2019 14:00:00,7.0,48.0,29.3,0,0.15,0,1.4,2.8,4.2,7.0,0,79.0,2.728,0,26.0,20.0,6.1,3.5,229,14,0,8
19.08.2019 15:00:00,8.0,54.0,28.5,0,0.22,0,1.8,4.3,6.0,20.0,0,82.0,3.5,0,28.0,41.0,2.9,3.9,229,15,0,8
19.08.2019 16:00:00,13.0,55.0,28.2,0,0.21,0,1.4,4.0,5.4,22.0,0,82.0,3.8,0,35.0,47.0,1.9,1.9,229,16,0,8
19.08.2019 17:00:00,14.0,53.0,28.2,0,0.23,0,1.4,3.5,4.9,19.0,0,81.0,4.0,0,188.0,215.0,2.0,0.7,229,17,0,8
19.08.2019 18:00:00,14.0,37.0,27.8,0,0.29,0,0.7,7.0,7.7,20.0,0,84.0,2.6,0,219.0,208.0,1.5,1.6,229,18,0,8
19.08.2019 19:00:00,13.0,24.0,27.1,0,0.29,0,0.7,6.8,7.6,30.0,0,87.0,2.9,0,211.0,213.0,2.7,2.4,229,19,0,8
19.08.2019 20:00:00,14.0,26.0,26.4,0,0.28,0,0.9,5.3,6.3,32.0,0,88.0,2.5,0,214.0,218.0,3.7,3.4,229,20,0,8
19.08.2019 21:00:00,16.0,35.0,26.0,0,0.3,0,0.6,4.2,4.7,31.0,0,86.0,2.5,0,213.0,212.0,3.9,3.8,229,21,0,8
19.08.2019 22:00:00,21.0,36.0,25.7,0,0.31,0,0.4,3.4,3.8,33.0,0,87.0,2.4,0,215.0,215.0,3.8,3.2,229,22,0,8
19.08.2019 23:00:00,24.0,31.0,25.3,0,0.31,0,0.7,3.1,3.7,37.0,0,89.0,2.0,0,212.0,211.0,3.5,3.5,229,23,0,8
19.08.2019 24:00:00,23.0,29.0,25.3,0,0.31,0,0.6,2.7,3.3,41.0,0,90.0,1.9,0,212.0,216.0,3.1,3.5,229,24,0,8
20.08.2019 01:00:00,21.0,32.0,25.3,0,0.29,0,0.6,2.4,3.0,41.0,0,89.0,-0.5,0,211.0,209.0,3.4,3.5,230,1,1,8
20.08.2019 02:00:00,18.0,30.0,25.3,0,0.28,0,0.7,1.6,2.2,40.0,0,89.0,2.6,0,213.0,208.0,3.3,3.2,230,2,1,8
20.08.2019 03:00:00,15.0,29.0,25.4,0,0.28,0,0.5,1.3,1.8,34.0,0,89.0,3.1,0,209.0,212.0,3.0,2.9,230,3,1,8
20.08.2019 04:00:00,17.0,29.0,25.5,0,0.27,0,0.7,1.4,2.1,35.0,0,90.0,2.9,0,212.0,212.0,3.4,3.3,230,4,1,8
20.08.2019 05:00:00,15.0,23.0,25.6,0,0.27,0,0.4,1.6,2.0,35.0,0,91.0,2.9,0,210.0,204.0,3.2,3.2,230,5,1,8
20.08.2019 06:00:00,15.0,20.0,25.7,0,0.25,0,0.7,1.4,2.1,31.0,0,91.0,2.9,0,210.0,208.0,2.7,3.3,230,6,1,8
20.08.2019 07:00:00,15.0,16.0,26.2,0,0.29,0,2.0,4.1,6.1,26.0,0.6,90.0,3.2,0,207.0,211.0,2.5,2.4,230,7,1,8
20.08.2019 08:00:00,14.0,25.0,28.1,0,0.28,0,3.0,5.4,8.5,18.0,0,85.0,3.6,0,160.0,22.0,1.3,0.5,230,8,1,8
20.08.2019 09:00:00,11.0,42.0,29.3,0,0.19,0,1.4,2.6,4.0,17.0,0,80.0,3.7,0,39.0,24.0,2.2,2.0,230,9,1,8
20.08.2019 10:00:00,8.0,44.0,29.8,0,0.18,0,1.7,3.1,4.9,19.0,0,77.0,1.6,0,26.0,37.0,2.8,2.6,230,10,1,8
20.08.2019 11:00:00,7.0,48.0,29.8,0,0.17,0,1.4,2.2,3.6,12.0,0,78.0,1.3,0,40.0,19.0,2.4,2.9,230,11,1,8
20.08.2019 12:00:00,10.0,48.0,30.1,0,0.2,0,1.2,2.7,3.8,15.0,0,75.0,1.0,0,23.0,34.0,1.8,1.9,230,12,1,8
20.08.2019 13:00:00,9.0,49.0,30.0,0,0.15,0,1.0,1.2,2.1,9.0,0,76.0,1.2,0,48.0,49.0,2.2,2.7,230,13,1,8
20.08.2019 14:00:00,5.0,49.0,29.4,0,0.15,0,0.8,1.7,2.5,7.0,1.8,80.0,1.1,0,37.0,45.0,3.2,2.8,230,14,1,8
20.08.2019 15:00:00,3.0,45.0,29.0,0,0.15,0,1.2,3.7,4.9,11.0,0,86.0,1.1,0,33.0,31.0,3.6,3.4,230,15,1,8
20.08.2019 16:00:00,4.0,45.0,29.4,0,0.16,0,1.4,4.1,5.4,24.0,0,82.0,1.2,0,32.0,39.0,3.7,2.9,230,16,1,8
20.08.2019 17:00:00,3.0,48.0,28.9,0,0.16,0,0.9,2.1,3.0,12.0,0,83.0,0.8,0,49.0,50.0,4.0,4.5,230,17,1,8
20.08.2019 18:00:00,2.0,46.0,28.5,0,0.15,0,0.9,2.4,3.3,12.0,0,84.0,0.8,0,47.0,30.0,0.9,1.9,230,18,1,8
20.08.2019 19:00:00,3.0,36.0,28.3,0,0.21,0,1.5,8.2,9.7,13.0,0,85.0,1.0,0,71.0,160.0,0.6,0.8,230,19,1,8
20.08.2019 20:00:00,7.0,24.0,27.8,0,0.26,0,1.4,10.0,11.0,13.0,0,87.0,1.1,0,188.0,198.0,1.4,0.7,230,20,1,8
20.08.2019 21:00:00,10.0,12.0,27.2,0,0.28,0,2.0,8.9,11.0,18.0,0.2,91.0,1.3,0,198.0,196.0,1.7,1.4,230,21,1,8
20.08.2019 22:00:00,7.0,11.0,27.0,0,0.23,0,1.8,6.3,8.1,16.0,0.2,93.0,1.4,0,199.0,205.0,2.3,1.8,230,22,1,8
20.08.2019 23:00:00,5.0,14.0,26.7,0,0.19,0,1.2,3.5,4.7,19.0,0,93.0,1.2,0,206.0,197.0,1.9,2.3,230,23,1,8
20.08.2019 24:00:00,6.0,16.0,26.7,0,0.19,0,1.2,3.2,4.4,12.0,0,93.0,1.5,0,204.0,204.0,2.4,2.2,230,24,1,8
21.08.2019 01:00:00,6.0,16.0,26.7,0,0.17,0,1.0,2.6,3.6,24.0,0,93.0,2.0,0,203.0,214.0,2.2,1.8,231,1,2,8
21.08.2019 02:00:00,7.0,16.0,26.6,0,0.16,0,0.1,2.5,2.5,17.0,0,93.0,3.0,0,206.0,208.0,2.3,1.7,231,2,2,8
21.08.2019 03:00:00,6.0,16.0,26.7,0,0.17,0,0.2,2.3,2.5,10.0,0,93.0,3.5,0,211.0,218.0,2.2,1.9,231,3,2,8
21.08.2019 04:00:00,3.0,14.0,26.5,0,0.16,0,0.4,2.1,2.4,19.0,0,93.0,3.0,0,214.0,218.0,2.1,2.1,231,4,2,8
21.08.2019 05:00:00,4.0,13.0,26.4,0,0.16,0,0.2,2.0,2.1,16.0,0,93.0,3.1,0,211.0,215.0,2.8,2.5,231,5,2,8
21.08.2019 06:00:00,7.0,14.0,26.2,0,0.17,0,0.1,2.4,2.5,16.0,0,92.0,2.9,0,214.0,219.0,2.4,2.8,231,6,2,8
21.08.2019 07:00:00,6.0,15.0,26.3,0,0.22,0,1.2,3.7,4.9,19.0,0,91.0,2.8,0,217.0,211.0,1.6,2.2,231,7,2,8
21.08.2019 08:00:00,7.0,19.0,27.8,0,0.3,0,3.6,6.9,10.0,21.0,0,84.0,2.8,0,199.0,180.0,1.0,1.2,231,8,2,8
21.08.2019 09:00:00,11.0,29.0,29.1,0,0.27,0,3.1,7.7,11.0,26.0,0,81.0,4.0,0,21.0,16.0,2.2,1.7,231,9,2,8
21.08.2019 10:00:00,11.0,30.0,29.4,0,0.23,0,9.4,13.0,22.0,19.0,0,80.0,5.4,0,42.0,50.0,2.3,2.5,231,10,2,8
21.08.2019 11:00:00,11.0,46.0,29.7,0,0.18,0,1.0,3.7,4.7,16.0,0,76.0,3.1,0,46.0,44.0,3.6,2.6,231,11,2,8
21.08.2019 12:00:00,11.0,44.0,29.7,0,0.18,0,1.6,4.8,6.3,16.0,0,78.0,3.7,0,74.0,76.0,3.9,3.4,231,12,2,8
21.08.2019 13:00:00,7.0,44.0,29.9,0,0.17,0,0.7,3.0,3.6,12.0,0,78.0,3.0,0,67.0,73.0,4.0,3.2,231,13,2,8
21.08.2019 14:00:00,6.0,48.0,30.0,0,0.16,0,1.0,2.1,3.0,11.0,0,78.0,2.8,0,55.0,49.0,4.2,4.0,231,14,2,8
21.08.2019 15:00:00,11.0,45.0,30.2,0,0.18,0,0.8,3.9,4.7,12.0,0,78.0,3.4,0,100.0,178.0,2.9,1.8,231,15,2,8
21.08.2019 16:00:00,11.0,36.0,29.3,0,0.21,0,0.9,4.7,5.6,13.0,0,77.0,2.6,0,207.0,201.0,3.3,2.2,231,16,2,8
21.08.2019 17:00:00,12.0,33.0,27.4,0,0.2,0,0.6,4.1,4.7,17.0,0.8,87.0,2.4,0,215.0,223.0,2.7,2.9,231,17,2,8
21.08.2019 18:00:00,11.0,27.0,28.1,0,0.24,0,1.0,3.9,4.8,14.0,0,84.0,2.2,0,217.0,216.0,1.8,2.1,231,18,2,8
21.08.2019 19:00:00,9.0,16.0,27.5,0,0.23,0,0.6,4.6,5.2,15.0,0,89.0,2.9,0,208.0,207.0,3.1,2.7,231,19,2,8
21.08.2019 20:00:00,10.0,11.0,26.8,0,0.23,0,1.8,5.9,7.6,17.0,0,91.0,2.8,0,206.0,206.0,2.8,2.7,231,20,2,8
21.08.2019 21:00:00,9.0,9.4,26.6,0,0.22,0,1.5,6.4,7.9,22.0,0,91.0,2.8,0,205.0,179.0,2.2,2.4,231,21,2,8
21.08.2019 22:00:00,7.0,9.7,26.5,0,0.2,0,1.3,5.9,7.2,20.0,0,91.0,3.0,0,197.0,207.0,3.0,2.4,231,22,2,8
21.08.2019 23:00:00,7.0,13.0,26.3,0,0.17,0,0.6,4.0,4.6,21.0,0,91.0,2.4,0,208.0,209.0,3.2,2.9,231,23,2,8
21.08.2019 24:00:00,9.0,13.0,26.2,0,0.15,0,0.6,3.3,3.9,19.0,0,91.0,2.6,0,210.0,216.0,3.4,3.4,231,24,2,8
22.08.2019 01:00:00,9.0,13.0,26.1,0,0.15,0,0.5,2.8,3.3,23.0,0,91.0,3.0,0,206.0,208.0,3.4,2.9,232,1,3,8
22.08.2019 02:00:00,6.0,15.0,25.9,0,0.14,0,0.2,1.4,1.6,25.0,0,91.0,0.8,0,212.0,215.0,3.6,3.6,232,2,3,8
22.08.2019 03:00:00,7.0,16.0,25.9,0,0.14,0,0.4,1.0,1.4,22.0,0,91.0,0.9,0,220.0,218.0,3.8,3.3,232,3,3,8
22.08.2019 04:00:00,7.0,16.0,25.8,0,0.15,0,0.2,1.6,1.8,16.0,0,91.0,1.2,0,213.0,211.0,4.0,4.0,232,4,3,8
22.08.2019 05:00:00,6.0,17.0,26.0,0,0.16,0,0.4,1.9,2.3,20.0,0,89.0,0.8,0,211.0,209.0,4.4,4.4,232,5,3,8
22.08.2019 06:00:00,7.0,23.0,26.2,0,0.18,0,0.2,1.7,1.9,14.0,0,86.0,1.0,0,223.0,219.0,1.9,2.8,232,6,3,8
22.08.2019 07:00:00,7.0,21.0,26.5,0,0.22,0,0.9,3.5,4.4,15.0,0,85.0,1.2,0,209.0,206.0,2.6,3.0,232,7,3,8
22.08.2019 08:00:00,7.0,19.0,28.3,0,0.26,0,3.8,5.6,9.5,14.0,0,80.0,1.7,0,179.0,48.0,1.3,1.0,232,8,3,8
22.08.2019 09:00:00,11.0,30.0,29.7,0,0.22,0,3.6,6.5,10.0,16.0,0,72.0,2.3,0,34.0,45.0,2.1,1.4,232,9,3,8
22.08.2019 10:00:00,11.0,32.0,30.2,0,0.22,0,4.3,9.0,13.0,20.0,0,75.0,2.5,0,55.0,110.0,3.2,1.5,232,10,3,8
22.08.2019 11:00:00,7.0,41.0,30.7,0,0.18,0,1.2,3.8,4.9,11.0,0,75.0,2.3,0,84.0,75.0,4.0,3.4,232,11,3,8
22.08.2019 12:00:00,6.0,41.0,31.0,0,0.16,0,1.1,2.7,3.7,17.0,0,74.0,1.6,0,91.0,112.0,2.3,2.7,232,12,3,8
22.08.2019 13:00:00,7.0,41.0,31.1,0,0.15,0,1.3,2.7,4.0,13.0,0,74.0,1.6,0,96.0,93.0,4.5,3.4,232,13,3,8
22.08.2019 14:00:00,4.0,40.0,32.6,0,0.13,0,0.9,1.8,2.7,11.0,0,64.0,1.3,0,95.0,76.0,4.8,4.4,232,14,3,8
22.08.2019 15:00:00,7.0,37.0,33.1,0,0.14,0,1.4,3.8,5.2,9.0,0,61.0,1.8,0,94.0,109.0,4.5,4.0,232,15,3,8
22.08.2019 16:00:00,10.0,34.0,32.8,0,0.13,0,1.3,3.4,4.6,10.0,0,62.0,2.1,0,98.0,91.0,4.9,4.6,232,16,3,8
22.08.2019 17:00:00,9.0,28.0,32.1,0,0.13,0,1.8,3.8,5.6,12.0,0,65.0,2.8,0,99.0,99.0,3.4,4.1,232,17,3,8
22.08.2019 18:00:00,10.0,26.0,31.2,0,0.14,0,1.1,3.9,5.0,13.0,0,69.0,1.7,0,100.0,105.0,4.9,4.2,232,18,3,8
22.08.2019 19:00:00,9.0,23.0,30.4,0,0.15,0,1.3,6.1,7.3,17.0,0,73.0,2.5,0,102.0,110.0,1.8,2.8,232,19,3,8
22.08.2019 20:00:00,11.0,16.0,29.7,0,0.19,0,2.5,9.9,12.0,21.0,0,77.0,2.2,0,143.0,182.0,1.1,0.9,232,20,3,8
22.08.2019 21:00:00,8.0,14.0,29.2,0,0.19,0,1.5,7.4,8.9,17.0,0,80.0,1.9,0,186.0,97.0,1.8,0.9,232,21,3,8
22.08.2019 22:00:00,6.0,16.0,29.3,0,0.15,0,0.6,5.5,6.1,11.0,0,78.0,2.2,0,154.0,116.0,1.2,0.7,232,22,3,8
22.08.2019 23:00:00,9.0,12.0,29.0,0,0.14,0,0.9,6.0,6.9,11.0,0,78.0,2.0,0,185.0,181.0,1.6,1.2,232,23,3,8
22.08.2019 24:00:00,8.0,10.0,28.8,0,0.12,0,1.0,4.6,5.6,9.0,0,78.0,1.7,0,159.0,181.0,1.3,1.4,232,24,3,8
23.08.2019 01:00:00,6.0,7.2,28.3,0,0.12,0,0.8,4.8,5.6,7.0,0,80.0,1.8,0,173.0,177.0,2.1,1.5,233,1,4,8
23.08.2019 02:00:00,5.0,5.6,27.1,0,0.11,0,0.8,3.1,4.0,11.0,0,86.0,2.5,0,194.0,195.0,2.7,2.2,233,2,4,8
23.08.2019 03:00:00,2.0,5.8,26.8,0,0.11,0,0.7,2.5,3.1,10.0,0,87.0,2.5,0,190.0,182.0,2.4,2.2,233,3,4,8
23.08.2019 04:00:00,6.0,5.8,26.6,0,0.1,0,0.5,2.0,2.5,15.0,0,87.0,2.3,0,187.0,185.0,2.5,2.4,233,4,4,8
23.08.2019 05:00:00,7.0,5.7,26.6,0,0.1,0,0.6,1.7,2.3,10.0,0,88.0,2.3,0,199.0,203.0,3.3,3.0,233,5,4,8
23.08.2019 06:00:00,5.0,4.5,26.4,0,0.12,0,0.9,2.1,2.9,13.0,0,89.0,2.2,0,199.0,196.0,2.7,2.5,233,6,4,8
23.08.2019 07:00:00,4.0,3.8,27.0,0,0.19,0,6.6,2.7,9.3,17.0,0,88.0,2.6,0,186.0,90.0,1.1,1.5,233,7,4,8
23.08.2019 08:00:00,6.0,8.5,29.0,0,0.11,0,6.1,3.4,9.5,7.0,0,87.0,3.4,0,74.0,72.0,2.7,2.2,233,8,4,8
23.08.2019 09:00:00,7.0,11.0,29.6,0,0.08,0,4.2,2.5,6.7,11.0,0,85.0,3.6,0,56.0,52.0,5.0,3.0,233,9,4,8
23.08.2019 10:00:00,5.0,14.0,30.0,0,0.08,0,2.9,2.4,5.4,15.0,0,84.0,2.9,0,52.0,46.0,4.1,3.8,233,10,4,8
23.08.2019 11:00:00,6.0,18.0,30.3,0,0.09,0,2.7,3.1,5.7,13.0,0,84.0,3.1,0,54.0,60.0,2.6,3.2,233,11,4,8
23.08.2019 12:00:00,7.0,23.0,30.6,0,0.08,0,1.8,2.3,4.1,11.0,0,83.0,2.648,0,63.0,57.0,4.4,3.4,233,12,4,8
23.08.2019 13:00:00,7.0,18.0,30.5,0,0.08,0,2.0,1.9,4.0,15.0,0,81.0,2.0,0,62.0,64.0,5.1,4.6,233,13,4,8
23.08.2019 14:00:00,7.0,19.0,30.8,0,0.08,0,1.2,1.1,2.3,15.0,0,81.0,1.7,0,50.0,47.0,4.1,5.0,233,14,4,8
23.08.2019 15:00:00,7.0,17.0,30.8,0,0.09,0,1.1,1.1,2.2,19.0,0,79.0,1.9,0,56.0,57.0,3.9,4.0,233,15,4,8
23.08.2019 16:00:00,6.0,17.0,30.1,0,0.11,0,2.4,1.9,4.3,21.0,2.4,82.0,1.9,0,57.0,41.0,1.9,3.4,233,16,4,8
23.08.2019 17:00:00,5.0,19.0,29.2,0,0.12,0,1.3,2.1,3.4,21.0,0,88.0,1.5,0,57.0,67.0,3.7,2.3,233,17,4,8
23.08.2019 18:00:00,3.0,21.0,29.5,0,0.11,0,0.9,1.5,2.3,20.0,0,88.0,1.7,0,59.0,54.0,3.5,3.5,233,18,4,8
23.08.2019 19:00:00,6.0,19.0,29.4,0,0.1,0,0.5,2.3,2.8,20.0,0,89.0,1.5,0,57.0,67.0,3.4,3.2,233,19,4,8
23.08.2019 20:00:00,7.0,19.0,29.3,0,0.09,0,0.6,1.1,1.7,20.0,0.2,90.0,1.6,0,58.0,52.0,5.0,3.3,233,20,4,8
23.08.2019 21:00:00,6.0,17.0,28.5,0,0.11,0,0.6,1.6,2.2,29.0,0.2,89.0,1.6,0,50.0,7.0,1.1,1.7,233,21,4,8
23.08.2019 22:00:00,8.0,17.0,28.9,0,0.1,0,0.5,2.0,2.5,35.0,0,89.0,1.8,0,66.0,68.0,3.6,2.1,233,22,4,8
23.08.2019 23:00:00,8.0,18.0,29.0,0,0.09,0,0.5,1.2,1.7,30.0,0,90.0,1.7,0,64.0,60.0,5.9,3.7,233,23,4,8
23.08.2019 24:00:00,5.0,18.0,28.9,0,0.09,0,0.5,1.2,1.7,35.0,0,90.0,1.6,0,68.0,64.0,4.4,3.4,233,24,4,8
24.08.2019 01:00:00,6.0,18.0,28.9,0,0.08,0,0.4,0.7,1.1,43.0,0,90.0,3.1,0,61.0,54.0,3.4,3.5,234,1,5,8
24.08.2019 02:00:00,8.0,18.0,28.9,0,0.08,0,-0.4,1.0,0.6,31.0,0,89.0,2.8,0,67.0,77.0,3.3,3.5,234,2,5,8
24.08.2019 03:00:00,5.0,17.0,28.8,0,0.08,0,0.2,1.8,1.9,31.0,0.2,90.0,3.0,0,65.0,62.0,4.4,4.0,234,3,5,8
24.08.2019 04:00:00,2.0,21.0,28.7,0,0.08,0,0.4,0.9,1.3,26.0,0,87.0,2.5,0,71.0,67.0,3.9,3.9,234,4,5,8
24.08.2019 05:00:00,6.0,21.0,28.6,0,0.08,0,0.4,0.6,1.0,24.0,0.4,88.0,2.7,0,73.0,70.0,4.9,3.8,234,5,5,8
24.08.2019 06:00:00,7.0,22.0,28.7,0,0.08,0,0.2,0.5,0.6,29.0,0.2,88.0,2.7,0,66.0,98.0,4.7,4.7,234,6,5,8
24.08.2019 07:00:00,4.0,18.0,28.5,0,0.09,0,1.1,6.0,7.1,16.0,0,81.0,9.8,0,110.0,112.0,4.4,3.6,234,7,5,8
24.08.2019 08:00:00,3.0,24.0,28.7,0,0.09,0,0.8,1.3,2.1,18.0,0,81.0,2.9,0,101.0,87.0,3.8,3.0,234,8,5,8
24.08.2019 09:00:00,7.0,23.0,28.4,0,0.1,0,1.8,2.8,4.6,14.0,0.2,83.0,5.3,0,101.0,102.0,4.4,3.9,234,9,5,8
24.08.2019 10:00:00,8.0,22.0,29.2,0,0.1,0,1.6,3.3,5.0,18.0,0,75.0,5.7,0,105.0,104.0,4.4,3.8,234,10,5,8
24.08.2019 11:00:00,10.0,24.0,28.6,0,0.09,0,0.7,1.4,2.1,15.0,0,83.0,2.3,0,79.0,69.0,5.3,4.0,234,11,5,8
24.08.2019 12:00:00,9.0,25.0,28.6,0,0.09,0,0.7,1.4,2.1,28.0,2.6,88.0,2.9,0,66.0,60.0,9.6,5.7,234,12,5,8
24.08.2019 13:00:00,7.0,26.0,29.1,0,0.09,0,0.3,1.2,1.5,39.0,0.8,87.0,2.7,0,82.0,67.0,7.6,4.9,234,13,5,8
24.08.2019 14:00:00,11.0,27.0,29.0,0,0.1,0,0.3,1.0,1.3,38.0,0.4,87.0,2.5,0,71.0,76.0,5.6,6.3,234,14,5,8
24.08.2019 15:00:00,9.0,26.0,29.1,0,0.1,0,0.7,1.0,1.8,40.0,2.0,87.0,2.5,0,95.0,113.0,8.3,4.8,234,15,5,8
24.08.2019 16:00:00,4.0,23.0,28.2,0,0.09,0,0.8,3.3,4.0,27.0,1.8,84.0,4.7,0,98.0,96.0,4.3,5.5,234,16,5,8
24.08.2019 17:00:00,6.0,19.0,28.3,0,0.09,0,1.7,6.0,7.7,19.0,0,81.0,8.3,0,106.0,94.0,4.4,4.3,234,17,5,8
24.08.2019 18:00:00,6.0,26.0,28.2,0,0.1,0,0.5,1.7,2.2,22.0,0.2,86.0,3.3,0,84.0,98.0,4.6,3.1,234,18,5,8
24.08.2019 19:00:00,3.0,24.0,28.8,0,0.09,0,0.6,2.8,3.4,17.0,0,81.0,4.3,0,101.0,110.0,5.3,4.8,234,19,5,8
24.08.2019 20:00:00,4.0,23.0,29.4,0,0.09,0,0.5,2.6,3.1,20.0,0.2,76.0,4.6,0,122.0,134.0,6.0,5.7,234,20,5,8
24.08.2019 21:00:00,4.0,24.0,29.0,0,0.09,0,0.4,1.4,1.8,10.0,0,77.0,3.0,0,130.0,132.0,5.8,5.2,234,21,5,8
24.08.2019 22:00:00,3.0,25.0,27.9,0,0.09,0,0.1,1.8,1.9,5.0,0,81.0,2.7,0,132.0,154.0,3.4,2.5,234,22,5,8
24.08.2019 23:00:00,4.0,24.0,29.1,0,0.1,0,0.4,2.7,3.0,15.0,0,76.0,4.1,0,118.0,107.0,6.3,4.3,234,23,5,8
24.08.2019 24:00:00,7.0,27.0,29.5,0,0.09,0,0.0,1.5,1.5,20.0,0,75.0,3.1,0,124.0,132.0,6.2,5.0,234,24,5,8
25.08.2019 01:00:00,7.0,27.0,29.1,0,0.09,0,0.1,1.3,1.3,16.0,0.2,78.0,2.5,0,146.0,169.0,4.5,4.3,235,1,6,8
25.08.2019 02:00:00,3.0,28.0,29.0,0,0.1,0,1.3,0.1,1.4,4.0,0,77.0,1.3,0,164.0,150.0,2.9,3.9,235,2,6,8
25.08.2019 03:00:00,6.5,28.0,29.2,0,0.1,0,1.1,0.1,1.2,5.0,0,76.0,1.3,0,153.0,175.0,4.6,4.4,235,3,6,8
25.08.2019 04:00:00,2.0,28.0,29.2,0,0.1,0,1.1,0.1,1.2,5.0,0,74.0,1.3,0,167.0,172.0,5.8,4.1,235,4,6,8
25.08.2019 05:00:00,5.0,30.0,28.9,0,0.1,0,1.3,0.0,1.3,5.0,0,76.0,1.2,0,167.0,162.0,3.6,3.9,235,5,6,8
25.08.2019 06:00:00,7.0,30.0,29.1,0,0.11,0,1.4,0.3,1.7,3.0,0,75.0,1.3,0,188.0,195.0,2.6,3.2,235,6,6,8
25.08.2019 07:00:00,4.0,26.0,29.0,0,0.14,0,1.7,1.6,3.2,3.0,0,75.0,1.4,0,191.0,206.0,4.3,3.4,235,7,6,8
25.08.2019 08:00:00,5.0,23.0,29.1,0,0.17,0,2.4,3.8,6.2,6.0,0,76.0,1.4,0,198.0,188.0,1.9,2.2,235,8,6,8
25.08.2019 09:00:00,7.0,21.0,29.7,0,0.18,0,2.9,3.5,6.4,10.0,0,76.0,1.5,0,149.0,118.0,2.4,1.6,235,9,6,8
25.08.2019 10:00:00,9.0,25.0,30.7,0,0.18,0,3.1,3.2,6.3,14.0,0,73.0,1.9,0,148.0,158.0,3.2,2.0,235,10,6,8
25.08.2019 11:00:00,9.0,26.0,30.9,0,0.17,0,2.6,2.7,5.2,19.0,0,73.0,1.8,0,129.0,90.0,1.1,1.7,235,11,6,8
25.08.2019 12:00:00,7.0,27.0,31.2,0,0.13,0,1.9,1.3,3.2,0.0,0,73.0,1.7,0,138.0,122.0,2.9,2.2,235,12,6,8
25.08.2019 13:00:00,6.0,30.0,32.3,0,0.13,0,1.5,1.3,2.8,11.0,0,67.0,1.2,0,127.0,82.0,1.5,2.2,235,13,6,8
25.08.2019 14:00:00,6.0,32.0,33.1,0,0.14,0,2.0,1.8,3.8,8.0,0,64.0,1.8,0,213.0,290.0,1.2,0.8,235,14,6,8
25.08.2019 15:00:00,7.0,34.0,33.6,0,0.13,0,1.8,1.2,3.0,7.0,0,60.0,1.3,0,155.0,153.0,3.6,2.4,235,15,6,8
25.08.2019 16:00:00,4.0,31.0,32.7,0,0.12,0,1.8,1.3,3.1,10.0,0,63.0,1.3,0,163.0,174.0,5.4,4.0,235,16,6,8
25.08.2019 17:00:00,3.0,31.0,32.5,0,0.14,0,1.9,2.1,4.0,15.0,0,66.0,1.3,0,177.0,173.0,3.5,2.9,235,17,6,8
25.08.2019 18:00:00,3.0,28.0,31.5,0,0.17,0,1.8,3.3,5.1,15.0,0,69.0,1.7,0,177.0,205.0,3.0,3.2,235,18,6,8
25.08.2019 19:00:00,5.0,22.0,30.5,0,0.2,0,1.7,4.9,6.6,20.0,0,76.0,1.5,0,223.0,241.0,1.4,1.4,235,19,6,8
25.08.2019 20:00:00,9.0,17.0,29.5,0,0.24,0,2.2,8.3,11.0,24.0,0,83.0,1.5,0,224.0,214.0,1.2,0.6,235,20,6,8
25.08.2019 21:00:00,5.972,22.947,28.612,0,0.0,0,1.861,6.428,8.754,17.125,8.041,80.958,2.661,0,120.0,117.361,3.127,2.645,235,21,6,8
25.08.2019 22:00:00,7.0,13.0,28.6,0,0.26,0,1.8,8.5,10.0,24.0,0,85.0,1.9,0,205.0,207.0,2.3,2.1,235,22,6,8
25.08.2019 23:00:00,11.0,13.0,28.7,0,0.24,0,1.8,8.1,9.9,26.0,0,84.0,2.3,0,204.0,210.0,2.2,2.3,235,23,6,8
25.08.2019 24:00:00,8.0,9.8,28.2,0,0.25,0,1.4,7.1,8.5,32.0,0,86.0,2.4,0,205.0,196.0,1.2,1.3,235,24,6,8
26.08.2019 01:00:00,6.0,14.0,27.8,0,0.2,0,1.7,5.1,6.8,30.0,0,89.0,1.4,0,183.0,148.0,2.2,1.4,236,1,0,8
26.08.2019 02:00:00,8.0,10.0,27.4,0,0.18,0,0.5,4.8,5.3,31.0,0,90.0,2.6,0,210.0,210.0,3.1,2.4,236,2,0,8
26.08.2019 03:00:00,8.0,8.8,26.9,0,0.17,0,0.2,4.1,4.3,26.0,0,91.0,2.5,0,209.0,213.0,3.1,3.3,236,3,0,8
26.08.2019 04:00:00,9.0,9.1,26.8,0,0.14,0,0.2,3.8,4.0,24.0,0,90.0,2.5,0,208.0,210.0,3.3,3.3,236,4,0,8
26.08.2019 05:00:00,8.0,8.2,26.5,0,0.14,0,0.4,2.9,3.3,25.0,0,89.0,2.4,0,212.0,213.0,2.9,3.0,236,5,0,8
26.08.2019 06:00:00,4.0,9.3,26.7,0,0.16,0,0.9,3.9,4.7,22.0,0,87.0,2.0,0,216.0,213.0,2.6,2.5,236,6,0,8
26.08.2019 07:00:00,7.0,9.7,27.9,0,0.21,0,4.7,6.3,11.0,17.0,0,82.0,2.5,0,215.0,223.0,3.5,2.7,236,7,0,8
26.08.2019 08:00:00,11.0,16.0,30.0,0,0.18,0,2.8,5.1,7.9,18.0,0,72.0,2.3,0,229.0,209.0,1.0,2.0,236,8,0,8
26.08.2019 09:00:00,11.0,19.0,30.7,0,0.17,0,4.3,6.0,10.0,38.0,0,72.0,3.2,0,28.0,23.0,1.8,1.8,236,9,0,8
26.08.2019 10:00:00,11.0,23.0,31.2,0,0.17,0,4.2,6.8,11.0,31.0,0,71.0,3.3,0,40.0,44.0,3.0,2.1,236,10,0,8
26.08.2019 11:00:00,10.0,23.0,30.6,0,0.18,0,5.5,8.8,14.0,22.0,0,79.0,3.4,0,42.0,46.0,3.9,3.0,236,11,0,8
26.08.2019 12:00:00,10.0,43.0,30.9,0,0.17,0,2.6,6.8,9.4,22.0,0,76.0,3.2,0,47.0,49.0,3.8,3.6,236,12,0,8
26.08.2019 13:00:00,10.0,49.0,31.5,0,0.18,0,0.8,5.1,5.9,28.0,0,71.0,3.1,0,33.0,19.0,4.0,3.2,236,13,0,8
26.08.2019 14:00:00,8.0,42.0,31.9,0,0.15,0,2.2,5.8,8.0,31.0,0,67.0,2.5,0,19.0,21.0,4.5,3.8,236,14,0,8
26.08.2019 15:00:00,6.569,23.647,31.8,0,0.0,0,1.859,6.374,8.834,20.561,8.034,68.0,2.666,0,24.0,18.0,3.3,2.8,236,15,0,8
26.08.2019 16:00:00,16.0,43.0,31.6,0,0.15,0,1.858,6.367,8.825,37.0,0,69.0,2.6,0,22.0,44.0,3.4,3.0,236,16,0,8
26.08.2019 17:00:00,17.0,42.0,30.4,0,0.19,0,1.1,5.8,6.9,46.0,0,80.0,2.7,0,31.0,16.0,2.2,2.3,236,17,0,8
26.08.2019 18:00:00,11.0,37.0,29.8,0,0.14,0,0.7,4.4,5.1,27.0,0,81.0,3.0,0,329.0,315.0,2.1,1.5,236,18,0,8
26.08.2019 19:00:00,5.0,34.0,29.4,0,0.15,0,0.3,4.1,4.4,23.0,0,84.0,2.6,0,313.0,256.0,0.8,0.9,236,19,0,8
26.08.2019 20:00:00,7.0,18.0,28.8,0,0.19,0,0.9,7.1,7.9,23.0,0,85.0,2.3,0,209.0,212.0,2.6,1.6,236,20,0,8
26.08.2019 21:00:00,7.0,13.0,27.9,0,0.17,0,1.1,4.6,5.7,23.0,0,86.0,2.4,0,207.0,212.0,3.0,2.6,236,21,0,8
26.08.2019 22:00:00,9.0,11.0,27.4,0,0.16,0,0.6,4.6,5.2,22.0,0,87.0,2.7,0,209.0,208.0,3.2,2.8,236,22,0,8
26.08.2019 23:00:00,10.0,9.6,27.2,0,0.15,0,0.7,4.2,4.9,27.0,0,88.0,2.7,0,209.0,208.0,3.3,3.1,236,23,0,8
26.08.2019 24:00:00,7.0,9.8,26.8,0,0.13,0,0.7,3.5,4.1,20.0,0,88.0,2.8,0,206.0,207.0,3.5,3.3,236,24,0,8
27.08.2019 01:00:00,7.0,11.0,26.7,0,0.13,0,0.7,3.5,4.3,21.0,0,87.0,3.0,0,200.0,198.0,2.4,2.7,237,1,1,8
27.08.2019 02:00:00,10.0,10.0,26.5,0,0.11,0,2.8,2.1,4.9,24.0,0,87.0,1.4,0,209.0,214.0,3.4,3.4,237,2,1,8
27.08.2019 03:00:00,10.0,10.0,26.4,0,0.11,0,2.4,1.9,4.2,19.0,0,88.0,1.2,0,207.0,204.0,2.6,3.3,237,3,1,8
27.08.2019 04:00:00,10.0,9.7,26.2,0,0.11,0,2.2,1.0,3.2,19.0,0,89.0,1.0,0,207.0,211.0,3.3,3.3,237,4,1,8
27.08.2019 05:00:00,8.0,9.8,26.1,0,0.1,0,2.2,0.9,3.1,18.0,0,88.0,1.0,0,211.0,213.0,3.8,3.4,237,5,1,8
27.08.2019 06:00:00,7.0,8.8,26.0,0,0.11,0,2.5,1.3,3.8,17.0,0,88.0,0.9,0,208.0,204.0,3.1,3.3,237,6,1,8
27.08.2019 07:00:00,6.0,7.4,26.7,0,0.19,0,7.6,3.5,11.0,18.0,0,86.0,1.7,0,204.0,193.0,2.0,2.5,237,7,1,8
27.08.2019 08:00:00,8.0,10.0,28.9,0,0.22,0,8.3,3.6,12.0,17.0,0,78.0,1.9,0,177.0,48.0,1.9,1.0,237,8,1,8
27.08.2019 09:00:00,8.0,18.0,30.9,0,0.13,0,4.8,2.7,7.6,13.0,0,68.0,1.8,0,125.0,101.0,3.6,2.0,237,9,1,8
27.08.2019 10:00:00,7.0,20.0,32.2,0,0.12,0,3.2,2.7,5.9,9.0,0,63.0,2.2,0,139.0,186.0,3.6,1.6,237,10,1,8
27.08.2019 11:00:00,6.0,23.0,32.9,0,0.1,0,2.1,1.4,3.5,7.0,0,59.0,1.1,0,133.0,126.0,3.5,3.6,237,11,1,8
27.08.2019 12:00:00,3.0,22.0,32.2,0,0.12,0,3.6,4.1,7.7,14.0,0,64.0,1.9,0,84.0,74.0,4.6,4.4,237,12,1,8
27.08.2019 13:00:00,5.0,24.0,31.3,0,0.11,0,3.4,3.6,7.0,11.0,0,69.0,2.2,0,79.0,75.0,4.7,3.9,237,13,1,8
27.08.2019 14:00:00,7.0,23.0,31.5,0,0.1,0,4.4,4.4,8.7,14.0,0,68.0,4.1,0,86.0,106.0,5.3,4.2,237,14,1,8
27.08.2019 15:00:00,7.0,20.0,32.8,0,0.1,0,5.8,5.8,12.0,11.0,0,59.0,7.7,0,105.0,101.0,5.6,5.8,237,15,1,8
27.08.2019 16:00:00,7.0,17.0,32.5,0,0.1,0,5.5,4.8,10.0,11.0,0,59.0,5.4,0,100.0,103.0,4.9,4.9,237,16,1,8
27.08.2019 17:00:00,7.0,20.0,32.0,0,0.11,0,2.7,2.5,5.2,8.0,0,60.0,1.8,0,126.0,126.0,3.2,3.4,237,17,1,8
27.08.2019 18:00:00,6.0,16.0,31.0,0,0.12,0,2.0,2.0,3.9,10.0,0,64.0,1.2,0,149.0,161.0,1.6,2.2,237,18,1,8
27.08.2019 19:00:00,5.0,13.0,30.0,0,0.15,0,2.0,3.8,5.7,9.0,0,68.0,1.0,0,152.0,189.0,1.8,0.9,237,19,1,8
27.08.2019 20:00:00,3.0,12.0,29.9,0,0.14,0,1.9,3.5,5.4,13.0,0,68.0,1.2,0,146.0,157.0,2.1,1.4,237,20,1,8
27.08.2019 21:00:00,4.0,7.1,28.8,0,0.19,0,4.5,6.4,11.0,10.0,0,74.0,1.1,0,177.0,185.0,1.5,1.9,237,21,1,8
27.08.2019 22:00:00,5.0,5.8,27.5,0,0.17,0,3.8,5.0,8.8,14.0,0,80.0,1.5,0,198.0,193.0,2.0,1.9,237,22,1,8
27.08.2019 23:00:00,6.0,9.4,28.4,0,0.13,0,2.4,2.7,5.1,11.0,0,75.0,1.4,0,167.0,137.0,3.6,2.1,237,23,1,8
27.08.2019 24:00:00,7.0,12.0,29.5,0,0.1,0,1.4,1.3,2.7,7.0,0,69.0,1.2,0,158.0,183.0,4.0,3.5,237,24,1,8
28.08.2019 01:00:00,8.0,11.0,29.4,0,0.1,0,1.2,1.1,2.3,9.0,0,70.0,1.2,0,180.0,175.0,3.6,4.1,238,1,2,8
28.08.2019 02:00:00,7.0,10.0,29.5,0,0.08,0,0.4,1.0,1.4,6.0,0,69.0,2.1,0,183.0,186.0,4.8,3.9,238,2,2,8
28.08.2019 03:00:00,5.0,9.8,29.5,0,0.08,0,0.6,1.1,1.6,5.0,0,69.0,2.2,0,183.0,170.0,3.4,4.1,238,3,2,8
28.08.2019 04:00:00,4.0,9.4,29.4,0,0.08,0,0.7,1.2,1.9,8.0,0,69.0,2.3,0,174.0,151.0,3.1,3.5,238,4,2,8
28.08.2019 05:00:00,6.0,9.0,29.3,0,0.08,0,0.8,1.6,2.4,7.0,0,70.0,2.1,0,170.0,162.0,2.6,2.6,238,5,2,8
28.08.2019 06:00:00,7.0,7.9,28.9,0,0.09,0,0.6,2.5,3.1,5.0,0,72.0,2.3,0,167.0,172.0,2.3,2.0,238,6,2,8
28.08.2019 07:00:00,7.0,7.7,29.1,0,0.12,0,2.6,2.7,5.3,7.0,0,73.0,2.4,0,155.0,139.0,2.6,1.7,238,7,2,8
28.08.2019 08:00:00,7.0,8.7,30.2,0,0.11,0,4.6,2.8,7.4,10.0,0,71.0,2.5,0,132.0,130.0,3.5,2.8,238,8,2,8
28.08.2019 09:00:00,7.0,9.9,31.2,0,0.1,0,4.0,2.4,6.3,7.0,0,67.0,2.5,0,143.0,183.0,4.2,2.8,238,9,2,8
28.08.2019 10:00:00,7.0,12.0,32.1,0,0.08,0,2.4,1.6,4.0,6.0,0,64.0,2.3,0,177.0,189.0,4.1,3.7,238,10,2,8
28.08.2019 11:00:00,7.395,12.0,32.7,0,0.09,0,2.6,2.3,4.9,17.425,0,63.0,2.5,0,152.0,149.0,4.0,2.9,238,11,2,8
28.08.2019 12:00:00,7.0,13.0,33.0,0,0.0,0,2.6,2.4,5.0,9.0,8.082,63.0,2.588,0,141.0,139.0,4.2,4.1,238,12,2,8
28.08.2019 13:00:00,6.0,15.0,33.0,0,0.0,0,2.3,2.1,4.4,11.0,0,64.0,2.587,0,121.0,123.0,6.5,5.3,238,13,2,8
28.08.2019 14:00:00,3.0,15.0,32.6,0,0.08,0,3.2,3.3,6.4,8.0,0,67.0,4.3,0,128.0,133.0,4.6,4.7,238,14,2,8
28.08.2019 15:00:00,3.0,12.0,32.1,0,0.08,0,3.4,3.5,6.9,9.0,0,68.0,5.3,0,123.0,138.0,5.0,5.1,238,15,2,8
28.08.2019 16:00:00,5.0,12.0,32.6,0,0.08,0,2.9,2.6,5.4,7.0,0,65.0,2.3,0,125.0,137.0,4.2,4.3,238,16,2,8
28.08.2019 17:00:00,3.0,11.0,32.5,0,0.09,0,2.8,2.4,5.2,11.0,0,65.0,2.4,0,148.0,163.0,5.1,3.8,238,17,2,8
28.08.2019 18:00:00,2.0,12.0,31.7,0,0.1,0,1.6,1.9,3.5,7.0,0,67.0,1.9,0,159.0,148.0,3.7,3.5,238,18,2,8
28.08.2019 19:00:00,6.0,11.0,31.1,0,0.17,0,1.4,3.4,4.8,17.0,0,68.0,3.4,0,148.0,143.0,1.4,1.8,238,19,2,8
28.08.2019 20:00:00,10.0,7.1,30.3,0,0.16,0,3.4,4.5,7.9,13.0,0,73.0,2.0,0,181.0,200.0,2.7,1.9,238,20,2,8
28.08.2019 21:00:00,8.0,5.2,29.0,0,0.15,0,4.4,4.5,8.9,11.0,0,80.0,2.0,0,193.0,179.0,1.8,2.3,238,21,2,8
28.08.2019 22:00:00,7.0,5.3,28.4,0,0.13,0,2.6,3.2,5.9,11.0,0,82.0,1.7,0,196.0,195.0,2.5,2.6,238,22,2,8
28.08.2019 23:00:00,4.0,5.3,27.9,0,0.11,0,1.6,3.0,4.6,11.0,0,84.0,1.7,0,206.0,207.0,3.4,2.8,238,23,2,8
28.08.2019 24:00:00,2.0,5.7,27.5,0,0.1,0,1.7,2.9,4.6,15.0,0,85.0,2.2,0,203.0,204.0,3.8,3.4,238,24,2,8
29.08.2019 01:00:00,4.0,6.5,27.8,0,0.1,0,1.5,2.3,3.8,9.0,0,84.0,2.1,0,198.0,194.0,2.8,3.1,239,1,3,8
29.08.2019 02:00:00,7.0,7.2,28.1,0,0.09,0,0.0,1.9,1.9,8.0,0,84.0,1.4,0,194.0,200.0,2.5,2.5,239,2,3,8
29.08.2019 03:00:00,5.0,6.0,27.6,0,0.09,0,0.1,1.7,1.8,8.0,0,85.0,1.4,0,199.0,197.0,2.7,3.1,239,3,3,8
29.08.2019 04:00:00,3.0,5.5,27.4,0,0.08,0,0.3,1.7,2.0,4.0,0,86.0,1.4,0,201.0,211.0,3.5,3.0,239,4,3,8
29.08.2019 05:00:00,3.0,5.5,27.1,0,0.07,0,0.5,1.6,2.1,6.0,0,87.0,1.5,0,212.0,212.0,3.7,3.5,239,5,3,8
29.08.2019 06:00:00,3.0,5.2,27.3,0,0.1,0,0.9,1.9,2.8,8.0,0,85.0,1.2,0,213.0,205.0,1.7,2.1,239,6,3,8
29.08.2019 07:00:00,4.0,4.5,27.6,0,0.18,0,6.4,3.1,9.5,6.0,0,85.0,1.9,0,200.0,198.0,2.3,2.3,239,7,3,8
29.08.2019 08:00:00,7.0,7.6,29.2,0,0.19,0,10.0,4.8,15.0,18.0,0,79.0,2.4,0,335.0,353.0,1.9,0.2,239,8,3,8
29.08.2019 09:00:00,14.0,30.0,29.7,0,0.19,0,4.3,7.4,12.0,36.0,0,79.0,4.7,0,42.0,47.0,2.1,2.2,239,9,3,8
29.08.2019 10:00:00,18.0,34.0,30.0,0,0.17,0,2.6,6.6,9.3,30.0,0,79.0,4.7,0,38.0,36.0,2.1,1.9,239,10,3,8
29.08.2019 11:00:00,11.0,26.0,30.4,0,0.11,0,2.0,4.6,6.5,25.0,0,75.0,2.8,0,44.0,34.0,1.9,2.1,239,11,3,8
29.08.2019 12:00:00,7.0,40.0,31.3,0,0.14,0,2.1,4.8,6.9,28.0,0,73.0,2.6,0,22.0,23.0,2.9,2.9,239,12,3,8
29.08.2019 13:00:00,9.0,45.0,30.9,0,0.12,0,0.4,2.2,2.6,27.0,0,77.0,2.4,0,38.0,41.0,2.6,3.3,239,13,3,8
29.08.2019 14:00:00,15.0,65.0,30.8,0,0.16,0,0.0,3.3,3.3,35.0,0,75.0,3.1,0,49.0,47.0,2.3,2.7,239,14,3,8
29.08.2019 15:00:00,17.0,50.0,30.8,0,0.13,0,0.5,3.2,3.7,30.0,0,76.0,2.5,0,47.0,47.0,1.9,2.2,239,15,3,8
29.08.2019 16:00:00,13.0,45.0,30.8,0,0.14,0,0.7,3.7,4.4,31.0,0,77.0,2.6,0,54.0,32.0,1.7,1.8,239,16,3,8
29.08.2019 17:00:00,9.0,29.0,30.0,0,0.0,0,0.6,3.9,4.5,28.0,0,83.0,2.6,0,16.0,10.0,1.7,1.4,239,17,3,8
29.08.2019 18:00:00,7.0,18.0,29.5,0,0.0,0,1.2,6.2,7.4,25.0,0,86.0,2.7,0,24.0,22.0,0.7,0.7,239,18,3,8
29.08.2019 19:00:00,10.0,14.0,29.7,0,0.18,0,1.0,9.9,11.0,28.0,0,85.0,2.5,0,211.0,214.0,2.1,0.7,239,19,3,8
29.08.2019 20:00:00,11.0,19.0,29.1,0,0.15,0,0.3,5.0,5.3,17.0,0,85.0,1.6,0,211.0,207.0,2.3,2.3,239,20,3,8
29.08.2019 21:00:00,9.0,17.0,29.0,0,0.14,0,0.3,4.8,5.1,27.0,0,85.0,1.8,0,214.0,208.0,1.9,2.1,239,21,3,8
29.08.2019 22:00:00,10.0,14.0,29.0,0,0.14,0,0.3,5.6,5.9,18.0,0,84.0,1.8,0,206.0,183.0,1.3,1.8,239,22,3,8
29.08.2019 23:00:00,10.0,12.0,29.0,0,0.13,0,0.4,5.6,6.0,20.0,0,84.0,1.6,0,210.0,216.0,1.6,1.1,239,23,3,8
29.08.2019 24:00:00,12.0,12.0,28.3,0,0.11,0,0.1,4.3,4.4,17.0,0,86.0,1.4,0,211.0,234.0,2.4,2.2,239,24,3,8
30.08.2019 01:00:00,12.0,13.0,27.9,0,0.1,0,0.5,3.6,4.0,22.0,0,86.0,1.6,0,214.0,215.0,3.0,2.6,240,1,4,8
30.08.2019 02:00:00,9.0,13.0,27.9,0,0.11,0,1.958,6.01,8.844,14.0,0,85.0,3.0,0,208.0,218.0,2.2,2.3,240,2,4,8
30.08.2019 03:00:00,11.0,11.0,27.9,0,0.12,0,1.959,6.006,8.846,17.0,0,85.0,3.1,0,200.0,204.0,2.3,1.9,240,3,4,8
30.08.2019 04:00:00,11.0,11.0,28.0,0,0.14,0,1.96,6.002,8.847,17.0,0,85.0,3.3,0,205.0,206.0,2.4,2.4,240,4,4,8
30.08.2019 05:00:00,9.0,8.1,27.9,0,0.17,0,-0.4,4.5,4.1,16.0,0,86.0,3.0,0,205.0,210.0,2.7,2.4,240,5,4,8
30.08.2019 06:00:00,11.0,5.5,27.7,0,0.22,0,0.2,6.0,6.1,18.0,0,88.0,2.9,0,214.0,203.0,1.1,1.8,240,6,4,8
30.08.2019 07:00:00,12.0,6.8,28.0,0,0.26,0,3.4,5.3,8.7,21.0,0,86.0,3.4,0,205.0,185.0,1.1,1.8,240,7,4,8
30.08.2019 08:00:00,13.0,12.0,29.4,0,0.24,0,5.2,7.9,13.0,31.0,0,82.0,4.3,0,48.0,44.0,1.5,1.0,240,8,4,8
30.08.2019 09:00:00,15.0,17.0,29.9,0,0.19,0,5.6,9.4,15.0,32.0,0,81.0,5.3,0,50.0,49.0,2.8,2.0,240,9,4,8
30.08.2019 10:00:00,11.0,24.0,30.3,0,0.12,0,2.9,5.6,8.5,26.0,0,81.0,4.7,0,46.0,46.0,2.6,2.4,240,10,4,8
30.08.2019 11:00:00,11.0,34.0,30.3,0,0.13,0,1.1,4.6,5.7,31.0,0,82.0,5.0,0,50.0,66.0,2.4,2.6,240,11,4,8
30.08.2019 12:00:00,11.0,41.0,30.5,0,0.16,0,0.3,3.7,4.0,22.0,0,78.0,4.3,0,64.0,54.0,2.0,2.0,240,12,4,8
30.08.2019 13:00:00,11.0,35.0,30.5,0,0.15,0,0.0,3.7,3.6,27.0,0,77.0,3.2,0,91.0,145.0,1.8,1.1,240,13,4,8
30.08.2019 14:00:00,12.0,30.0,29.4,0,0.19,0,-0.1,5.2,5.1,26.0,0,84.0,3.3,0,191.0,214.0,1.4,1.3,240,14,4,8
30.08.2019 15:00:00,12.0,23.0,29.2,0,0.21,0,0.4,5.9,6.3,18.0,0,85.0,3.1,0,217.0,235.0,2.1,1.7,240,15,4,8
30.08.2019 16:00:00,12.0,28.0,29.4,0,0.22,0,0.6,6.5,7.1,31.0,0,84.0,3.7,0,46.0,65.0,1.3,0.3,240,16,4,8
30.08.2019 17:00:00,12.0,33.0,29.3,0,0.17,0,0.0,4.8,4.8,27.0,1.2,84.0,3.5,0,114.0,98.0,5.0,1.7,240,17,4,8
30.08.2019 18:00:00,11.0,32.0,26.9,0,0.18,0,-0.1,4.5,4.4,13.0,13.0,89.0,3.0,0,212.0,203.0,3.4,2.3,240,18,4,8
30.08.2019 19:00:00,9.0,23.0,26.7,0,0.16,0,1.918,6.074,8.836,19.0,0,91.0,2.9,0,214.0,210.0,2.9,3.3,240,19,4,8
30.08.2019 20:00:00,11.0,16.0,26.5,0,0.16,0,-0.1,5.9,5.8,20.0,0,92.0,2.6,0,210.0,208.0,3.6,3.1,240,20,4,8
30.08.2019 21:00:00,14.0,14.0,26.4,0,0.14,0,0.1,5.1,5.2,19.0,0,92.0,3.1,0,212.0,213.0,3.1,2.9,240,21,4,8
30.08.2019 22:00:00,12.0,11.0,26.4,0,0.13,0,0.0,5.9,5.9,24.0,0,92.0,3.1,0,209.0,211.0,3.0,3.0,240,22,4,8
30.08.2019 23:00:00,10.0,9.6,26.5,0,0.12,0,0.0,6.3,6.3,23.0,0,92.0,2.9,0,209.0,207.0,2.4,2.8,240,23,4,8
30.08.2019 24:00:00,11.0,9.4,26.6,0,0.12,0,0.3,4.9,5.1,24.0,0,92.0,2.7,0,205.0,206.0,2.9,2.6,240,24,4,8
31.08.2019 01:00:00,10.0,9.3,26.8,0,0.12,0,0.1,4.2,4.3,22.0,0,93.0,3.1,0,204.0,203.0,2.1,1.9,241,1,5,8
31.08.2019 02:00:00,9.0,9.3,26.8,0,0.14,0,0.2,5.0,5.2,26.0,0,93.0,1.9,0,203.0,195.0,1.5,1.7,241,2,5,8
31.08.2019 03:00:00,8.0,8.5,26.8,0,0.14,0,0.5,4.9,5.4,21.0,0,93.0,1.9,0,204.0,206.0,1.5,1.5,241,3,5,8
31.08.2019 04:00:00,8.0,7.8,26.7,0,0.14,0,0.5,5.0,5.5,22.0,0,93.0,1.7,0,202.0,204.0,1.7,1.5,241,4,5,8
31.08.2019 05:00:00,10.0,6.8,26.5,0,0.15,0,0.4,5.7,6.1,24.0,0,93.0,2.0,0,196.0,168.0,0.6,1.3,241,5,5,8
31.08.2019 06:00:00,11.0,8.6,26.8,0,0.19,0,1.3,6.5,7.8,20.0,0,93.0,2.0,0,183.0,197.0,0.7,0.2,241,6,5,8
31.08.2019 07:00:00,14.0,17.0,27.5,0,0.19,0,1.5,6.2,7.7,21.0,0,92.0,2.7,0,105.0,76.0,2.4,0.9,241,7,5,8
31.08.2019 08:00:00,10.0,21.0,28.2,0,0.15,0,1.8,4.9,6.7,18.0,0,90.0,3.0,0,81.0,78.0,3.3,2.3,241,8,5,8
31.08.2019 09:00:00,8.0,22.0,28.8,0,0.14,0,2.9,5.5,8.4,23.0,0,86.0,2.8,0,76.0,102.0,2.0,2.3,241,9,5,8
31.08.2019 10:00:00,9.0,24.0,29.6,0,0.13,0,2.4,4.2,6.6,19.0,0,84.0,3.0,0,87.0,76.0,3.9,2.4,241,10,5,8
31.08.2019 11:00:00,7.0,20.0,29.8,0,0.12,0,3.5,5.0,8.4,11.0,0,84.0,3.5,0,79.0,73.0,3.9,3.3,241,11,5,8
31.08.2019 12:00:00,5.0,23.0,29.9,0,0.1,0,2.3,3.6,5.9,17.0,0,83.0,2.8,0,70.0,70.0,5.2,4.5,241,12,5,8
31.08.2019 13:00:00,3.0,22.0,30.3,0,0.11,0,2.2,3.7,5.9,12.0,0,81.0,2.0,0,74.0,84.0,4.9,3.6,241,13,5,8
31.08.2019 14:00:00,4.0,18.0,30.8,0,0.11,0,1.8,2.4,4.3,7.0,0,76.0,2.5,0,93.0,84.0,4.5,3.3,241,14,5,8
31.08.2019 15:00:00,5.0,20.0,31.0,0,0.11,0,2.2,3.0,5.2,11.0,0,74.0,3.7,0,97.0,112.0,4.8,3.9,241,15,5,8
31.08.2019 16:00:00,7.0,19.0,30.4,0,0.11,0,2.1,2.9,5.0,10.0,0,78.0,2.0,0,83.0,86.0,3.0,3.3,241,16,5,8
31.08.2019 17:00:00,7.0,14.0,30.4,0,0.12,0,4.0,4.8,8.8,6.0,0,75.0,5.0,0,91.0,100.0,6.1,4.0,241,17,5,8
31.08.2019 18:00:00,2.0,11.0,30.1,0,0.12,0,3.1,6.3,9.5,5.0,0,74.0,5.9,0,114.0,129.0,3.0,2.9,241,18,5,8
31.08.2019 19:00:00,2.0,14.0,29.7,0,0.12,0,0.8,3.8,4.6,6.0,0,74.0,2.1,0,132.0,135.0,2.8,2.7,241,19,5,8
31.08.2019 20:00:00,2.0,14.0,29.5,0,0.12,0,0.6,3.3,3.9,5.0,0,73.0,2.0,0,131.0,127.0,3.4,3.5,241,20,5,8
31.08.2019 21:00:00,2.0,15.0,29.6,0,0.11,0,0.4,2.6,2.9,2.0,0,72.0,1.9,0,136.0,154.0,3.0,3.3,241,21,5,8
31.08.2019 22:00:00,2.0,15.0,29.5,0,0.11,0,0.4,3.1,3.5,2.0,0,72.0,2.0,0,137.0,140.0,2.9,2.6,241,22,5,8
31.08.2019 23:00:00,2.0,14.0,29.4,0,0.12,0,0.4,3.5,3.9,2.0,0,73.0,2.1,0,145.0,137.0,2.4,1.8,241,23,5,8
31.08.2019 24:00:00,2.0,15.0,29.4,0,0.11,0,0.3,2.9,3.2,3.0,0,73.0,1.8,0,148.0,139.0,3.2,2.7,241,24,5,8
01.09.2019 01:00:00,2.0,9.2,29.1,0,0.1,0,0.4,5.9,6.2,4.0,0,76.0,4.0,0,136.0,159.0,1.8,1.8,242,1,6,9
01.09.2019 02:00:00,3.0,11.0,28.9,0,0.09,0,0.6,3.6,4.2,5.0,0,76.0,4.1,0,134.0,145.0,1.3,1.3,242,2,6,9
01.09.2019 03:00:00,2.0,11.0,28.6,0,0.11,0,0.8,2.9,3.7,6.0,0,77.0,3.3,0,166.0,158.0,0.8,0.5,242,3,6,9
01.09.2019 04:00:00,3.0,11.0,28.8,0,0.09,0,1.0,3.2,4.2,10.0,0,76.0,4.0,0,63.0,67.0,2.4,2.0,242,4,6,9
01.09.2019 05:00:00,2.0,9.6,29.0,0,0.09,0,1.3,4.8,6.0,9.0,0,74.0,5.6,0,80.0,76.0,2.5,1.9,242,5,6,9
01.09.2019 06:00:00,2.0,6.4,27.9,0,0.12,0,1.6,5.1,6.7,5.0,0,79.0,4.7,0,199.0,43.0,1.6,0.3,242,6,6,9
01.09.2019 07:00:00,4.0,7.3,28.9,0,0.15,0,5.6,5.3,11.0,7.0,0,75.0,5.6,0,57.0,75.0,3.4,1.4,242,7,6,9
01.09.2019 08:00:00,3.0,10.0,30.3,0,0.1,0,5.5,4.0,9.5,10.0,0,70.0,5.9,0,84.0,66.0,2.2,1.7,242,8,6,9
01.09.2019 09:00:00,9.0,10.0,31.2,0,0.1,0,8.8,5.0,14.0,11.0,0,67.0,9.5,0,87.0,92.0,5.0,3.7,242,9,6,9
01.09.2019 10:00:00,11.0,13.0,31.9,0,0.11,0,7.0,5.1,12.0,8.0,0,65.0,9.5,0,105.0,110.0,5.1,4.3,242,10,6,9
01.09.2019 11:00:00,7.0,16.0,32.3,0,0.1,0,4.5,4.7,9.1,5.0,0,64.0,7.2,0,108.0,109.0,5.6,4.7,242,11,6,9
01.09.2019 12:00:00,5.0,19.0,33.0,0,0.09,0,2.0,2.5,4.5,4.0,0,62.0,4.3,0,135.0,129.0,6.5,5.2,242,12,6,9
01.09.2019 13:00:00,3.0,19.0,33.3,0,0.09,0,2.5,3.6,6.1,3.0,0,61.0,5.5,0,116.0,69.0,5.0,3.8,242,13,6,9
01.09.2019 14:00:00,5.0,19.0,32.9,0,0.1,0,2.9,4.0,6.9,6.0,0,63.0,4.6,0,81.0,87.0,4.1,3.9,242,14,6,9
01.09.2019 15:00:00,3.0,17.0,32.1,0,0.1,0,2.5,3.1,5.7,8.0,0,64.0,3.3,0,100.0,91.0,4.3,4.0,242,15,6,9
01.09.2019 16:00:00,2.0,16.0,32.0,0,0.1,0,2.7,3.4,6.2,5.0,0,64.0,3.7,0,119.0,149.0,3.2,3.1,242,16,6,9
01.09.2019 17:00:00,2.0,16.0,31.8,0,0.1,0,1.8,2.9,4.7,8.0,0,66.0,3.8,0,171.0,176.0,4.2,3.2,242,17,6,9
01.09.2019 18:00:00,7.0,14.0,30.7,0,0.12,0,1.7,3.4,5.0,8.0,0,69.0,3.6,0,150.0,126.0,4.4,2.8,242,18,6,9
01.09.2019 19:00:00,5.0,12.0,29.7,0,0.12,0,1.2,4.4,5.6,4.0,0,76.0,3.9,0,150.0,174.0,2.3,2.6,242,19,6,9
01.09.2019 20:00:00,3.0,11.0,29.8,0,0.13,0,1.3,4.0,5.4,4.0,0,74.0,3.8,0,176.0,162.0,2.3,2.3,242,20,6,9
01.09.2019 21:00:00,7.0,9.2,29.5,0,0.14,0,2.5,5.0,7.4,7.0,0,74.0,3.6,0,178.0,188.0,3.3,2.7,242,21,6,9
01.09.2019 22:00:00,7.0,12.0,29.5,0,0.1,0,1.3,2.9,4.2,8.0,0,74.0,3.6,0,167.0,165.0,2.7,2.4,242,22,6,9
01.09.2019 23:00:00,3.0,15.0,29.7,0,0.08,0,0.8,2.0,2.7,8.0,0,71.0,3.5,0,151.0,169.0,2.8,3.0,242,23,6,9
01.09.2019 24:00:00,2.0,14.0,29.6,0,0.08,0,1.0,2.6,3.7,5.0,0,71.0,4.1,0,142.0,139.0,1.8,2.4,242,24,6,9
02.09.2019 01:00:00,5.0,9.9,29.3,0,0.08,0,1.3,6.7,7.9,7.0,0,74.0,7.7,0,122.0,172.0,1.5,1.4,243,1,0,9
02.09.2019 02:00:00,6.0,12.0,28.8,0,0.07,0,0.4,2.0,2.3,5.0,0,75.0,4.0,0,182.0,176.0,3.0,2.2,243,2,0,9
02.09.2019 03:00:00,3.0,15.0,29.2,0,0.07,0,0.5,1.1,1.6,3.0,0,72.0,3.6,0,184.0,158.0,2.0,2.1,243,3,0,9
02.09.2019 04:00:00,5.0,14.0,28.8,0,0.07,0,0.3,1.4,1.7,3.0,0,74.0,3.6,0,189.0,203.0,2.4,1.3,243,4,0,9
02.09.2019 05:00:00,6.0,10.0,27.1,0,0.08,0,0.6,2.2,2.8,11.0,0,83.0,3.4,0,202.0,200.0,2.5,2.5,243,5,0,9
02.09.2019 06:00:00,2.0,7.7,26.5,0,0.12,0,1.4,3.2,4.7,6.0,0,86.0,2.8,0,199.0,202.0,3.7,2.7,243,6,0,9
02.09.2019 07:00:00,5.0,7.8,27.0,0,0.22,0,4.8,4.8,9.6,12.0,0,84.0,2.9,0,197.0,193.0,1.8,2.4,243,7,0,9
02.09.2019 08:00:00,7.0,11.0,29.5,0,0.17,0,5.6,4.2,9.8,9.0,0,73.0,3.3,0,138.0,86.0,2.7,1.1,243,8,0,9
02.09.2019 09:00:00,6.0,16.0,31.4,0,0.09,0,1.7,1.6,3.2,4.0,0,65.0,3.5,0,124.0,118.0,4.4,3.5,243,9,0,9
02.09.2019 10:00:00,8.0,18.0,32.3,0,0.08,0,1.5,1.3,2.8,4.0,0,61.0,3.6,0,120.0,112.0,2.8,3.7,243,10,0,9
02.09.2019 11:00:00,6.0,18.0,32.9,0,0.08,0,1.7,1.8,3.5,6.0,0,60.0,3.6,0,121.0,113.0,4.8,2.9,243,11,0,9
02.09.2019 12:00:00,2.0,19.0,33.4,0,0.08,0,1.4,1.2,2.6,8.0,0,58.0,3.2,0,147.0,163.0,4.9,3.1,243,12,0,9
02.09.2019 13:00:00,2.0,18.0,33.5,0,0.08,0,2.0,2.2,4.2,7.0,0,58.0,4.2,0,107.0,96.0,4.1,3.0,243,13,0,9
02.09.2019 14:00:00,2.0,18.0,33.4,0,0.08,0,2.0,1.8,3.8,7.0,0,58.0,4.1,0,109.0,131.0,3.5,3.7,243,14,0,9
02.09.2019 15:00:00,3.0,20.0,33.6,0,0.07,0,1.3,1.4,2.7,6.0,0,58.0,3.7,0,140.0,122.0,5.2,3.7,243,15,0,9
02.09.2019 16:00:00,5.0,19.0,33.2,0,0.07,0,1.9,1.6,3.4,9.0,0,60.0,3.6,0,127.0,131.0,5.6,4.2,243,16,0,9
02.09.2019 17:00:00,4.0,17.0,32.4,0,0.08,0,1.1,1.8,2.9,7.0,0,63.0,3.1,0,145.0,143.0,3.8,4.0,243,17,0,9
02.09.2019 18:00:00,6.0,15.0,31.3,0,0.09,0,1.6,2.9,4.5,9.0,0,67.0,3.6,0,165.0,150.0,3.3,2.8,243,18,0,9
02.09.2019 19:00:00,7.0,13.0,30.3,0,0.11,0,1.2,3.2,4.4,10.0,0,70.0,3.3,0,134.0,128.0,3.0,2.8,243,19,0,9
02.09.2019 20:00:00,8.0,13.0,30.1,0,0.1,0,1.7,3.4,5.1,9.0,0,69.0,4.1,0,140.0,148.0,1.8,2.1,243,20,0,9
02.09.2019 21:00:00,7.0,13.0,30.1,0,0.1,0,1.0,2.8,3.8,6.0,0,68.0,3.6,0,146.0,145.0,2.4,2.2,243,21,0,9
02.09.2019 22:00:00,7.0,11.0,29.8,0,0.1,0,1.3,2.9,4.2,7.0,0,72.0,3.8,0,150.0,151.0,2.2,1.6,243,22,0,9
02.09.2019 23:00:00,6.0,9.9,29.7,0,0.09,0,1.0,2.8,3.8,9.0,0,73.0,4.1,0,160.0,181.0,2.7,2.0,243,23,0,9
02.09.2019 24:00:00,5.0,11.0,29.6,0,0.08,0,0.7,2.0,2.6,6.0,0,72.0,4.2,0,180.0,172.0,2.9,2.6,243,24,0,9
03.09.2019 01:00:00,3.0,12.0,29.4,0,0.07,0,0.8,1.5,2.3,18.0,0,72.0,4.0,0,182.0,176.0,3.4,2.5,244,1,1,9
03.09.2019 02:00:00,2.0,12.0,29.3,0,0.07,0,0.7,1.1,1.8,2.0,0,72.0,3.6,0,183.0,175.0,1.1,2.5,244,2,1,9
03.09.2019 03:00:00,5.0,11.0,28.7,0,0.07,0,0.6,1.4,1.9,4.0,0,75.0,3.2,0,167.0,181.0,1.6,1.1,244,3,1,9
03.09.2019 04:00:00,5.0,10.0,28.0,0,0.07,0,0.6,2.2,2.8,9.0,0,78.0,3.1,0,180.0,189.0,1.2,1.0,244,4,1,9
03.09.2019 05:00:00,5.0,7.5,26.9,0,0.08,0,0.7,2.1,2.8,6.0,0,84.0,2.6,0,192.0,180.0,1.2,2.0,244,5,1,9
03.09.2019 06:00:00,3.0,6.3,26.5,0,0.1,0,1.5,2.8,4.3,6.0,0,85.0,2.5,0,193.0,198.0,1.8,1.7,244,6,1,9
03.09.2019 07:00:00,2.0,5.5,27.0,0,0.18,0,8.8,4.4,13.0,7.0,0,85.0,2.7,0,183.0,58.0,2.2,1.0,244,7,1,9
03.09.2019 08:00:00,4.0,12.0,28.5,0,0.09,0,4.3,3.5,7.8,8.0,0,84.0,3.1,0,102.0,113.0,3.7,3.1,244,8,1,9
03.09.2019 09:00:00,2.0,18.0,29.4,0,0.08,0,3.0,2.3,5.3,10.0,0,79.0,3.3,0,87.0,84.0,4.3,3.5,244,9,1,9
03.09.2019 10:00:00,2.0,20.0,29.7,0,0.08,0,2.8,3.0,5.8,11.0,0,77.0,3.5,0,88.0,79.0,4.1,3.6,244,10,1,9
03.09.2019 11:00:00,3.0,22.0,30.0,0,0.08,0,2.2,2.5,4.6,11.0,0,76.0,3.5,0,83.0,85.0,4.5,3.7,244,11,1,9
03.09.2019 12:00:00,5.0,23.0,29.9,0,0.08,0,1.7,1.9,3.6,10.0,0,76.0,3.3,0,77.0,73.0,4.0,3.3,244,12,1,9
03.09.2019 13:00:00,7.0,27.0,29.5,0,0.08,0,1.6,1.8,3.4,16.0,0,80.0,3.3,0,74.0,73.0,3.8,3.9,244,13,1,9
03.09.2019 14:00:00,5.0,24.0,29.6,0,0.07,0,2.1,2.2,4.4,15.0,0,79.0,3.3,0,77.0,102.0,2.7,3.4,244,14,1,9
03.09.2019 15:00:00,4.0,22.0,30.0,0,0.07,0,2.1,2.0,4.1,17.0,0,77.0,3.5,0,76.0,67.0,4.4,3.7,244,15,1,9
03.09.2019 16:00:00,7.0,19.0,29.5,0,0.07,0,1.8,1.9,3.6,17.0,0,80.0,3.5,0,100.0,135.0,5.6,2.5,244,16,1,9
03.09.2019 17:00:00,6.0,15.0,29.2,0,0.09,0,1.9,1.4,3.3,6.0,0,74.0,3.0,0,146.0,168.0,2.6,2.8,244,17,1,9
03.09.2019 18:00:00,5.0,13.0,29.2,0,0.09,0,2.3,2.9,5.2,4.0,0,72.0,3.3,0,138.0,105.0,2.6,2.3,244,18,1,9
03.09.2019 19:00:00,6.0,12.0,29.0,0,0.1,0,2.5,4.6,7.0,6.0,0,74.0,4.6,0,126.0,96.0,1.5,1.4,244,19,1,9
03.09.2019 20:00:00,6.0,8.8,28.3,0,0.1,0,2.4,7.1,9.5,6.0,0,77.0,3.5,0,99.0,92.0,2.3,1.5,244,20,1,9
03.09.2019 21:00:00,4.0,11.0,27.4,0,0.09,0,1.7,3.7,5.4,9.0,0,84.0,2.7,0,109.0,171.0,0.6,1.1,244,21,1,9
03.09.2019 22:00:00,3.0,5.4,27.1,0,0.14,0,3.2,6.6,9.8,7.0,0,85.0,2.6,0,186.0,193.0,1.0,1.0,244,22,1,9
03.09.2019 23:00:00,3.0,3.4,26.8,0,0.15,0,3.7,6.3,9.9,9.0,0,87.0,2.8,0,204.0,198.0,1.3,1.1,244,23,1,9
03.09.2019 24:00:00,3.0,2.7,26.6,0,0.15,0,3.7,5.5,9.2,8.0,0,88.0,3.5,0,203.0,206.0,2.3,1.2,244,24,1,9
04.09.2019 01:00:00,4.0,4.2,26.2,0,0.1,0,1.9,4.4,6.3,6.0,0,90.0,3.1,0,203.0,201.0,2.2,2.1,245,1,2,9
04.09.2019 02:00:00,3.0,4.4,26.1,0,0.09,0,0.8,3.5,4.3,6.0,0,90.0,4.4,0,207.0,206.0,2.4,2.0,245,2,2,9
04.09.2019 03:00:00,5.0,5.4,26.2,0,0.08,0,0.9,3.3,4.2,8.0,0.2,91.0,4.3,0,209.0,213.0,3.3,2.3,245,3,2,9
04.09.2019 04:00:00,4.0,8.7,26.3,0,0.07,0,0.9,3.2,4.0,5.0,9.0,92.0,4.9,0,216.0,201.0,1.7,2.5,245,4,2,9
04.09.2019 05:00:00,2.0,9.5,26.1,0,0.07,0,0.4,2.7,3.1,5.0,0.4,93.0,4.7,0,210.0,212.0,2.4,3.1,245,5,2,9
04.09.2019 06:00:00,3.0,7.4,25.8,0,0.09,0,0.7,2.5,3.2,9.0,0,93.0,3.7,0,211.0,215.0,1.0,1.9,245,6,2,9
04.09.2019 07:00:00,6.0,6.7,26.3,0,0.14,0,4.1,3.6,7.7,10.0,0.2,92.0,4.2,0,209.0,358.0,2.2,1.1,245,7,2,9
04.09.2019 08:00:00,5.0,16.0,27.5,0,0.11,0,2.4,2.5,4.9,30.0,0,87.0,4.3,0,13.0,14.0,1.3,1.3,245,8,2,9
04.09.2019 09:00:00,6.0,15.0,27.6,0,0.11,0,2.8,4.7,7.6,47.0,7.8,88.0,4.4,0,17.0,50.0,1.2,1.3,245,9,2,9
04.09.2019 10:00:00,4.0,20.0,27.1,0,0.11,0,2.2,3.1,5.3,10.0,4.2,89.0,4.4,0,249.0,221.0,1.2,0.5,245,10,2,9
04.09.2019 11:00:00,4.0,18.0,27.8,0,0.13,0,3.0,4.4,7.4,11.0,0,88.0,6.0,0,233.0,21.0,1.4,0.5,245,11,2,9
04.09.2019 12:00:00,7.0,26.0,28.8,0,0.09,0,1.4,1.3,2.7,33.0,0,82.0,4.3,0,17.0,17.0,1.5,1.9,245,12,2,9
04.09.2019 13:00:00,5.0,27.0,28.4,0,0.1,0,1.5,1.8,3.3,21.0,4.6,82.0,4.5,0,47.0,141.0,1.9,1.0,245,13,2,9
04.09.2019 14:00:00,4.0,20.0,26.8,0,0.13,0,1.1,1.9,3.0,5.0,4.6,88.0,4.2,0,216.0,123.0,1.9,1.9,245,14,2,9
04.09.2019 15:00:00,3.0,19.0,26.6,0,0.12,0,2.1,3.8,5.8,6.0,8.6,91.0,3.7,0,20.0,4.0,2.2,1.1,245,15,2,9
04.09.2019 16:00:00,2.0,19.0,27.4,0,0.12,0,1.6,2.8,4.5,30.0,0,90.0,3.9,0,19.0,32.0,2.2,2.1,245,16,2,9
04.09.2019 17:00:00,5.0,19.0,27.5,0,0.11,0,2.1,3.2,5.3,27.0,0,90.0,4.0,0,30.0,44.0,4.2,3.1,245,17,2,9
04.09.2019 18:00:00,5.0,19.0,27.1,0,0.09,0,1.4,2.1,3.5,15.0,0,88.0,3.4,0,50.0,59.0,2.6,4.1,245,18,2,9
04.09.2019 19:00:00,5.0,12.0,26.8,0,0.16,0,2.5,6.2,8.8,29.0,0,89.0,3.8,0,42.0,215.0,0.5,0.4,245,19,2,9
04.09.2019 20:00:00,3.0,11.0,26.4,0,0.15,0,2.9,5.9,8.8,19.0,0.2,92.0,3.6,0,112.0,7.8,0.5,0.1,245,20,2,9
04.09.2019 21:00:00,2.0,9.0,26.2,0,0.14,0,1.9,4.6,6.5,16.0,0,93.0,3.9,0,221.0,217.0,1.6,1.1,245,21,2,9
04.09.2019 22:00:00,8.0,8.6,26.1,0,0.13,0,1.7,4.0,5.7,13.0,0.2,93.0,4.2,0,211.0,126.0,0.9,1.0,245,22,2,9
04.09.2019 23:00:00,7.0,9.5,26.1,0,0.12,0,1.4,3.1,4.5,12.0,0,93.0,3.6,0,203.0,189.0,1.9,1.6,245,23,2,9
04.09.2019 24:00:00,2.0,15.0,26.7,0,0.09,0,0.9,2.6,3.5,25.0,0,92.0,4.4,0,30.0,25.0,3.6,1.4,245,24,2,9
05.09.2019 01:00:00,5.0,20.0,27.5,0,0.08,0,0.3,0.8,1.1,34.0,0,89.0,4.5,0,23.0,21.0,6.0,4.8,246,1,3,9
05.09.2019 02:00:00,7.0,19.0,27.6,0,0.08,0,0.1,1.1,1.2,34.0,0,87.0,0.2,0,22.0,22.0,7.5,6.7,246,2,3,9
05.09.2019 03:00:00,3.0,19.0,27.6,0,0.08,0,0.5,1.9,2.4,30.0,0,85.0,0.4,0,23.0,22.0,5.8,6.3,246,3,3,9
05.09.2019 04:00:00,2.0,22.0,26.4,0,0.08,0,0.7,0.6,1.3,16.0,0.4,87.0,0.0,0,46.0,53.0,2.7,6.0,246,4,3,9
05.09.2019 05:00:00,2.0,20.0,25.5,0,0.09,0,0.6,0.8,1.4,10.0,0,90.0,0.1,0,220.0,214.0,1.9,1.3,246,5,3,9
05.09.2019 06:00:00,3.0,15.0,25.2,0,0.1,0,0.5,1.4,1.9,7.0,0,92.0,0.8,0,209.0,198.0,2.2,2.8,246,6,3,9
05.09.2019 07:00:00,3.0,12.0,26.5,0,0.16,0,3.4,4.3,7.7,10.0,0,88.0,0.5,0,269.0,335.0,2.1,0.6,246,7,3,9
05.09.2019 08:00:00,5.0,16.0,28.0,0,0.11,0,2.0,2.0,4.0,16.0,1.0,85.0,0.4,0,340.0,352.0,3.6,2.9,246,8,3,9
05.09.2019 09:00:00,4.0,18.0,26.9,0,0.09,0,1.7,1.6,3.3,8.0,2.2,91.0,2.738,0,83.0,222.0,1.1,1.7,246,9,3,9
05.09.2019 10:00:00,3.0,20.0,26.2,0,0.11,0,1.9,3.1,5.0,29.0,16.0,92.0,2.739,0,39.0,48.0,2.9,2.2,246,10,3,9
05.09.2019 11:00:00,4.319,19.0,26.2,0,0.0,0,1.917,5.475,8.659,12.778,0.6,92.0,2.741,0,217.0,218.0,2.4,2.1,246,11,3,9
05.09.2019 12:00:00,5.0,17.117,27.5,0,0.11,0,1.917,5.47,8.658,21.0,0,85.0,2.743,0,330.0,338.0,2.7,1.8,246,12,3,9
05.09.2019 13:00:00,5.0,16.0,27.8,0,0.1,0,1.917,5.464,8.657,15.0,0.2,84.0,2.744,0,323.0,327.0,3.6,2.9,246,13,3,9
05.09.2019 14:00:00,4.0,16.0,27.0,0,0.1,0,1.5,1.6,3.1,9.0,2.4,88.0,1.0,0,318.0,322.0,2.7,2.6,246,14,3,9
05.09.2019 15:00:00,3.0,18.0,27.0,0,0.09,0,1.4,1.4,2.8,9.0,0.2,89.0,0.6,0,321.0,322.0,5.0,3.9,246,15,3,9
05.09.2019 16:00:00,4.0,19.0,27.5,0,0.1,0,1.4,1.5,2.9,15.0,1.4,89.0,0.3,0,335.0,332.0,4.5,3.9,246,16,3,9
05.09.2019 17:00:00,6.0,18.0,27.5,0,0.11,0,2.2,2.2,4.3,29.0,0,88.0,0.5,0,338.0,332.0,2.8,3.5,246,17,3,9
05.09.2019 18:00:00,6.0,17.0,27.5,0,0.13,0,2.3,4.0,6.3,35.0,0,87.0,0.5,0,344.0,315.0,2.0,2.7,246,18,3,9
05.09.2019 19:00:00,5.0,16.0,27.4,0,0.1,0,1.4,3.0,4.4,23.0,0,87.0,0.9,0,313.0,290.0,2.1,2.0,246,19,3,9
05.09.2019 20:00:00,4.0,17.0,27.7,0,0.09,0,1.5,1.5,2.9,12.0,1.6,86.0,0.3,0,289.0,307.0,3.4,1.8,246,20,3,9
05.09.2019 21:00:00,6.0,16.0,27.9,0,0.08,0,1.5,1.5,3.0,15.0,0,86.0,0.5,0,310.0,314.0,2.7,2.0,246,21,3,9
05.09.2019 22:00:00,5.0,21.0,26.2,0,0.08,0,1.1,0.7,1.8,21.0,9.2,89.0,0.1,0,344.0,271.0,2.2,1.9,246,22,3,9
05.09.2019 23:00:00,3.0,20.0,25.9,0,0.09,0,0.3,0.8,1.1,12.0,0.4,87.0,0.1,0,240.0,234.0,1.4,1.4,246,23,3,9
05.09.2019 24:00:00,2.0,21.0,25.1,0,0.09,0,0.6,0.6,1.2,7.0,4.0,89.0,0.1,0,271.0,229.0,1.7,1.8,246,24,3,9
06.09.2019 01:00:00,2.0,19.0,24.6,0,0.09,0,0.9,0.8,1.7,4.0,3.2,90.0,0.0,0,217.0,213.0,5.4,2.5,247,1,4,9
06.09.2019 02:00:00,4.0,18.0,25.0,0,0.09,0,1.4,0.4,1.8,3.0,0.4,91.0,2.8,0,227.0,223.0,4.0,3.8,247,2,4,9
06.09.2019 03:00:00,2.0,16.0,26.1,0,0.09,0,1.2,1.4,2.5,3.0,4.0,89.0,2.8,0,260.0,336.0,3.3,1.3,247,3,4,9
06.09.2019 04:00:00,2.0,21.0,26.6,0,0.08,0,1.5,0.8,2.2,5.0,0,82.0,3.0,0,260.0,247.0,1.9,1.0,247,4,4,9
06.09.2019 05:00:00,2.0,19.0,26.5,0,0.08,0,1.6,0.3,2.0,6.0,0,80.0,3.0,0,231.0,229.0,3.7,2.8,247,5,4,9
06.09.2019 06:00:00,2.0,15.0,26.2,0,0.09,0,1.3,0.8,2.1,7.0,0,83.0,2.8,0,223.0,219.0,3.4,3.1,247,6,4,9
06.09.2019 07:00:00,3.0,11.0,25.7,0,0.13,0,3.0,1.9,4.9,12.0,0,88.0,2.7,0,218.0,215.0,3.2,3.1,247,7,4,9
06.09.2019 08:00:00,6.0,9.0,26.8,0,0.22,0,8.3,4.4,13.0,9.0,0,87.0,2.8,0,214.0,205.0,1.8,2.1,247,8,4,9
06.09.2019 09:00:00,8.0,14.0,29.1,0,0.18,0,5.9,4.1,10.0,16.0,0,77.0,3.9,0,208.0,201.0,1.9,1.9,247,9,4,9
06.09.2019 10:00:00,12.0,21.0,30.4,0,0.14,0,4.4,4.1,8.5,109.0,0,71.0,4.3,0,353.0,341.0,2.7,1.8,247,10,4,9
06.09.2019 11:00:00,14.0,24.0,31.1,0,0.15,0,4.4,5.0,9.4,73.0,0,66.0,2.2,0,341.0,339.0,2.1,1.2,247,11,4,9
06.09.2019 12:00:00,11.0,26.0,31.9,0,0.13,0,3.1,3.2,6.3,37.0,0,62.0,2.5,0,233.0,287.0,1.4,0.8,247,12,4,9
06.09.2019 13:00:00,11.0,28.0,32.4,0,0.12,0,2.7,3.0,5.6,94.0,0,61.0,2.0,0,355.0,344.0,2.7,0.9,247,13,4,9
06.09.2019 14:00:00,14.0,25.0,32.4,0,0.11,0,2.7,2.1,4.8,81.0,0,61.0,1.0,0,353.0,3.0,3.9,3.0,247,14,4,9
06.09.2019 15:00:00,11.0,24.0,32.3,0,0.11,0,2.6,1.9,4.5,81.0,0,61.0,1.1,0,350.0,347.0,4.2,3.5,247,15,4,9
06.09.2019 16:00:00,11.0,26.0,31.8,0,0.12,0,2.9,2.6,5.5,39.0,0,64.0,1.6,0,321.0,293.0,2.1,2.1,247,16,4,9
06.09.2019 17:00:00,10.0,23.0,31.0,0,0.14,0,4.0,4.7,8.7,68.0,0,66.0,1.5,0,52.0,87.0,3.2,1.9,247,17,4,9
06.09.2019 18:00:00,9.0,23.0,29.9,0,0.13,0,2.6,5.6,8.2,21.0,0,70.0,2.7,0,110.0,143.0,1.1,1.7,247,18,4,9
06.09.2019 19:00:00,8.0,21.0,28.7,0,0.17,0,2.3,5.7,8.0,20.0,0,77.0,2.2,0,201.0,212.0,3.5,1.6,247,19,4,9
06.09.2019 20:00:00,8.0,13.0,27.2,0,0.15,0,2.4,3.9,6.3,21.0,0,82.0,1.8,0,213.0,216.0,3.9,3.6,247,20,4,9
06.09.2019 21:00:00,7.0,14.0,26.9,0,0.14,0,2.1,3.5,5.6,21.0,0,84.0,2.6,0,214.0,216.0,4.3,3.7,247,21,4,9
06.09.2019 22:00:00,7.0,20.0,27.3,0,0.14,0,2.1,3.3,5.3,21.0,0,83.0,1.9,0,212.0,214.0,3.4,3.7,247,22,4,9
06.09.2019 23:00:00,10.0,17.0,27.2,0,0.15,0,2.1,3.4,5.5,21.0,0,83.0,1.7,0,204.0,180.0,1.9,3.0,247,23,4,9
06.09.2019 24:00:00,8.0,14.0,26.7,0,0.15,0,2.3,3.1,5.3,23.0,0,86.0,2.3,0,191.0,205.0,2.9,1.9,247,24,4,9
07.09.2019 01:00:00,6.0,16.0,26.3,0,0.14,0,1.5,2.1,3.6,29.0,0,86.0,1.7,0,207.0,224.0,2.9,3.1,248,1,5,9
07.09.2019 02:00:00,6.0,16.0,26.3,0,0.11,0,0.3,1.2,1.5,21.0,0,85.0,2.5,0,211.0,206.0,3.2,2.1,248,2,5,9
07.09.2019 03:00:00,9.0,15.0,26.1,0,0.11,0,0.3,1.3,1.6,23.0,0,85.0,2.4,0,208.0,192.0,1.4,2.4,248,3,5,9
07.09.2019 04:00:00,11.0,13.0,26.3,0,0.19,0,0.8,5.4,6.1,29.0,0,86.0,2.8,0,222.0,229.0,1.7,1.6,248,4,5,9
07.09.2019 05:00:00,15.0,15.0,26.8,0,0.28,0,0.8,8.3,9.1,32.0,0,86.0,3.6,0,218.0,253.0,0.7,1.7,248,5,5,9
07.09.2019 06:00:00,18.0,14.0,26.4,0,0.27,0,1.0,6.9,8.0,33.0,0,87.0,3.5,0,217.0,223.0,2.3,1.4,248,6,5,9
07.09.2019 07:00:00,15.0,17.0,27.2,0,0.3,0,3.2,7.1,10.0,29.0,0,84.0,3.7,0,211.0,198.0,0.9,1.4,248,7,5,9
07.09.2019 08:00:00,14.0,21.0,28.8,0,0.27,0,3.7,7.7,11.0,45.0,0,78.0,4.3,0,74.0,38.0,1.5,0.3,248,8,5,9
07.09.2019 09:00:00,19.0,28.0,29.6,0,0.26,0,4.2,7.4,12.0,79.0,0,78.0,5.0,0,17.0,19.0,2.2,1.8,248,9,5,9
07.09.2019 10:00:00,20.0,43.0,30.4,0,0.23,0,2.1,5.9,8.0,75.0,0,75.0,5.6,0,40.0,46.0,2.0,2.1,248,10,5,9
07.09.2019 11:00:00,19.0,50.0,30.4,0,0.22,0,1.7,5.9,7.6,63.0,0,77.0,5.4,0,43.0,40.0,1.9,2.0,248,11,5,9
07.09.2019 12:00:00,19.0,67.0,31.1,0,0.26,0,1.5,5.2,6.6,102.0,0,74.0,4.2,0,22.0,15.0,2.5,2.3,248,12,5,9
07.09.2019 13:00:00,22.0,65.0,31.7,0,0.2,0,1.2,4.0,5.1,104.0,0,70.0,3.1,0,21.0,12.0,4.2,3.0,248,13,5,9
07.09.2019 14:00:00,20.0,60.0,31.5,0,0.17,0,0.8,2.7,3.5,77.0,0,70.0,2.3,0,360.0,350.0,5.0,4.1,248,14,5,9
07.09.2019 15:00:00,19.0,66.0,30.5,0,0.18,0,1.0,3.5,4.5,69.0,0,75.0,2.8,0,4.5,19.0,4.0,3.4,248,15,5,9
07.09.2019 16:00:00,23.0,69.0,30.4,0,0.18,0,1.0,4.0,5.1,72.0,0,79.0,3.7,0,19.0,20.0,2.3,2.9,248,16,5,9
07.09.2019 17:00:00,22.0,58.0,30.0,0,0.17,0,1.0,3.6,4.6,62.0,0,82.0,2.7,0,44.0,50.0,2.3,2.2,248,17,5,9
07.09.2019 18:00:00,19.0,56.0,29.5,0,0.17,0,0.9,9.2,10.0,42.0,0,84.0,3.0,0,49.0,50.0,2.0,2.1,248,18,5,9
07.09.2019 19:00:00,17.0,42.0,29.1,0,0.23,0,0.7,9.4,10.0,47.0,0,85.0,2.3,0,39.0,193.0,1.2,0.2,248,19,5,9
07.09.2019 20:00:00,16.0,21.0,27.8,0,0.24,0,1.2,6.3,7.5,28.0,0,88.0,2.3,0,209.0,207.0,3.1,2.3,248,20,5,9
07.09.2019 21:00:00,12.0,14.0,26.8,0,0.17,0,1.5,3.5,5.0,22.0,0,85.0,2.6,0,211.0,210.0,3.5,3.0,248,21,5,9
07.09.2019 22:00:00,9.0,14.0,26.2,0,0.13,0,1.3,2.2,3.5,18.0,0,84.0,1.8,0,213.0,218.0,2.9,3.2,248,22,5,9
07.09.2019 23:00:00,10.0,16.0,26.0,0,0.12,0,1.1,2.5,3.7,19.0,0,86.0,2.0,0,211.0,210.0,3.9,3.6,248,23,5,9
07.09.2019 24:00:00,11.0,15.0,25.8,0,0.12,0,1.1,3.9,5.1,21.0,0,88.0,2.4,0,212.0,210.0,3.5,3.4,248,24,5,9
08.09.2019 01:00:00,11.0,16.0,25.8,0,0.12,0,1.0,3.4,4.5,22.0,0,88.0,4.0,0,213.0,211.0,3.4,3.3,249,1,6,9
08.09.2019 02:00:00,10.0,17.0,25.5,0,0.12,0,0.5,2.4,2.9,19.0,0,87.0,3.9,0,215.0,215.0,3.2,3.3,249,2,6,9
08.09.2019 03:00:00,11.0,18.0,25.4,0,0.13,0,0.3,2.5,2.8,20.0,0,87.0,3.6,0,216.0,213.0,4.1,3.3,249,3,6,9
08.09.2019 04:00:00,11.0,20.0,25.2,0,0.12,0,0.3,1.7,2.0,21.0,0,87.0,3.3,0,214.0,216.0,2.7,3.4,249,4,6,9
08.09.2019 05:00:00,9.0,21.0,25.4,0,0.14,0,0.4,1.7,2.1,23.0,0,86.0,3.6,0,209.0,211.0,3.3,3.1,249,5,6,9
08.09.2019 06:00:00,11.0,18.0,25.4,0,0.19,0,0.3,3.0,3.3,22.0,0,87.0,3.8,0,211.0,209.0,3.0,3.2,249,6,6,9
08.09.2019 07:00:00,13.0,18.0,25.8,0,0.27,0,1.1,5.3,6.5,22.0,14.0,88.0,3.7,0,216.0,233.0,3.8,3.3,249,7,6,9
08.09.2019 08:00:00,8.0,42.0,25.2,0,0.21,0,0.4,4.0,4.4,10.0,8.6,89.0,3.0,0,222.0,235.0,1.8,1.6,249,8,6,9
08.09.2019 09:00:00,7.0,40.0,26.4,0,0.26,0,1.2,5.6,6.7,13.0,0,86.0,3.4,0,164.0,58.0,0.9,0.4,249,9,6,9
08.09.2019 10:00:00,9.0,50.0,28.5,0,0.22,0,1.3,3.6,4.9,48.0,0,76.0,3.4,0,39.0,21.0,1.8,1.5,249,10,6,9
08.09.2019 11:00:00,11.0,55.0,28.7,0,0.23,0,0.6,2.8,3.5,35.0,0,74.0,4.1,0,32.0,19.0,2.9,1.6,249,11,6,9
08.09.2019 12:00:00,15.0,55.0,29.3,0,0.25,0,1.2,6.6,7.8,55.0,0.2,78.0,4.6,0,21.0,21.0,4.5,2.3,249,12,6,9
08.09.2019 13:00:00,12.0,57.0,29.7,0,0.2,0,1.1,2.9,4.0,65.0,0,78.0,4.4,0,24.0,20.0,3.4,3.2,249,13,6,9
08.09.2019 14:00:00,13.0,51.0,29.8,0,0.19,0,0.7,2.7,3.4,41.0,0,76.0,4.8,0,0.2,357.0,3.2,3.1,249,14,6,9
08.09.2019 15:00:00,13.0,49.0,29.7,0,0.18,0,1.1,2.7,3.8,54.0,0,75.0,4.9,0,19.0,23.0,3.5,3.3,249,15,6,9
08.09.2019 16:00:00,13.0,49.0,29.7,0,0.2,0,0.4,1.8,2.2,34.0,0,75.0,4.6,0,48.0,48.0,2.2,3.2,249,16,6,9
08.09.2019 17:00:00,14.0,39.0,28.7,0,0.2,0,0.7,4.2,4.9,19.0,0.4,83.0,4.4,0,217.0,221.0,2.6,1.4,249,17,6,9
08.09.2019 18:00:00,13.0,33.0,28.3,0,0.24,0,1.0,5.1,6.1,19.0,0,85.0,4.8,0,216.0,189.0,1.1,1.5,249,18,6,9
08.09.2019 19:00:00,12.0,22.0,27.6,0,0.29,0,0.9,7.0,7.8,23.0,0,88.0,4.6,0,198.0,209.0,3.2,1.8,249,19,6,9
08.09.2019 20:00:00,11.0,17.0,26.5,0,0.28,0,1.0,6.4,7.5,27.0,0,91.0,3.9,0,202.0,193.0,2.3,2.4,249,20,6,9
08.09.2019 21:00:00,13.0,17.0,26.0,0,0.27,0,0.8,5.7,6.5,30.0,0,91.0,3.6,0,204.0,206.0,3.4,2.5,249,21,6,9
08.09.2019 22:00:00,15.0,20.0,25.2,0,0.22,0,0.6,4.5,5.0,28.0,0,92.0,3.3,0,210.0,213.0,3.5,3.5,249,22,6,9
08.09.2019 23:00:00,13.0,23.0,24.5,0,0.2,0,0.6,3.0,3.6,31.0,0,91.0,3.2,0,213.0,213.0,3.3,3.4,249,23,6,9
08.09.2019 24:00:00,10.0,22.0,24.1,0,0.19,0,0.6,2.3,2.8,19.0,0,90.0,3.3,0,209.0,205.0,4.3,3.8,249,24,6,9
09.09.2019 01:00:00,11.0,24.0,24.0,0,0.18,0,0.6,1.8,2.3,24.0,0,89.0,2.2,0,209.0,212.0,4.1,4.3,250,1,0,9
09.09.2019 02:00:00,11.0,24.0,23.8,0,0.17,0,0.7,1.0,1.7,24.0,0,89.0,2.7,0,210.0,215.0,3.2,3.8,250,2,0,9
09.09.2019 03:00:00,9.0,25.0,23.6,0,0.18,0,0.8,0.4,1.1,22.0,0,89.0,3.0,0,216.0,218.0,4.9,4.2,250,3,0,9
09.09.2019 04:00:00,10.0,29.0,23.9,0,0.19,0,0.8,0.1,0.8,25.0,0,86.0,2.3,0,217.0,207.0,2.9,2.9,250,4,0,9
09.09.2019 05:00:00,10.0,26.0,23.7,0,0.2,0,0.7,0.5,1.2,24.0,0,88.0,2.2,0,208.0,209.0,3.6,3.4,250,5,0,9
09.09.2019 06:00:00,8.0,21.0,23.3,0,0.25,0,0.7,1.2,1.9,25.0,0,89.0,2.5,0,205.0,208.0,4.3,3.7,250,6,0,9
09.09.2019 07:00:00,11.0,16.0,24.1,0,0.38,0,3.8,6.0,9.8,25.0,0,88.0,2.6,0,204.0,199.0,2.6,3.0,250,7,0,9
09.09.2019 08:00:00,15.0,12.0,26.2,0,0.53,0,11.0,10.0,21.0,25.0,0,84.0,3.3,0,198.0,186.0,1.2,2.0,250,8,0,9
09.09.2019 09:00:00,16.0,30.0,28.9,0,0.4,0,4.6,8.0,13.0,24.0,0,73.0,3.9,0,202.0,21.0,2.3,0.2,250,9,0,9
09.09.2019 10:00:00,15.0,47.0,29.8,0,0.3,0,2.0,4.7,6.7,47.0,0,70.0,5.2,0,29.0,47.0,2.3,2.3,250,10,0,9
09.09.2019 11:00:00,15.0,54.0,30.3,0,0.28,0,2.1,5.9,8.0,51.0,0,68.0,6.6,0,42.0,42.0,3.2,2.7,250,11,0,9
09.09.2019 12:00:00,12.569,66.0,30.4,0,0.0,0,1.4,4.6,6.0,37.569,0,70.0,2.714,0,46.0,46.0,2.4,3.2,250,12,0,9
09.09.2019 13:00:00,16.0,54.0,30.9,0,0.0,0,1.2,2.4,3.6,42.0,0,70.0,2.713,0,39.0,48.0,2.2,2.1,250,13,0,9
09.09.2019 14:00:00,15.0,67.0,31.1,0,0.19,0,1.1,2.4,3.5,42.0,0,66.0,2.722,0,36.0,48.0,3.0,2.2,250,14,0,9
09.09.2019 15:00:00,9.0,57.0,30.7,0,0.15,0,1.2,2.7,3.9,22.0,0,69.0,2.745,0,59.0,53.0,2.8,2.7,250,15,0,9
09.09.2019 16:00:00,7.0,49.0,30.2,0,0.13,0,1.1,3.3,4.4,16.0,0,75.0,2.744,0,70.0,64.0,2.6,2.8,250,16,0,9
09.09.2019 17:00:00,7.0,44.0,29.9,0,0.13,0,1.1,3.7,4.8,20.0,0,76.0,2.743,0,64.0,85.0,1.9,2.2,250,17,0,9
09.09.2019 18:00:00,10.0,35.0,29.9,0,0.19,0,1.3,6.6,8.0,18.0,0,75.0,2.742,0,201.0,213.0,1.2,0.7,250,18,0,9
09.09.2019 19:00:00,11.0,26.0,28.2,0,0.22,0,1.1,4.5,5.5,21.0,0,81.0,2.741,0,216.0,214.0,3.0,2.4,250,19,0,9
09.09.2019 20:00:00,12.0,27.0,26.9,0,0.22,0,1.3,5.0,6.3,24.0,0,81.0,2.74,0,209.0,211.0,3.4,3.2,250,20,0,9
09.09.2019 21:00:00,15.0,24.0,26.0,0,0.2,0,1.1,4.4,5.5,21.0,0,83.0,2.739,0,209.0,209.0,4.5,3.6,250,21,0,9
09.09.2019 22:00:00,15.0,23.0,25.6,0,0.18,0,0.9,2.9,3.8,28.0,0,83.0,2.738,0,208.0,209.0,4.1,3.8,250,22,0,9
09.09.2019 23:00:00,11.0,24.0,25.6,0,0.17,0,0.9,2.1,3.0,21.0,0,82.0,2.737,0,205.0,204.0,4.1,3.9,250,23,0,9
09.09.2019 24:00:00,11.0,23.0,25.3,0,0.17,0,0.7,1.8,2.5,22.0,0,84.0,2.736,0,205.0,207.0,4.0,3.9,250,24,0,9
10.09.2019 01:00:00,10.0,24.0,25.3,0,0.17,0,0.8,1.5,2.3,27.0,0,83.0,2.735,0,204.0,208.0,3.6,3.1,251,1,1,9
10.09.2019 02:00:00,7.0,25.0,25.2,0,0.13,0,0.3,1.3,1.6,22.0,0,82.0,2.735,0,204.0,210.0,2.8,3.1,251,2,1,9
10.09.2019 03:00:00,7.0,26.0,25.0,0,0.13,0,0.3,1.2,1.5,20.0,0,81.0,1.2,0,206.0,206.0,4.1,3.8,251,3,1,9
10.09.2019 04:00:00,8.0,26.0,24.5,0,0.12,0,0.5,1.1,1.6,20.0,0,82.0,1.3,0,208.0,212.0,4.3,4.2,251,4,1,9
10.09.2019 05:00:00,8.0,29.0,25.1,0,0.14,0,0.6,1.3,1.9,16.0,0,79.0,1.4,0,210.0,189.0,2.6,3.0,251,5,1,9
10.09.2019 06:00:00,11.0,25.0,25.4,0,0.2,0,0.8,3.6,4.4,19.0,0,81.0,1.6,0,202.0,211.0,2.6,2.9,251,6,1,9
10.09.2019 07:00:00,15.0,22.0,26.1,0,0.36,0,1.7,7.7,9.4,29.0,0,83.0,2.5,0,214.0,209.0,3.4,3.6,251,7,1,9
10.09.2019 08:00:00,16.0,24.0,28.1,0,0.47,0,4.2,9.9,14.0,36.0,0,78.0,3.1,0,212.0,347.0,1.4,2.2,251,8,1,9
10.09.2019 09:00:00,19.0,38.0,29.2,0,0.33,0,3.0,8.2,11.0,56.0,0,75.0,2.735,0,27.0,18.0,2.4,2.1,251,9,1,9
10.09.2019 10:00:00,20.0,41.0,30.2,0,0.31,0,6.6,16.0,23.0,39.0,0,70.0,4.3,0,45.0,55.0,2.4,2.3,251,10,1,9
10.09.2019 11:00:00,17.0,41.0,30.8,0,0.11,0,1.4,3.4,4.8,14.0,0,70.0,2.3,0,55.0,61.0,3.8,3.3,251,11,1,9
10.09.2019 12:00:00,10.0,40.0,30.8,0,0.1,0,1.5,2.6,4.2,14.0,0,74.0,2.5,0,75.0,73.0,5.4,4.7,251,12,1,9
10.09.2019 13:00:00,7.0,42.0,30.9,0,0.1,0,0.9,1.4,2.3,16.0,0,75.0,2.5,0,72.0,74.0,4.9,4.8,251,13,1,9
10.09.2019 14:00:00,8.0,44.0,31.0,0,0.11,0,1.1,1.6,2.7,19.0,0,75.0,2.3,0,66.0,59.0,5.6,5.0,251,14,1,9
10.09.2019 15:00:00,9.0,45.0,30.6,0,0.11,0,1.4,2.6,4.0,17.0,0,77.0,2.4,0,73.0,57.0,4.8,4.9,251,15,1,9
10.09.2019 16:00:00,6.0,34.0,31.0,0,0.1,0,1.6,2.4,4.0,8.0,0,72.0,2.3,0,82.0,92.0,3.5,3.5,251,16,1,9
10.09.2019 17:00:00,3.0,28.0,31.4,0,0.12,0,1.9,3.4,5.3,6.0,0,66.0,3.2,0,108.0,102.0,2.2,2.5,251,17,1,9
10.09.2019 18:00:00,4.0,26.0,30.5,0,0.12,0,1.5,6.6,8.0,4.0,0,69.0,5.6,0,104.0,87.0,2.8,2.9,251,18,1,9
10.09.2019 19:00:00,7.0,23.0,29.7,0,0.13,0,1.7,7.8,9.4,7.0,0,73.0,4.4,0,97.0,131.0,2.8,1.0,251,19,1,9
10.09.2019 20:00:00,5.0,25.0,29.4,0,0.12,0,0.9,5.1,6.0,7.0,0,74.0,2.9,0,145.0,178.0,1.2,2.5,251,20,1,9
10.09.2019 21:00:00,7.0,23.0,29.2,0,0.11,0,1.0,3.9,5.0,9.0,0,76.0,3.0,0,142.0,132.0,2.7,2.7,251,21,1,9
10.09.2019 22:00:00,11.0,19.0,29.1,0,0.11,0,1.4,5.9,7.2,8.0,0,79.0,5.0,0,118.0,107.0,3.3,1.9,251,22,1,9
10.09.2019 23:00:00,6.0,22.0,28.7,0,0.1,0,1.1,3.7,4.9,6.0,0,82.0,3.3,0,126.0,130.0,2.9,2.9,251,23,1,9
10.09.2019 24:00:00,5.0,22.0,28.0,0,0.1,0,1.2,2.5,3.7,11.0,0,86.0,2.4,0,111.0,150.0,1.9,2.4,251,24,1,9
11.09.2019 01:00:00,5.0,19.0,27.9,0,0.1,0,0.7,2.8,3.5,6.0,0.4,86.0,3.4,0,122.0,152.0,1.1,1.9,252,1,2,9
11.09.2019 02:00:00,4.0,13.0,27.2,0,0.12,0,-0.3,3.2,2.9,3.0,0,90.0,1.6,0,193.0,183.0,1.9,1.6,252,2,2,9
11.09.2019 03:00:00,4.0,12.0,26.9,0,0.12,0,0.2,2.8,3.0,6.0,0,89.0,1.5,0,194.0,187.0,2.2,2.1,252,3,2,9
11.09.2019 04:00:00,4.0,14.0,27.0,0,0.12,0,0.0,2.2,2.2,8.0,0,88.0,1.5,0,191.0,199.0,1.6,2.2,252,4,2,9
11.09.2019 05:00:00,4.0,10.0,26.6,0,0.13,0,0.1,2.4,2.5,8.0,0,89.0,1.5,0,197.0,203.0,2.0,1.7,252,5,2,9
11.09.2019 06:00:00,5.0,9.0,26.2,0,0.14,0,0.4,2.4,2.7,8.0,0,90.0,1.8,0,201.0,177.0,2.4,2.6,252,6,2,9
11.09.2019 07:00:00,5.0,7.4,26.6,0,0.21,0,3.7,3.3,7.0,8.0,0,89.0,1.8,0,190.0,205.0,2.5,2.0,252,7,2,9
11.09.2019 08:00:00,6.0,10.0,28.7,0,0.21,0,6.7,4.6,11.0,7.0,0,80.0,2.6,0,144.0,81.0,1.5,1.0,252,8,2,9
11.09.2019 09:00:00,10.0,16.0,30.3,0,0.13,0,3.6,3.9,7.4,10.0,0,71.0,3.1,0,65.0,44.0,2.6,2.5,252,9,2,9
11.09.2019 10:00:00,10.0,18.0,30.7,0,0.11,0,2.4,3.2,5.6,11.0,0,73.0,1.5,0,57.0,76.0,3.7,2.9,252,10,2,9
11.09.2019 11:00:00,6.0,20.0,30.7,0,0.09,0,1.4,2.1,3.5,14.0,0,76.0,1.2,0,73.0,72.0,5.1,4.1,252,11,2,9
11.09.2019 12:00:00,6.0,18.0,30.5,0,0.09,0,1.7,2.1,3.8,15.0,0,77.0,1.2,0,71.0,74.0,6.3,4.9,252,12,2,9
11.09.2019 13:00:00,6.0,25.0,30.4,0,0.0,0,1.0,1.7,2.7,12.0,0,79.0,1.3,0,73.0,80.0,4.9,5.0,252,13,2,9
11.09.2019 14:00:00,4.0,21.0,30.5,0,0.0,0,1.3,1.9,3.2,11.0,0,78.0,1.4,0,67.0,70.0,4.7,4.7,252,14,2,9
11.09.2019 15:00:00,6.0,11.0,30.5,0,0.0,0,1.1,1.3,2.4,11.0,0,78.0,1.0,0,68.0,64.0,4.5,4.5,252,15,2,9
11.09.2019 16:00:00,5.0,16.0,30.4,0,0.0,0,2.4,2.4,4.8,12.0,0,79.0,1.7,0,67.0,67.0,3.8,3.8,252,16,2,9
11.09.2019 17:00:00,2.0,15.0,30.1,0,0.0,0,2.0,2.3,4.2,11.0,0,81.0,1.5,0,72.0,85.0,3.6,2.9,252,17,2,9
11.09.2019 18:00:00,3.0,12.0,29.5,0,0.0,0,2.5,5.4,7.9,9.0,0,83.0,1.7,0,68.0,59.0,2.9,2.6,252,18,2,9
11.09.2019 19:00:00,4.0,12.0,29.4,0,0.0,0,1.2,4.2,5.4,14.0,0,83.0,1.7,0,65.0,69.0,2.3,1.9,252,19,2,9
11.09.2019 20:00:00,7.0,14.0,29.2,0,0.0,0,0.9,5.5,6.3,10.0,0,86.0,1.5,0,67.0,87.0,0.9,1.3,252,20,2,9
11.09.2019 21:00:00,7.0,12.0,29.2,0,0.0,0,1.1,5.1,6.2,9.0,0,86.0,1.8,0,68.0,75.0,2.1,1.7,252,21,2,9
11.09.2019 22:00:00,6.0,13.0,29.0,0,0.0,0,0.4,3.8,4.2,7.0,0,87.0,1.4,0,52.0,66.0,2.2,1.3,252,22,2,9
11.09.2019 23:00:00,5.0,12.0,29.1,0,0.0,0,0.8,4.6,5.4,10.0,0,87.0,2.0,0,60.0,56.0,3.7,2.8,252,23,2,9
11.09.2019 24:00:00,7.0,12.0,28.9,0,0.0,0,0.6,5.1,5.7,11.0,0,87.0,2.6,0,58.0,95.0,2.4,3.8,252,24,2,9
12.09.2019 01:00:00,7.0,13.0,28.4,0,0.0,0,0.3,2.4,2.7,10.0,0,86.0,1.6,0,65.0,60.0,2.7,0.8,253,1,3,9
12.09.2019 02:00:00,5.0,14.0,28.7,0,0.08,0,0.9,0.3,1.2,12.0,0,88.0,1.8,0,52.0,56.0,3.4,3.8,253,2,3,9
12.09.2019 03:00:00,5.0,11.0,28.7,0,0.0,0,1.3,1.5,2.8,11.0,0,88.0,2.4,0,55.0,49.0,3.9,3.1,253,3,3,9
12.09.2019 04:00:00,6.0,7.3,28.7,0,0.0,0,1.6,4.0,5.6,14.0,0,89.0,2.4,0,50.0,51.0,2.0,2.4,253,4,3,9
12.09.2019 05:00:00,4.0,7.4,28.5,0,0.0,0,1.4,2.8,4.1,18.0,0,89.0,2.3,0,54.0,65.0,1.7,1.9,253,5,3,9
12.09.2019 06:00:00,3.0,7.1,28.5,0,0.0,0,1.9,3.6,5.5,11.0,0,89.0,2.2,0,60.0,60.0,1.3,1.0,253,6,3,9
12.09.2019 07:00:00,4.0,9.0,28.7,0,0.0,0,3.1,2.9,6.0,12.0,0,87.0,2.1,0,58.0,61.0,2.2,2.7,253,7,3,9
12.09.2019 08:00:00,6.0,9.6,29.3,0,0.0,0,5.4,2.5,7.9,12.0,0,84.0,2.8,0,61.0,54.0,3.7,2.9,253,8,3,9
12.09.2019 09:00:00,7.0,12.0,29.3,0,0.0,0,2.2,0.4,2.6,10.0,0,87.0,2.5,0,49.0,48.0,6.0,5.2,253,9,3,9
12.09.2019 10:00:00,7.0,16.0,29.4,0,0.0,0,2.3,0.8,3.1,16.0,0,86.0,2.7,0,48.0,48.0,6.2,6.0,253,10,3,9
12.09.2019 11:00:00,5.0,20.0,30.0,0,0.0,0,1.1,-0.3,0.9,14.0,0,83.0,2.5,0,48.0,49.0,7.0,6.2,253,11,3,9
12.09.2019 12:00:00,8.0,20.0,30.1,0,0.0,0,1.4,-0.2,1.2,17.0,0,83.0,2.71,0,48.0,48.0,6.6,6.0,253,12,3,9
12.09.2019 13:00:00,9.0,17.0,29.6,0,0.06,0,1.7,0.9,2.6,17.0,0.2,82.0,1.7,0,54.0,53.0,3.7,5.0,253,13,3,9
12.09.2019 14:00:00,6.0,16.0,29.9,0,0.07,0,2.6,1.3,3.9,21.0,0,77.0,1.5,0,62.0,65.0,4.0,3.6,253,14,3,9
12.09.2019 15:00:00,5.0,16.0,29.7,0,0.09,0,3.0,1.0,4.0,17.0,0,79.0,1.1,0,54.0,34.0,1.9,2.2,253,15,3,9
12.09.2019 16:00:00,7.0,16.0,29.9,0,0.07,0,2.4,1.0,3.4,15.0,0,78.0,1.4,0,50.0,50.0,3.1,3.2,253,16,3,9
12.09.2019 17:00:00,9.0,16.0,29.4,0,0.09,0,2.2,2.4,4.6,13.0,0,79.0,1.4,0,66.0,74.0,2.5,2.7,253,17,3,9
12.09.2019 18:00:00,7.0,16.0,29.1,0,0.09,0,2.7,4.7,7.4,9.0,0,84.0,1.5,0,57.0,50.0,3.9,2.8,253,18,3,9
12.09.2019 19:00:00,6.0,12.0,28.8,0,0.12,0,3.1,5.2,8.2,11.0,0,88.0,1.9,0,53.0,76.0,2.1,2.8,253,19,3,9
12.09.2019 20:00:00,7.0,13.0,28.8,0,0.08,0,1.8,3.5,5.3,13.0,0,87.0,1.9,0,74.0,61.0,2.7,2.1,253,20,3,9
12.09.2019 21:00:00,6.0,13.0,28.7,0,0.08,0,1.3,1.6,2.9,11.0,0,86.0,1.3,0,91.0,154.0,1.8,1.2,253,21,3,9
12.09.2019 22:00:00,6.0,12.0,28.9,0,0.08,0,1.4,2.8,4.1,13.0,0,86.0,1.6,0,86.0,66.0,2.7,1.9,253,22,3,9
12.09.2019 23:00:00,8.0,12.0,28.7,0,0.08,0,1.6,5.1,6.8,17.0,0,88.0,1.8,0,64.0,66.0,2.6,2.5,253,23,3,9
12.09.2019 24:00:00,7.0,13.0,28.5,0,0.08,0,1.3,3.8,5.1,11.0,0,88.0,2.2,0,64.0,56.0,2.0,1.7,253,24,3,9
13.09.2019 01:00:00,6.0,15.0,28.5,0,0.08,0,1.2,2.6,3.9,18.0,0,88.0,1.4,0,51.0,46.0,2.3,2.0,254,1,4,9
13.09.2019 02:00:00,5.0,13.0,28.5,0,0.07,0,0.4,4.0,4.3,19.0,0,88.0,2.0,0,48.0,46.0,2.6,2.1,254,2,4,9
13.09.2019 03:00:00,7.0,16.0,28.4,0,0.0,0,0.1,2.5,2.6,12.0,0,88.0,1.8,0,51.0,50.0,2.1,2.2,254,3,4,9
13.09.2019 04:00:00,6.0,14.0,28.3,0,0.08,0,0.5,3.0,3.5,22.0,0,89.0,2.0,0,45.0,40.0,2.2,1.8,254,4,4,9
13.09.2019 05:00:00,7.0,11.0,28.3,0,0.09,0,1.4,6.2,7.7,20.0,0,89.0,3.6,0,37.0,19.0,0.8,1.5,254,5,4,9
13.09.2019 06:00:00,7.0,9.9,28.0,0,0.11,0,1.0,5.7,6.7,16.0,0,89.0,2.2,0,327.0,208.0,0.6,0.1,254,6,4,9
13.09.2019 07:00:00,8.0,9.6,28.3,0,0.15,0,3.0,5.3,8.3,23.0,0,89.0,2.1,0,11.0,19.0,1.2,0.7,254,7,4,9
13.09.2019 08:00:00,10.0,15.0,28.9,0,0.09,0,2.4,2.9,5.3,20.0,0,86.0,2.3,0,40.0,48.0,3.2,1.8,254,8,4,9
13.09.2019 09:00:00,7.0,17.0,29.4,0,0.08,0,1.2,1.3,2.5,17.0,0,82.0,2.3,0,48.0,54.0,2.6,2.6,254,9,4,9
13.09.2019 10:00:00,7.0,21.0,29.8,0,0.08,0,1.2,1.9,3.0,22.0,0,82.0,2.8,0,46.0,46.0,4.0,3.6,254,10,4,9
13.09.2019 11:00:00,8.0,23.0,30.1,0,0.08,0,0.7,1.3,2.0,16.0,0,80.0,2.3,0,45.0,34.0,2.5,3.0,254,11,4,9
13.09.2019 12:00:00,9.0,26.0,30.6,0,0.1,0,1.0,1.5,2.5,21.0,0,78.0,2.1,0,42.0,47.0,3.1,2.7,254,12,4,9
13.09.2019 13:00:00,10.0,29.0,30.6,0,0.11,0,0.9,2.0,2.9,25.0,0,78.0,1.9,0,42.0,33.0,2.9,2.8,254,13,4,9
13.09.2019 14:00:00,9.0,28.0,30.7,0,0.14,0,1.3,1.8,3.1,24.0,0,76.0,1.8,0,44.0,48.0,2.8,2.8,254,14,4,9
13.09.2019 15:00:00,12.0,33.0,30.1,0,0.2,0,1.3,3.6,4.9,45.0,0,79.0,2.2,0,38.0,43.0,3.8,2.8,254,15,4,9
13.09.2019 16:00:00,15.0,35.0,30.2,0,0.22,0,1.3,3.1,4.5,47.0,0,78.0,1.8,0,37.0,32.0,2.6,2.6,254,16,4,9
13.09.2019 17:00:00,15.0,37.0,29.3,0,0.22,0,0.8,4.2,5.0,54.0,0,81.0,2.1,0,25.0,22.0,3.3,3.1,254,17,4,9
13.09.2019 18:00:00,13.0,38.0,28.9,0,0.2,0,0.5,3.8,4.3,44.0,0,79.0,1.4,0,21.0,19.0,2.5,2.8,254,18,4,9
13.09.2019 19:00:00,14.0,26.0,28.6,0,0.33,0,1.4,11.0,12.0,54.0,0,79.0,1.6,0,68.0,202.0,1.7,0.2,254,19,4,9
13.09.2019 20:00:00,17.0,18.0,27.1,0,0.33,0,0.7,5.8,6.5,28.0,0,86.0,1.7,0,203.0,199.0,2.2,2.1,254,20,4,9
13.09.2019 21:00:00,17.0,14.0,26.7,0,0.33,0,1.1,5.3,6.4,26.0,0,88.0,1.6,0,200.0,203.0,2.6,2.2,254,21,4,9
13.09.2019 22:00:00,15.0,16.0,26.3,0,0.28,0,0.9,4.6,5.5,29.0,0,89.0,1.9,0,202.0,208.0,3.2,2.8,254,22,4,9
13.09.2019 23:00:00,15.0,17.0,26.1,0,0.24,0,0.4,3.7,4.1,29.0,0,90.0,2.0,0,205.0,207.0,2.9,2.9,254,23,4,9
13.09.2019 24:00:00,17.0,20.0,26.0,0,0.23,0,0.2,2.6,2.8,25.0,0,90.0,1.4,0,209.0,208.0,3.3,3.0,254,24,4,9
14.09.2019 01:00:00,15.0,23.0,25.8,0,0.21,0,-0.2,2.2,1.9,31.0,0,91.0,1.3,0,210.0,216.0,3.1,3.2,255,1,5,9
14.09.2019 02:00:00,15.0,25.0,25.9,0,0.2,0,0.6,2.0,2.6,25.0,0,90.0,2.5,0,207.0,202.0,2.8,2.7,255,2,5,9
14.09.2019 03:00:00,18.0,24.0,26.0,0,0.2,0,0.5,1.6,2.1,27.0,0,89.0,2.3,0,197.0,196.0,1.9,2.0,255,3,5,9
14.09.2019 04:00:00,18.0,27.0,25.9,0,0.19,0,0.7,1.1,1.8,30.0,0,90.0,2.5,0,202.0,206.0,2.0,1.9,255,4,5,9
14.09.2019 05:00:00,18.0,26.0,25.7,0,0.19,0,0.6,1.3,1.9,26.0,0,90.0,2.6,0,208.0,217.0,1.8,1.7,255,5,5,9
14.09.2019 06:00:00,19.0,27.0,25.5,0,0.18,0,0.7,1.3,2.1,19.0,0,90.0,2.3,0,213.0,214.0,2.6,2.3,255,6,5,9
14.09.2019 07:00:00,19.0,24.0,25.7,0,0.19,0,0.9,2.1,3.0,24.0,0,89.0,2.3,0,211.0,208.0,2.9,2.9,255,7,5,9
14.09.2019 08:00:00,19.0,32.0,27.4,0,0.21,0,1.5,3.7,5.3,21.0,0,83.0,3.0,0,191.0,38.0,1.2,1.3,255,8,5,9
14.09.2019 09:00:00,18.0,56.0,29.2,0,0.18,0,1.0,1.8,2.8,46.0,0,76.0,2.9,0,31.0,27.0,1.6,1.4,255,9,5,9
14.09.2019 10:00:00,17.0,51.0,29.3,0,0.17,0,1.0,3.2,4.2,44.0,0,75.0,3.0,0,27.0,21.0,4.2,2.1,255,10,5,9
14.09.2019 11:00:00,14.0,48.0,30.1,0,0.16,0,1.6,3.1,4.7,43.0,0,71.0,2.5,0,12.0,8.4,2.8,2.8,255,11,5,9
14.09.2019 12:00:00,16.0,47.0,30.0,0,0.16,0,1.3,2.4,3.7,44.0,0,72.0,2.5,0,18.0,23.0,4.3,3.3,255,12,5,9
14.09.2019 13:00:00,15.0,44.0,30.1,0,0.16,0,1.2,2.5,3.7,51.0,0,74.0,2.4,0,20.0,20.0,2.5,2.6,255,13,5,9
14.09.2019 14:00:00,11.0,32.0,30.6,0,0.14,0,2.1,2.7,4.8,62.0,0,74.0,2.4,0,22.0,19.0,3.1,2.9,255,14,5,9
14.09.2019 15:00:00,13.0,27.0,30.5,0,0.14,0,2.1,2.6,4.7,54.0,0,74.0,2.7,0,23.0,30.0,2.1,2.3,255,15,5,9
14.09.2019 16:00:00,12.0,26.0,30.0,0,0.18,0,2.8,3.6,6.3,72.0,0,78.0,2.5,0,22.0,18.0,3.1,2.6,255,16,5,9
14.09.2019 17:00:00,12.0,26.0,29.6,0,0.19,0,2.6,5.0,7.6,100.0,0,81.0,2.5,0,36.0,30.0,2.7,2.6,255,17,5,9
14.09.2019 18:00:00,11.0,24.0,29.1,0,0.16,0,2.4,5.3,7.6,83.0,0,83.0,2.5,0,28.0,20.0,4.4,3.3,255,18,5,9
14.09.2019 19:00:00,12.0,25.0,28.8,0,0.16,0,2.2,6.1,8.3,73.0,0,83.0,2.7,0,24.0,25.0,4.0,3.8,255,19,5,9
14.09.2019 20:00:00,12.0,27.0,28.8,0,0.16,0,1.6,6.8,8.4,66.0,0,84.0,3.0,0,37.0,40.0,3.9,2.9,255,20,5,9
14.09.2019 21:00:00,13.0,31.0,28.7,0,0.15,0,1.7,6.3,8.0,63.0,1.2,85.0,2.9,0,35.0,31.0,3.6,3.4,255,21,5,9
14.09.2019 22:00:00,15.0,34.0,28.4,0,0.14,0,1.1,5.1,6.2,60.0,0,85.0,2.8,0,27.0,24.0,5.1,3.7,255,22,5,9
14.09.2019 23:00:00,13.0,40.0,28.3,0,0.13,0,1.0,1.1,2.2,56.0,0,84.0,2.2,0,27.0,33.0,3.5,3.9,255,23,5,9
14.09.2019 24:00:00,11.0,38.0,28.2,0,0.13,0,0.8,3.4,4.1,59.0,0,83.0,2.8,0,33.0,42.0,3.8,3.3,255,24,5,9
15.09.2019 01:00:00,11.0,44.0,28.1,0,0.12,0,0.7,2.0,2.7,59.0,0,82.0,2.7,0,36.0,38.0,3.6,3.8,256,1,6,9
15.09.2019 02:00:00,11.0,43.0,27.8,0,0.12,0,0.2,2.0,2.2,84.0,0,83.0,2.8,0,23.0,12.0,2.4,2.9,256,2,6,9
15.09.2019 03:00:00,15.0,39.0,27.6,0,0.13,0,0.1,2.9,3.0,133.0,0,84.0,2.7,0,25.0,64.0,1.7,1.9,256,3,6,9
15.09.2019 04:00:00,11.0,24.0,26.7,0,0.13,0,-0.1,2.6,2.5,34.0,0,88.0,2.6,0,182.0,205.0,1.2,0.7,256,4,6,9
15.09.2019 05:00:00,6.0,22.0,26.3,0,0.13,0,0.3,2.3,2.7,25.0,0.2,89.0,2.8,0,209.0,215.0,1.7,2.2,256,5,6,9
15.09.2019 06:00:00,9.0,22.0,26.3,0,0.0,0,0.3,2.3,2.6,28.0,0.6,89.0,2.7,0,211.0,213.0,3.1,1.6,256,6,6,9
15.09.2019 07:00:00,10.0,24.0,26.0,0,0.15,0,0.3,2.7,3.0,22.0,3.2,91.0,3.1,0,115.0,50.0,6.3,0.5,256,7,6,9
15.09.2019 08:00:00,8.0,37.0,25.2,0,0.14,0,0.3,3.3,3.6,23.0,6.8,89.0,3.7,0,227.0,235.0,3.0,1.4,256,8,6,9
15.09.2019 09:00:00,10.0,37.0,25.9,0,0.15,0,0.4,2.9,3.4,15.0,5.2,92.0,3.5,0,193.0,213.0,1.3,0.8,256,9,6,9
15.09.2019 10:00:00,11.0,30.0,26.4,0,0.2,0,1.7,6.1,7.8,8.0,0.4,91.0,3.5,0,218.0,227.0,2.3,1.9,256,10,6,9
15.09.2019 11:00:00,12.0,37.0,28.0,0,0.17,0,1.2,4.0,5.1,29.0,0,84.0,3.5,0,234.0,30.0,1.5,0.3,256,11,6,9
15.09.2019 12:00:00,16.0,39.0,28.2,0,0.15,0,1.0,4.4,5.4,50.0,0.2,85.0,3.5,0,16.0,20.0,7.5,5.2,256,12,6,9
15.09.2019 13:00:00,15.0,44.0,28.8,0,0.13,0,0.5,1.7,2.2,57.0,0,81.0,3.6,0,21.0,21.0,9.6,9.3,256,13,6,9
15.09.2019 14:00:00,12.0,43.0,28.8,0,0.13,0,0.4,1.3,1.8,58.0,0,79.0,3.3,0,21.0,21.0,8.8,9.2,256,14,6,9
15.09.2019 15:00:00,11.0,44.0,28.6,0,0.13,0,0.6,1.2,1.8,60.0,0,79.0,3.2,0,20.0,21.0,7.9,8.3,256,15,6,9
15.09.2019 16:00:00,12.0,45.0,28.5,0,0.14,0,0.5,1.4,1.9,63.0,0,80.0,3.3,0,20.0,21.0,9.3,9.2,256,16,6,9
15.09.2019 17:00:00,12.0,47.0,28.4,0,0.14,0,0.5,1.7,2.3,84.0,0,80.0,3.5,0,21.0,20.0,7.6,8.1,256,17,6,9
15.09.2019 18:00:00,13.0,45.0,28.2,0,0.15,0,0.4,2.0,2.4,95.0,0,80.0,3.2,0,22.0,20.0,7.1,7.2,256,18,6,9
15.09.2019 19:00:00,15.0,42.0,28.1,0,0.15,0,0.5,5.7,6.2,92.0,0,80.0,3.2,0,22.0,22.0,6.8,6.8,256,19,6,9
15.09.2019 20:00:00,15.0,46.0,28.1,0,0.16,0,0.3,6.5,6.9,77.0,0,80.0,3.6,0,21.0,23.0,5.2,6.2,256,20,6,9
15.09.2019 21:00:00,15.0,48.0,28.0,0,0.15,0,0.2,4.0,4.2,90.0,0,81.0,3.3,0,23.0,23.0,5.4,4.8,256,21,6,9
15.09.2019 22:00:00,14.0,50.0,27.9,0,0.14,0,0.2,2.1,2.3,90.0,0,81.0,3.3,0,23.0,22.0,4.8,5.0,256,22,6,9
15.09.2019 23:00:00,11.0,51.0,27.9,0,0.14,0,0.0,2.1,2.1,68.0,0,82.0,3.1,0,22.0,23.0,5.5,5.0,256,23,6,9
15.09.2019 24:00:00,14.0,52.0,27.9,0,0.15,0,0.0,2.4,2.4,62.0,0,82.0,3.4,0,22.0,21.0,6.9,6.3,256,24,6,9
16.09.2019 01:00:00,15.0,54.0,27.9,0,0.16,0,0.0,1.9,1.9,74.0,0,81.0,3.2,0,19.0,22.0,6.0,5.6,257,1,0,9
16.09.2019 02:00:00,15.0,48.0,27.8,0,0.15,0,0.4,1.3,1.8,72.0,0,82.0,2.6,0,21.0,21.0,5.5,6.0,257,2,0,9
16.09.2019 03:00:00,13.0,44.0,27.8,0,0.16,0,0.4,2.9,3.4,83.0,0,82.0,2.2,0,21.0,21.0,4.2,5.3,257,3,0,9
16.09.2019 04:00:00,11.0,46.0,27.8,0,0.17,0,0.5,2.4,2.9,114.0,0,83.0,2.2,0,41.0,45.0,4.4,3.2,257,4,0,9
16.09.2019 05:00:00,11.0,45.0,27.8,0,0.17,0,0.6,3.6,4.2,87.0,0,83.0,2.3,0,44.0,47.0,3.2,3.6,257,5,0,9
16.09.2019 06:00:00,11.0,46.0,27.7,0,0.18,0,0.4,2.2,2.6,82.0,0,82.0,2.2,0,47.0,50.0,3.3,3.2,257,6,0,9
16.09.2019 07:00:00,15.0,44.0,27.8,0,0.21,0,0.9,4.1,4.9,105.0,0,82.0,2.2,0,45.0,48.0,2.8,2.4,257,7,0,9
16.09.2019 08:00:00,14.0,48.0,27.4,0,0.21,0,1.0,2.5,3.5,64.0,1.8,87.0,2.1,0,23.0,357.0,2.4,3.1,257,8,0,9
16.09.2019 09:00:00,14.0,46.0,27.7,0,0.27,0,1.3,6.0,7.4,24.0,0,86.0,2.1,0,353.0,6.9,2.5,1.8,257,9,0,9
16.09.2019 10:00:00,20.0,59.0,28.3,0,0.28,0,0.8,2.3,3.1,60.0,0,83.0,2.3,0,20.0,20.0,8.9,6.4,257,10,0,9
16.09.2019 11:00:00,19.0,65.0,28.1,0,0.25,0,0.9,1.9,2.8,53.0,0,80.0,2.4,0,21.0,21.0,9.4,9.5,257,11,0,9
16.09.2019 12:00:00,13.0,59.0,27.9,0,0.24,0,0.8,1.9,2.6,49.0,0,82.0,2.3,0,21.0,19.0,9.2,9.0,257,12,0,9
16.09.2019 13:00:00,15.0,60.0,27.7,0,0.22,0,1.0,1.6,2.7,52.0,0,83.0,2.4,0,20.0,19.0,10.0,9.1,257,13,0,9
16.09.2019 14:00:00,18.0,59.0,27.8,0,0.22,0,0.6,1.2,1.8,58.0,0,81.0,2.3,0,20.0,20.0,10.0,9.9,257,14,0,9
16.09.2019 15:00:00,17.0,59.0,27.5,0,0.21,0,0.8,1.5,2.3,65.0,0,80.0,2.2,0,21.0,20.0,10.0,10.0,257,15,0,9
16.09.2019 16:00:00,16.0,58.0,27.5,0,0.19,0,0.7,1.6,2.3,75.0,0,79.0,2.4,0,21.0,19.0,10.0,9.8,257,16,0,9
16.09.2019 17:00:00,15.0,57.0,27.4,0,0.17,0,0.7,1.6,2.3,93.0,0,76.0,2.1,0,22.0,23.0,7.8,8.2,257,17,0,9
16.09.2019 18:00:00,14.0,59.0,27.3,0,0.15,0,0.7,2.3,2.9,98.0,0,74.0,2.1,0,25.0,24.0,6.8,6.6,257,18,0,9
16.09.2019 19:00:00,13.0,58.0,27.2,0,0.15,0,0.8,1.7,2.4,92.0,0,72.0,2.1,0,23.0,23.0,7.0,7.1,257,19,0,9
16.09.2019 20:00:00,12.0,61.0,27.1,0,0.14,0,0.6,1.3,1.9,87.0,0,72.0,2.2,0,21.0,22.0,8.3,8.5,257,20,0,9
16.09.2019 21:00:00,15.0,61.0,27.1,0,0.16,0,0.8,1.1,1.9,84.0,0,74.0,2.1,0,23.0,24.0,6.5,7.2,257,21,0,9
16.09.2019 22:00:00,15.0,61.0,27.1,0,0.16,0,0.6,1.5,2.1,82.0,0,77.0,2.1,0,23.0,22.0,7.8,7.3,257,22,0,9
16.09.2019 23:00:00,16.0,62.0,27.1,0,0.17,0,0.4,1.4,1.8,77.0,0,75.0,2.1,0,23.0,23.0,6.5,7.3,257,23,0,9
16.09.2019 24:00:00,15.0,62.0,27.0,0,0.19,0,0.6,1.3,1.9,89.0,0,75.0,1.9,0,23.0,22.0,6.8,6.2,257,24,0,9
17.09.2019 01:00:00,14.0,62.0,27.0,0,0.2,0,0.7,1.4,2.1,88.0,0,78.0,2.2,0,22.0,22.0,6.2,5.9,258,1,1,9
17.09.2019 02:00:00,13.0,60.0,27.0,0,0.19,0,0.2,1.9,2.1,75.0,0,81.0,2.0,0,22.0,21.0,8.6,7.6,258,2,1,9
17.09.2019 03:00:00,13.0,60.0,27.0,0,0.19,0,0.2,1.3,1.6,68.0,0,81.0,1.8,0,22.0,21.0,8.8,8.0,258,3,1,9
17.09.2019 04:00:00,14.0,59.0,27.0,0,0.18,0,0.1,1.4,1.5,72.0,0,82.0,1.7,0,21.0,20.0,8.6,9.2,258,4,1,9
17.09.2019 05:00:00,12.0,57.0,27.0,0,0.17,0,0.0,1.6,1.6,74.0,0,82.0,1.9,0,21.0,22.0,7.8,8.0,258,5,1,9
17.09.2019 06:00:00,14.0,53.0,27.1,0,0.17,0,0.1,2.2,2.3,65.0,0,83.0,1.9,0,21.0,20.0,10.0,8.6,258,6,1,9
17.09.2019 07:00:00,16.0,52.0,27.0,0,0.17,0,0.5,2.1,2.6,66.0,0,84.0,1.8,0,21.0,20.0,9.0,8.8,258,7,1,9
17.09.2019 08:00:00,15.0,51.0,27.0,0,0.18,0,0.3,2.6,2.8,81.0,0,85.0,2.0,0,21.0,24.0,9.5,7.4,258,8,1,9
17.09.2019 09:00:00,15.0,52.0,27.2,0,0.18,0,0.1,2.0,2.1,60.0,0,84.0,1.9,0,21.0,24.0,9.1,8.4,258,9,1,9
17.09.2019 10:00:00,15.0,52.0,26.7,0,0.18,0,0.1,2.6,2.7,61.0,0.2,87.0,1.6,0,22.0,23.0,6.7,7.6,258,10,1,9
17.09.2019 11:00:00,15.0,53.0,27.0,0,0.18,0,0.4,2.3,2.7,66.0,0.2,83.0,2.0,0,20.0,20.0,9.7,8.7,258,11,1,9
17.09.2019 12:00:00,17.0,54.0,27.4,0,0.18,0,0.3,2.2,2.5,70.0,0,81.0,1.9,0,21.0,20.0,9.7,9.1,258,12,1,9
17.09.2019 13:00:00,16.0,56.0,27.4,0,0.17,0,0.4,2.0,2.4,71.0,0,80.0,2.0,0,21.0,20.0,9.3,9.4,258,13,1,9
17.09.2019 14:00:00,13.403,46.208,27.5,0,0.0,0,1.755,4.914,7.951,67.917,0,76.0,2.651,0,21.0,20.0,7.8,8.3,258,14,1,9
17.09.2019 15:00:00,16.0,46.283,27.8,0,0.2,0,0.5,1.8,2.3,103.0,8.136,72.0,2.651,0,20.0,20.0,6.0,6.7,258,15,1,9
17.09.2019 16:00:00,16.0,46.428,27.8,0,0.22,0,0.6,2.0,2.6,109.0,0,73.0,1.8,0,20.0,21.0,6.6,6.6,258,16,1,9
17.09.2019 17:00:00,11.0,58.0,27.5,0,0.2,0,0.2,1.5,1.8,94.0,0,73.0,1.6,0,21.0,21.0,7.2,6.9,258,17,1,9
17.09.2019 18:00:00,9.0,61.0,27.4,0,0.2,0,0.2,1.7,1.9,105.0,0,73.0,1.7,0,20.0,20.0,6.9,6.5,258,18,1,9
17.09.2019 19:00:00,12.0,58.0,27.3,0,0.2,0,0.1,1.2,1.3,92.0,0,76.0,1.9,0,20.0,20.0,7.2,6.9,258,19,1,9
17.09.2019 20:00:00,12.0,62.0,27.3,0,0.21,0,0.1,1.0,1.1,103.0,0,78.0,2.1,0,21.0,20.0,6.7,6.1,258,20,1,9
17.09.2019 21:00:00,15.0,67.0,27.3,0,0.21,0,-0.1,0.7,0.7,82.0,0,78.0,2.1,0,21.0,21.0,8.1,7.4,258,21,1,9
17.09.2019 22:00:00,15.0,66.0,27.1,0,0.2,0,-0.2,0.5,0.3,68.0,0,80.0,1.9,0,21.0,21.0,8.8,8.4,258,22,1,9
17.09.2019 23:00:00,12.0,66.0,27.0,0,0.2,0,0.2,0.9,1.0,67.0,0,81.0,2.1,0,21.0,21.0,7.7,8.3,258,23,1,9
17.09.2019 24:00:00,14.0,66.0,27.0,0,0.19,0,-0.1,1.0,0.9,82.0,0,80.0,2.1,0,15.0,6.0,4.1,5.0,258,24,1,9
18.09.2019 01:00:00,18.0,64.0,27.0,0,0.19,0,0.0,0.9,0.9,83.0,0,80.0,2.4,0,6.2,7.5,4.3,4.5,259,1,2,9
18.09.2019 02:00:00,15.0,60.0,26.4,0,0.17,0,-0.1,0.5,0.4,57.0,0,83.0,2.0,0,18.0,13.0,5.5,7.4,259,2,2,9
18.09.2019 03:00:00,14.0,59.0,26.4,0,0.17,0,0.1,0.6,0.7,75.0,0,85.0,2.2,0,20.0,19.0,5.1,6.1,259,3,2,9
18.09.2019 04:00:00,12.0,57.0,26.3,0,0.17,0,0.1,0.8,0.9,70.0,0,85.0,2.1,0,4.2,356.0,3.4,4.6,259,4,2,9
18.09.2019 05:00:00,11.0,54.0,26.6,0,0.17,0,0.2,1.3,1.5,82.0,0,80.0,2.2,0,9.7,19.0,4.7,3.8,259,5,2,9
18.09.2019 06:00:00,10.0,55.0,27.1,0,0.15,0,0.2,1.2,1.4,105.0,0,74.0,2.1,0,21.0,20.0,8.7,6.6,259,6,2,9
18.09.2019 07:00:00,15.0,57.0,27.2,0,0.17,0,0.4,1.5,1.9,83.0,0,72.0,2.1,0,22.0,22.0,8.5,8.1,259,7,2,9
18.09.2019 08:00:00,18.0,55.0,27.4,0,0.16,0,0.6,1.8,2.4,88.0,0,72.0,2.2,0,21.0,21.0,8.7,8.7,259,8,2,9
18.09.2019 09:00:00,15.0,53.0,27.8,0,0.14,0,0.5,1.4,1.8,84.0,0,75.0,1.9,0,21.0,21.0,8.1,8.4,259,9,2,9
18.09.2019 10:00:00,15.0,53.0,28.1,0,0.14,0,0.6,1.5,2.1,73.0,0,75.0,1.8,0,21.0,21.0,7.4,7.7,259,10,2,9
18.09.2019 11:00:00,15.0,48.0,26.8,0,0.15,0,0.5,3.6,4.2,78.0,1.2,83.0,1.6,0,17.0,348.0,2.5,4.9,259,11,2,9
18.09.2019 12:00:00,15.0,49.0,27.3,0,0.14,0,0.5,2.0,2.6,78.0,0.4,84.0,1.6,0,14.0,8.7,5.7,5.6,259,12,2,9
18.09.2019 13:00:00,10.0,50.0,27.8,0,0.12,0,0.4,0.6,1.0,68.0,0,79.0,1.4,0,21.0,22.0,11.0,9.1,259,13,2,9
18.09.2019 14:00:00,11.0,49.0,27.7,0,0.13,0,0.5,0.7,1.2,72.0,0,77.0,1.5,0,21.0,22.0,11.0,11.0,259,14,2,9
18.09.2019 15:00:00,16.0,55.0,27.7,0,0.14,0,0.6,0.7,1.3,89.0,0,76.0,1.3,0,22.0,21.0,14.0,11.0,259,15,2,9
18.09.2019 16:00:00,25.0,67.0,27.5,0,0.16,0,0.3,1.1,1.4,80.0,0,72.0,1.5,0,21.0,22.0,12.0,13.0,259,16,2,9
18.09.2019 17:00:00,41.0,66.0,27.3,0,0.17,0,0.1,1.1,1.2,84.0,0,71.0,1.6,0,22.0,21.0,15.0,13.0,259,17,2,9
18.09.2019 18:00:00,42.0,66.0,27.1,0,0.15,0,0.0,1.3,1.3,95.0,0,70.0,1.7,0,22.0,21.0,12.0,13.0,259,18,2,9
18.09.2019 19:00:00,35.0,65.0,27.0,0,0.15,0,0.3,1.7,2.0,98.0,0,71.0,2.0,0,21.0,22.0,11.0,12.0,259,19,2,9
18.09.2019 20:00:00,32.0,63.0,27.0,0,0.14,0,0.3,0.9,1.3,95.0,0,70.0,2.1,0,20.0,20.0,10.0,11.0,259,20,2,9
18.09.2019 21:00:00,23.0,63.0,26.8,0,0.15,0,0.1,1.3,1.4,111.0,0,71.0,2.0,0,21.0,23.0,10.0,9.5,259,21,2,9
18.09.2019 22:00:00,17.0,61.0,26.7,0,0.14,0,-0.1,1.3,1.2,104.0,0,69.0,1.9,0,22.0,22.0,8.4,9.6,259,22,2,9
18.09.2019 23:00:00,15.0,61.0,26.6,0,0.14,0,0.1,1.2,1.2,110.0,0,70.0,1.7,0,21.0,22.0,9.3,9.0,259,23,2,9
18.09.2019 24:00:00,20.0,63.0,26.5,0,0.15,0,0.2,0.9,1.2,95.0,0,70.0,2.0,0,21.0,23.0,9.9,9.7,259,24,2,9
19.09.2019 01:00:00,19.0,64.0,26.6,0,0.16,0,0.2,1.0,1.2,96.0,0,71.0,1.6,0,21.0,21.0,8.7,9.1,260,1,3,9
19.09.2019 02:00:00,15.0,69.0,26.7,0,0.14,0,0.6,1.1,1.7,121.0,0,70.0,1.3,0,25.0,24.0,6.4,6.3,260,2,3,9
19.09.2019 03:00:00,15.0,68.0,26.7,0,0.15,0,0.0,1.1,1.1,122.0,0,70.0,1.3,0,22.0,21.0,7.4,7.2,260,3,3,9
19.09.2019 04:00:00,19.0,71.0,26.7,0,0.16,0,0.2,1.5,1.7,100.0,0,70.0,1.5,0,21.0,20.0,11.0,9.8,260,4,3,9
19.09.2019 05:00:00,20.0,73.0,26.6,0,0.17,0,0.3,1.5,1.9,96.0,0,71.0,1.4,0,21.0,20.0,11.0,11.0,260,5,3,9
19.09.2019 06:00:00,19.0,66.0,26.5,0,0.18,0,0.5,2.0,2.4,89.0,0,69.0,1.6,0,21.0,21.0,11.0,11.0,260,6,3,9
19.09.2019 07:00:00,20.0,64.0,26.5,0,0.2,0,0.2,1.8,2.0,85.0,0,68.0,1.5,0,21.0,22.0,9.7,11.0,260,7,3,9
19.09.2019 08:00:00,20.0,62.0,26.8,0,0.21,0,0.6,2.2,2.8,101.0,0,70.0,1.7,0,21.0,22.0,12.0,10.0,260,8,3,9
19.09.2019 09:00:00,29.0,54.0,27.1,0,0.14,0,0.7,1.3,2.0,96.0,0,69.0,1.6,0,20.0,21.0,11.0,11.0,260,9,3,9
19.09.2019 10:00:00,29.0,53.0,27.3,0,0.13,0,0.6,1.5,2.1,108.0,0,70.0,1.1,0,21.0,21.0,11.0,11.0,260,10,3,9
19.09.2019 11:00:00,21.0,58.544,27.1,0,0.0,0,1.7,4.574,7.472,94.0,0,70.0,2.594,0,20.0,22.0,13.0,12.0,260,11,3,9
19.09.2019 12:00:00,27.0,53.0,26.9,0,0.12,0,0.7,1.2,1.9,85.0,0,70.0,0.7,0,20.0,19.0,12.0,12.0,260,12,3,9
19.09.2019 13:00:00,25.0,53.0,27.0,0,0.12,0,0.6,1.3,1.9,96.0,0,70.0,1.1,0,19.0,19.0,11.0,11.0,260,13,3,9
19.09.2019 14:00:00,16.0,53.0,26.7,0,0.12,0,0.4,1.3,1.7,91.0,0,70.0,1.4,0,18.0,20.0,10.0,9.8,260,14,3,9
19.09.2019 15:00:00,19.0,54.0,26.4,0,0.12,0,0.3,1.4,1.7,98.0,0,70.0,1.2,0,16.0,17.0,9.7,9.0,260,15,3,9
19.09.2019 16:00:00,19.0,54.0,26.3,0,0.12,0,0.4,1.2,1.6,89.0,0,70.0,1.2,0,15.0,21.0,9.1,8.8,260,16,3,9
19.09.2019 17:00:00,20.0,55.0,26.1,0,0.13,0,0.6,1.1,1.8,98.0,0,70.0,1.3,0,16.0,15.0,9.1,8.8,260,17,3,9
19.09.2019 18:00:00,22.0,59.0,26.0,0,0.13,0,0.5,1.3,1.8,95.0,0,71.0,1.3,0,15.0,14.0,8.7,8.6,260,18,3,9
19.09.2019 19:00:00,22.0,61.0,26.0,0,0.0,0,0.3,1.6,1.9,102.0,0,72.0,1.5,0,16.0,17.0,9.4,8.9,260,19,3,9
19.09.2019 20:00:00,24.0,62.0,26.0,0,0.13,0,0.4,1.5,1.9,105.0,0,74.0,1.4,0,18.0,19.0,10.0,9.6,260,20,3,9
19.09.2019 21:00:00,22.0,63.0,26.0,0,0.13,0,0.6,1.5,2.0,107.0,0,75.0,1.2,0,14.0,14.0,9.7,8.7,260,21,3,9
19.09.2019 22:00:00,19.0,64.0,25.9,0,0.13,0,0.3,1.4,1.7,114.0,0,77.0,1.2,0,17.0,15.0,9.9,9.1,260,22,3,9
19.09.2019 23:00:00,16.0,64.0,25.9,0,0.13,0,0.3,1.5,1.8,89.0,0,76.0,1.2,0,12.0,10.0,8.8,8.6,260,23,3,9
19.09.2019 24:00:00,15.0,64.0,25.9,0,0.14,0,0.4,1.6,2.0,83.0,0,76.0,1.4,0,12.0,20.0,8.7,8.6,260,24,3,9
20.09.2019 01:00:00,16.0,64.0,25.9,0,0.14,0,0.2,1.5,1.7,82.0,0,76.0,2.1,0,9.4,5.6,9.0,8.5,261,1,4,9
20.09.2019 02:00:00,16.0,63.0,25.8,0,0.15,0,-0.2,1.8,1.6,79.0,0,77.0,1.8,0,10.0,12.0,9.8,8.8,261,2,4,9
20.09.2019 03:00:00,19.0,62.0,25.6,0,0.16,0,1.672,4.498,7.238,75.0,0,80.0,1.5,0,11.0,12.0,9.3,8.2,261,3,4,9
20.09.2019 04:00:00,16.0,61.0,25.8,0,0.16,0,-0.3,1.9,1.7,86.0,0,80.0,1.5,0,9.9,9.0,8.2,8.3,261,4,4,9
20.09.2019 05:00:00,16.0,59.0,25.9,0,0.16,0,-0.2,1.7,1.5,92.0,0,79.0,1.8,0,10.0,354.0,6.7,7.2,261,5,4,9
20.09.2019 06:00:00,14.0,58.0,26.3,0,0.14,0,-0.2,1.6,1.4,103.0,0,70.0,1.4,0,18.0,19.0,11.0,10.0,261,6,4,9
20.09.2019 07:00:00,15.0,59.0,26.2,0,0.16,0,-0.3,1.9,1.6,95.0,0,73.0,1.3,0,16.0,11.0,8.4,7.9,261,7,4,9
20.09.2019 08:00:00,16.0,63.0,26.2,0,0.17,0,-0.1,2.0,2.0,92.0,0,74.0,1.6,0,14.0,15.0,9.5,8.5,261,8,4,9
20.09.2019 09:00:00,22.0,63.0,26.1,0,0.17,0,-0.2,2.0,1.8,86.0,0,76.0,1.6,0,13.0,4.6,8.4,8.5,261,9,4,9
20.09.2019 10:00:00,24.0,61.0,25.5,0,0.17,0,-0.3,2.5,2.3,77.0,0,78.0,1.7,0,360.0,360.0,8.6,8.2,261,10,4,9
20.09.2019 11:00:00,19.0,62.0,25.5,0,0.17,0,-0.4,2.6,2.2,79.0,0,78.0,1.7,0,359.0,2.3,7.8,7.7,261,11,4,9
20.09.2019 12:00:00,19.0,65.0,25.4,0,0.17,0,-0.2,2.5,2.2,73.0,0,77.0,1.6,0,0.4,359.0,8.7,8.3,261,12,4,9
20.09.2019 13:00:00,19.0,67.0,25.5,0,0.17,0,-0.2,2.3,2.1,80.0,0,78.0,1.7,0,359.0,0.5,8.9,7.8,261,13,4,9
20.09.2019 14:00:00,18.0,68.0,25.8,0,0.17,0,0.6,2.4,3.0,83.0,0,77.0,1.6,0,1.2,4.4,8.3,7.7,261,14,4,9
20.09.2019 15:00:00,19.0,66.0,25.9,0,0.16,0,0.6,2.6,3.1,82.0,0,77.0,1.8,0,2.6,6.5,8.5,7.6,261,15,4,9
20.09.2019 16:00:00,26.0,68.0,25.4,0,0.16,0,0.4,2.5,2.9,73.0,0.6,79.0,1.5,0,5.4,8.8,9.1,8.2,261,16,4,9
20.09.2019 17:00:00,29.0,68.0,25.6,0,0.17,0,0.7,2.4,3.1,80.0,0.2,77.0,1.4,0,9.8,2.4,9.2,9.2,261,17,4,9
20.09.2019 18:00:00,26.0,70.0,25.5,0,0.17,0,0.5,2.4,2.8,79.0,0.2,77.0,1.4,0,9.8,5.2,10.0,10.0,261,18,4,9
20.09.2019 19:00:00,28.0,70.0,24.9,0,0.17,0,0.6,2.3,2.9,74.0,1.4,79.0,1.5,0,359.0,351.0,9.2,8.3,261,19,4,9
20.09.2019 20:00:00,23.0,73.0,25.1,0,0.17,0,0.5,3.0,3.5,76.0,0.2,77.0,1.5,0,358.0,5.6,11.0,7.3,261,20,4,9
20.09.2019 21:00:00,20.0,74.0,25.6,0,0.17,0,0.5,2.9,3.4,75.0,0.2,73.0,1.4,0,359.0,0.4,9.3,7.7,261,21,4,9
20.09.2019 22:00:00,25.0,70.0,25.3,0,0.0,0,0.6,3.0,3.6,81.0,2.6,73.0,1.5,0,3.0,356.0,7.7,9.0,261,22,4,9
20.09.2019 23:00:00,19.0,66.0,24.4,0,0.16,0,0.4,3.0,3.4,64.0,3.0,77.0,1.3,0,337.0,343.0,7.3,4.3,261,23,4,9
20.09.2019 24:00:00,13.0,66.0,25.3,0,0.16,0,0.4,3.1,3.5,76.0,1.0,72.0,1.6,0,343.0,351.0,6.4,4.0,261,24,4,9
21.09.2019 01:00:00,14.0,65.0,24.4,0,0.17,0,0.2,3.3,3.5,63.0,0.6,77.0,1.3,0,324.0,333.0,5.6,3.2,262,1,5,9
21.09.2019 02:00:00,15.0,62.0,23.3,0,0.18,0,0.7,2.4,3.1,41.0,4.2,83.0,2.8,0,303.0,327.0,3.7,2.4,262,2,5,9
21.09.2019 03:00:00,13.0,62.0,23.2,0,0.18,0,0.5,2.2,2.6,44.0,8.0,84.0,2.8,0,328.0,316.0,4.5,4.5,262,3,5,9
21.09.2019 04:00:00,11.0,61.0,22.5,0,0.18,0,0.5,2.1,2.6,16.0,15.0,89.0,2.7,0,250.0,237.0,2.1,1.8,262,4,5,9
21.09.2019 05:00:00,11.0,60.0,23.4,0,0.18,0,0.3,2.2,2.5,32.0,7.4,84.0,2.9,0,254.0,246.0,2.8,2.0,262,5,5,9
21.09.2019 06:00:00,13.0,60.0,23.0,0,0.18,0,0.4,2.1,2.5,20.0,28.0,87.0,2.7,0,273.0,308.0,3.6,1.8,262,6,5,9
21.09.2019 07:00:00,10.0,58.0,22.5,0,0.19,0,0.4,2.5,2.9,6.0,8.0,90.0,2.6,0,227.0,234.0,4.3,4.2,262,7,5,9
21.09.2019 08:00:00,7.0,57.0,22.6,0,0.2,0,0.4,2.7,3.1,7.0,3.8,87.0,2.9,0,226.0,226.0,5.4,4.1,262,8,5,9
21.09.2019 09:00:00,10.0,56.0,22.7,0,0.2,0,0.5,2.9,3.5,17.0,6.6,87.0,2.7,0,227.0,228.0,2.3,2.9,262,9,5,9
21.09.2019 10:00:00,8.0,52.0,22.6,0,0.23,0,0.5,3.9,4.4,7.0,4.8,89.0,2.7,0,233.0,244.0,2.8,2.7,262,10,5,9
21.09.2019 11:00:00,5.0,53.0,22.9,0,0.23,0,0.6,4.4,4.9,6.0,1.2,88.0,3.1,0,232.0,234.0,1.8,2.6,262,11,5,9
21.09.2019 12:00:00,3.0,53.0,23.8,0,0.22,0,0.7,3.8,4.5,6.0,0.8,84.0,3.0,0,232.0,219.0,1.6,1.3,262,12,5,9
21.09.2019 13:00:00,2.0,49.0,23.3,0,0.25,0,0.5,6.0,6.5,5.0,0,88.0,2.8,0,239.0,244.0,3.1,2.3,262,13,5,9
21.09.2019 14:00:00,6.0,57.0,23.8,0,0.25,0,0.4,4.8,5.2,5.0,0,83.0,2.9,0,232.0,239.0,3.4,3.1,262,14,5,9
21.09.2019 15:00:00,11.0,57.0,23.7,0,0.25,0,0.6,5.4,6.1,8.0,0,84.0,2.8,0,238.0,247.0,2.4,2.5,262,15,5,9
21.09.2019 16:00:00,12.0,59.0,23.9,0,0.22,0,0.7,3.7,4.4,9.0,0,82.0,2.7,0,238.0,275.0,2.1,2.1,262,16,5,9
21.09.2019 17:00:00,8.0,55.0,23.5,0,0.23,0,0.5,4.0,4.4,7.0,0,85.0,2.8,0,228.0,230.0,4.8,2.8,262,17,5,9
21.09.2019 18:00:00,5.0,56.0,23.5,0,0.25,0,0.2,5.4,5.6,8.0,0,84.0,2.8,0,232.0,232.0,3.9,3.8,262,18,5,9
21.09.2019 19:00:00,7.0,60.0,24.7,0,0.22,0,0.3,3.1,3.4,11.0,0,74.0,2.7,0,231.0,231.0,2.8,3.0,262,19,5,9
21.09.2019 20:00:00,10.0,56.0,24.6,0,0.21,0,0.6,3.0,3.6,9.0,0,76.0,2.6,0,233.0,233.0,2.2,2.4,262,20,5,9
21.09.2019 21:00:00,7.0,52.0,24.2,0,0.22,0,0.4,2.7,3.1,8.0,0,78.0,2.9,0,234.0,242.0,3.5,3.4,262,21,5,9
21.09.2019 22:00:00,7.0,50.0,24.4,0,0.24,0,0.7,3.6,4.2,17.0,0,75.0,2.6,0,232.0,219.0,3.8,3.7,262,22,5,9
21.09.2019 23:00:00,8.0,50.0,24.6,0,0.22,0,0.4,3.2,3.6,21.0,0,73.0,2.8,0,234.0,250.0,2.5,3.1,262,23,5,9
21.09.2019 24:00:00,11.0,48.0,24.3,0,0.23,0,0.5,3.9,4.5,16.0,0,76.0,2.8,0,241.0,244.0,4.2,3.9,262,24,5,9
22.09.2019 01:00:00,13.0,45.0,23.8,0,0.26,0,0.4,5.6,6.0,25.0,0,79.0,3.0,0,238.0,250.0,3.9,4.3,263,1,6,9
22.09.2019 02:00:00,12.0,47.0,24.0,0,0.21,0,0.3,4.6,4.9,21.0,0,73.0,2.0,0,230.0,226.0,3.7,3.1,263,2,6,9
22.09.2019 03:00:00,12.0,46.0,23.6,0,0.2,0,0.3,3.9,4.2,17.0,0,73.0,1.9,0,218.0,224.0,3.5,3.5,263,3,6,9
22.09.2019 04:00:00,11.0,45.0,23.1,0,0.19,0,0.4,3.8,4.3,19.0,0,76.0,1.7,0,221.0,220.0,3.7,3.8,263,4,6,9
22.09.2019 05:00:00,12.0,41.0,22.4,0,0.19,0,0.3,3.3,3.6,24.0,0,80.0,1.7,0,221.0,223.0,4.2,4.1,263,5,6,9
22.09.2019 06:00:00,16.0,40.0,22.3,0,0.2,0,0.4,3.3,3.7,24.0,0,81.0,1.7,0,220.0,217.0,4.3,4.2,263,6,6,9
22.09.2019 07:00:00,17.0,38.0,23.1,0,0.22,0,0.6,4.2,4.8,21.0,0,79.0,2.0,0,216.0,213.0,3.3,3.5,263,7,6,9
22.09.2019 08:00:00,15.0,32.0,23.5,0,0.25,0,0.8,5.8,6.6,25.0,0,80.0,1.7,0,215.0,218.0,3.3,3.2,263,8,6,9
22.09.2019 09:00:00,11.0,27.0,24.2,0,0.33,0,1.7,10.0,12.0,23.0,0,79.0,2.2,0,214.0,216.0,2.8,3.0,263,9,6,9
22.09.2019 10:00:00,11.0,32.0,25.4,0,0.33,0,2.4,9.9,12.0,34.0,0,76.0,2.7,0,221.0,191.0,0.8,1.6,263,10,6,9
22.09.2019 11:00:00,15.0,58.0,26.6,0,0.25,0,1.4,7.7,9.1,136.0,0,68.0,2.5,0,9.7,12.0,3.1,2.2,263,11,6,9
22.09.2019 12:00:00,15.0,68.0,26.7,0,0.18,0,0.7,4.3,5.0,120.0,0,65.0,2.1,0,8.9,2.3,4.2,3.9,263,12,6,9
22.09.2019 13:00:00,11.0,66.0,26.6,0,0.17,0,0.5,4.1,4.6,110.0,0,64.0,1.9,0,8.7,8.7,4.6,4.5,263,13,6,9
22.09.2019 14:00:00,10.0,69.0,26.6,0,0.17,0,0.6,4.0,4.6,106.0,0,62.0,1.7,0,9.2,8.8,5.2,4.5,263,14,6,9
22.09.2019 15:00:00,11.0,70.0,26.3,0,0.15,0,0.6,4.7,5.3,105.0,0,63.0,1.9,0,2.7,352.0,4.2,4.3,263,15,6,9
22.09.2019 16:00:00,15.0,66.0,26.3,0,0.16,0,0.5,5.4,5.9,84.0,0,62.0,1.8,0,348.0,337.0,3.4,3.2,263,16,6,9
22.09.2019 17:00:00,13.0,65.0,26.1,0,0.18,0,0.5,6.1,6.6,53.0,0,63.0,2.0,0,331.0,323.0,2.6,3.6,263,17,6,9
22.09.2019 18:00:00,12.0,62.0,25.4,0,0.19,0,0.9,8.7,9.6,33.0,0,65.0,1.8,0,320.0,283.0,1.7,2.2,263,18,6,9
22.09.2019 19:00:00,13.0,66.0,24.6,0,0.17,0,0.4,4.6,5.1,19.0,0,69.0,1.8,0,272.0,269.0,1.7,1.3,263,19,6,9
22.09.2019 20:00:00,12.0,42.0,23.4,0,0.25,0,0.7,12.0,13.0,22.0,0,77.0,1.8,0,222.0,154.0,1.1,0.8,263,20,6,9
22.09.2019 21:00:00,11.0,43.0,23.4,0,0.24,0,0.8,9.6,10.0,29.0,0,79.0,2.0,0,204.0,58.0,1.9,0.4,263,21,6,9
22.09.2019 22:00:00,11.0,46.0,23.9,0,0.18,0,0.4,5.9,6.3,76.0,0,78.0,1.8,0,100.0,193.0,1.8,1.1,263,22,6,9
22.09.2019 23:00:00,10.0,50.0,24.2,0,0.17,0,0.4,5.0,5.4,42.0,0,78.0,1.9,0,353.0,14.0,4.8,0.7,263,23,6,9
22.09.2019 24:00:00,11.0,60.0,26.1,0,0.16,0,0.5,4.0,4.4,117.0,0,71.0,2.0,0,18.0,21.0,6.0,5.1,263,24,6,9
23.09.2019 01:00:00,11.0,55.0,25.3,0,0.18,0,0.4,3.7,4.1,111.0,0,76.0,1.7,0,24.0,74.0,2.3,3.2,264,1,0,9
23.09.2019 02:00:00,11.0,54.0,25.3,0,0.19,0,0.0,2.6,2.6,85.0,0,68.0,2.4,0,4.1,4.3,5.6,4.6,264,2,0,9
23.09.2019 03:00:00,15.0,53.0,25.3,0,0.18,0,0.4,2.3,2.7,97.0,0,70.0,2.4,0,20.0,21.0,6.5,6.4,264,3,0,9
23.09.2019 04:00:00,16.0,52.0,25.3,0,0.2,0,0.4,2.2,2.7,136.0,0,71.0,2.3,0,20.0,20.0,5.8,5.5,264,4,0,9
23.09.2019 05:00:00,14.0,54.0,25.2,0,0.21,0,0.6,2.6,3.1,109.0,0,68.0,2.4,0,7.5,3.3,4.9,4.8,264,5,0,9
23.09.2019 06:00:00,16.0,55.0,25.3,0,0.24,0,0.7,2.7,3.4,126.0,0,67.0,2.7,0,13.0,20.0,5.4,5.1,264,6,0,9
23.09.2019 07:00:00,16.0,53.0,25.3,0,0.25,0,0.3,3.8,4.1,123.0,0,68.0,2.9,0,20.0,19.0,6.0,6.3,264,7,0,9
23.09.2019 08:00:00,15.0,55.0,25.4,0,0.27,0,0.6,3.3,3.8,130.0,0,69.0,2.5,0,16.0,14.0,6.0,5.5,264,8,0,9
23.09.2019 09:00:00,17.0,59.0,25.6,0,0.29,0,0.5,3.2,3.7,130.0,0,67.0,2.4,0,19.0,23.0,6.8,5.8,264,9,0,9
23.09.2019 10:00:00,18.0,63.0,25.7,0,0.28,0,0.6,3.0,3.6,112.0,0,68.0,2.3,0,20.0,20.0,7.6,7.0,264,10,0,9
23.09.2019 11:00:00,19.0,67.0,25.9,0,0.3,0,0.7,3.5,4.3,138.0,0,67.0,2.3,0,21.0,21.0,5.8,6.1,264,11,0,9
23.09.2019 12:00:00,19.0,69.0,26.2,0,0.32,0,1.1,4.9,6.0,171.0,0,67.0,2.4,0,20.0,23.0,4.1,4.6,264,12,0,9
23.09.2019 13:00:00,23.0,72.0,26.2,0,0.3,0,0.9,3.8,4.7,163.0,0,68.0,2.3,0,20.0,22.0,4.9,5.0,264,13,0,9
23.09.2019 14:00:00,19.0,73.0,26.1,0,0.28,0,0.8,3.5,4.3,137.0,0,68.0,2.6,0,20.0,21.0,5.8,5.6,264,14,0,9
23.09.2019 15:00:00,16.0,77.0,26.1,0,0.27,0,0.4,4.0,4.4,120.0,0,69.0,2.5,0,20.0,23.0,5.0,5.2,264,15,0,9
23.09.2019 16:00:00,18.0,74.0,26.0,0,0.25,0,0.6,4.0,4.7,146.0,0,70.0,2.5,0,20.0,22.0,4.8,4.9,264,16,0,9
23.09.2019 17:00:00,17.0,75.0,25.8,0,0.23,0,0.4,3.9,4.3,112.0,0,71.0,2.5,0,21.0,21.0,6.3,5.8,264,17,0,9
23.09.2019 18:00:00,18.0,74.0,25.6,0,0.23,0,0.5,3.5,3.9,112.0,0,72.0,2.4,0,23.0,22.0,6.1,5.4,264,18,0,9
23.09.2019 19:00:00,19.0,75.0,25.5,0,0.22,0,0.4,3.0,3.4,112.0,0,73.0,2.3,0,21.0,22.0,5.0,5.5,264,19,0,9
23.09.2019 20:00:00,19.0,74.0,25.5,0,0.21,0,0.5,2.4,2.9,116.0,0,73.0,2.3,0,21.0,21.0,4.9,5.0,264,20,0,9
23.09.2019 21:00:00,18.0,74.0,25.6,0,0.21,0,0.3,2.6,3.0,130.0,0,75.0,2.3,0,24.0,25.0,4.5,3.9,264,21,0,9
23.09.2019 22:00:00,19.0,74.0,25.7,0,0.21,0,0.5,3.0,3.4,136.0,0,76.0,2.3,0,30.0,42.0,4.3,3.5,264,22,0,9
23.09.2019 23:00:00,17.0,75.0,25.7,0,0.19,0,0.3,2.7,3.0,124.0,0,76.0,2.3,0,34.0,40.0,3.6,4.1,264,23,0,9
23.09.2019 24:00:00,15.0,71.0,25.7,0,0.16,0,0.4,2.1,2.6,97.0,0,75.0,2.3,0,43.0,43.0,5.7,5.3,264,24,0,9
24.09.2019 01:00:00,18.0,68.0,25.7,0,0.15,0,0.1,1.8,2.0,112.0,0,74.0,2.4,0,41.0,43.0,4.8,4.4,265,1,1,9
24.09.2019 02:00:00,15.0,66.0,25.7,0,0.17,0,0.3,2.4,2.7,108.0,0,75.0,2.2,0,31.0,30.0,4.1,4.2,265,2,1,9
24.09.2019 03:00:00,13.0,65.0,25.7,0,0.16,0,0.3,1.9,2.2,87.0,0,75.0,1.9,0,35.0,45.0,5.5,4.9,265,3,1,9
24.09.2019 04:00:00,11.0,60.0,25.6,0,0.16,0,0.2,1.9,2.0,83.0,0,75.0,2.2,0,31.0,29.0,5.2,5.4,265,4,1,9
24.09.2019 05:00:00,10.0,58.0,25.7,0,0.16,0,0.4,2.3,2.7,84.0,0,71.0,2.2,0,28.0,24.0,5.5,5.8,265,5,1,9
24.09.2019 06:00:00,10.0,58.0,25.7,0,0.16,0,0.4,2.4,2.8,87.0,0,71.0,2.0,0,32.0,38.0,5.6,4.9,265,6,1,9
24.09.2019 07:00:00,7.0,56.0,25.7,0,0.17,0,0.5,3.3,3.8,83.0,0,69.0,2.1,0,37.0,43.0,5.1,5.0,265,7,1,9
24.09.2019 08:00:00,9.0,52.0,25.8,0,0.19,0,1.1,5.6,6.8,91.0,0,70.0,1.9,0,36.0,37.0,5.1,4.2,265,8,1,9
24.09.2019 09:00:00,11.0,53.0,25.8,0,0.17,0,0.8,2.9,3.8,72.0,0,71.0,2.0,0,41.0,39.0,5.7,5.3,265,9,1,9
24.09.2019 10:00:00,11.0,53.0,25.8,0,0.17,0,1.1,2.8,4.0,73.0,0,70.0,2.1,0,41.0,45.0,7.5,6.1,265,10,1,9
24.09.2019 11:00:00,11.0,55.0,25.6,0,0.17,0,0.5,2.8,3.3,78.0,0,67.0,2.0,0,39.0,25.0,5.4,5.9,265,11,1,9
24.09.2019 12:00:00,11.0,55.0,25.6,0,0.17,0,0.8,2.3,3.1,78.0,0,66.0,1.9,0,44.0,45.0,4.8,5.6,265,12,1,9
24.09.2019 13:00:00,9.0,56.0,25.7,0,0.17,0,0.5,2.4,2.9,84.0,0,65.0,2.2,0,46.0,47.0,6.1,5.8,265,13,1,9
24.09.2019 14:00:00,9.0,59.0,25.7,0,0.16,0,0.6,2.1,2.6,71.0,0,63.0,2.1,0,47.0,49.0,6.2,6.3,265,14,1,9
24.09.2019 15:00:00,9.0,58.0,26.0,0,0.16,0,0.8,1.7,2.5,55.0,0,62.0,2.1,0,50.0,49.0,5.8,5.9,265,15,1,9
24.09.2019 16:00:00,8.0,59.0,26.2,0,0.16,0,0.6,1.5,2.1,57.0,0,60.0,1.9,0,48.0,47.0,5.2,5.5,265,16,1,9
24.09.2019 17:00:00,11.0,57.0,26.0,0,0.16,0,0.8,2.9,3.6,56.0,0,61.0,1.9,0,49.0,49.0,4.9,4.9,265,17,1,9
24.09.2019 18:00:00,9.0,57.0,25.7,0,0.17,0,0.6,2.8,3.4,54.0,0,63.0,2.0,0,49.0,50.0,4.8,4.7,265,18,1,9
24.09.2019 19:00:00,7.0,53.0,25.5,0,0.18,0,0.4,4.0,4.4,50.0,0,64.0,1.9,0,53.0,63.0,2.5,3.8,265,19,1,9
24.09.2019 20:00:00,10.0,50.0,25.1,0,0.18,0,0.9,4.9,5.8,43.0,0,67.0,2.1,0,51.0,51.0,4.4,4.1,265,20,1,9
24.09.2019 21:00:00,8.0,32.0,23.1,0,0.22,0,1.3,8.8,10.0,22.0,0,78.0,2.0,0,90.0,50.0,5.3,0.9,265,21,1,9
24.09.2019 22:00:00,11.0,55.0,25.3,0,0.18,0,0.5,2.9,3.4,47.0,0,66.0,1.9,0,51.0,57.0,3.4,4.4,265,22,1,9
24.09.2019 23:00:00,8.0,54.0,25.2,0,0.17,0,0.9,3.0,3.9,53.0,0,68.0,2.1,0,52.0,49.0,6.0,4.5,265,23,1,9
24.09.2019 24:00:00,10.0,60.0,25.6,0,0.16,0,0.5,1.6,2.0,51.0,0,67.0,2.4,0,52.0,59.0,4.8,5.5,265,24,1,9
25.09.2019 01:00:00,12.0,59.0,25.6,0,0.16,0,0.5,1.9,2.4,50.0,0,65.0,2.5,0,57.0,63.0,3.7,4.3,266,1,2,9
25.09.2019 02:00:00,11.0,59.0,25.5,0,0.14,0,0.7,1.8,2.6,45.0,0,65.0,2.8,0,56.0,50.0,5.9,4.8,266,2,2,9
25.09.2019 03:00:00,11.0,60.0,25.4,0,0.15,0,0.6,1.9,2.5,41.0,0,64.0,2.7,0,50.0,51.0,6.1,6.3,266,3,2,9
25.09.2019 04:00:00,8.0,60.0,25.3,0,0.14,0,0.6,2.3,2.9,42.0,0,63.0,3.1,0,52.0,52.0,5.5,5.2,266,4,2,9
25.09.2019 05:00:00,10.0,61.0,25.2,0,0.14,0,0.7,2.1,2.8,26.0,0,63.0,2.7,0,50.0,54.0,4.5,5.3,266,5,2,9
25.09.2019 06:00:00,8.0,56.0,24.9,0,0.15,0,0.6,2.4,3.0,36.0,0,67.0,2.7,0,54.0,77.0,2.1,3.7,266,6,2,9
25.09.2019 07:00:00,11.0,52.0,24.8,0,0.17,0,1.1,5.3,6.4,28.0,0,66.0,3.0,0,58.0,54.0,4.5,3.3,266,7,2,9
25.09.2019 08:00:00,9.0,61.0,25.7,0,0.15,0,1.0,2.1,3.1,32.0,0,61.0,2.9,0,49.0,49.0,5.4,4.8,266,8,2,9
25.09.2019 09:00:00,11.0,61.0,26.0,0,0.15,0,0.8,2.8,3.5,29.0,0,64.0,2.7,0,51.0,50.0,5.2,4.9,266,9,2,9
25.09.2019 10:00:00,9.0,61.0,26.1,0,0.15,0,1.0,2.5,3.5,41.0,0,64.0,2.8,0,50.0,53.0,4.4,4.6,266,10,2,9
25.09.2019 11:00:00,11.0,61.0,26.6,0,0.15,0,0.9,2.1,3.0,39.0,0,63.0,2.7,0,50.0,51.0,5.0,5.3,266,11,2,9
25.09.2019 12:00:00,9.0,61.0,26.6,0,0.15,0,0.8,2.0,2.8,39.0,0,63.0,2.6,0,49.0,49.0,5.9,5.7,266,12,2,9
25.09.2019 13:00:00,8.0,61.0,26.4,0,0.15,0,1.1,1.6,2.7,36.0,0,62.0,2.7,0,49.0,49.0,5.6,5.6,266,13,2,9
25.09.2019 14:00:00,6.0,61.0,26.5,0,0.15,0,1.1,2.0,3.1,32.0,0,60.0,2.4,0,48.0,47.0,4.3,4.7,266,14,2,9
25.09.2019 15:00:00,11.0,63.0,26.7,0,0.15,0,1.1,2.5,3.6,40.0,0,60.0,2.6,0,49.0,51.0,5.1,5.0,266,15,2,9
25.09.2019 16:00:00,8.0,60.0,26.3,0,0.15,0,1.1,2.7,3.9,32.0,0,60.0,2.7,0,49.0,49.0,5.4,5.0,266,16,2,9
25.09.2019 17:00:00,7.0,63.0,26.2,0,0.15,0,1.0,3.3,4.2,29.0,0,62.0,2.8,0,48.0,47.0,5.2,5.5,266,17,2,9
25.09.2019 18:00:00,10.0,62.0,25.9,0,0.16,0,0.5,2.8,3.2,26.0,0,64.0,2.5,0,49.0,50.0,6.2,6.0,266,18,2,9
25.09.2019 19:00:00,11.0,61.0,25.7,0,0.15,0,0.6,2.8,3.4,24.0,0,64.0,2.6,0,51.0,51.0,5.7,5.4,266,19,2,9
25.09.2019 20:00:00,10.0,61.0,25.7,0,0.15,0,0.8,2.2,3.0,24.0,0,65.0,2.7,0,48.0,48.0,5.6,5.7,266,20,2,9
25.09.2019 21:00:00,9.0,57.0,25.8,0,0.15,0,0.4,2.2,2.5,22.0,0,68.0,2.9,0,51.0,49.0,6.2,5.3,266,21,2,9
25.09.2019 22:00:00,10.0,59.0,25.8,0,0.15,0,0.6,2.0,2.6,24.0,0,71.0,2.7,0,50.0,50.0,5.3,5.6,266,22,2,9
25.09.2019 23:00:00,9.0,55.0,25.9,0,0.15,0,0.7,2.1,2.8,31.0,0,73.0,2.7,0,51.0,48.0,6.4,5.8,266,23,2,9
25.09.2019 24:00:00,7.0,57.0,25.9,0,0.15,0,0.8,1.7,2.5,32.0,0,74.0,2.7,0,50.0,62.0,4.0,5.2,266,24,2,9
26.09.2019 01:00:00,6.0,54.0,25.9,0,0.15,0,0.6,1.7,2.3,32.0,0,74.0,2.7,0,52.0,49.0,6.2,5.6,267,1,3,9
26.09.2019 02:00:00,9.0,52.0,25.9,0,0.15,0,0.1,3.1,3.2,32.0,0,75.0,1.4,0,54.0,55.0,4.8,5.0,267,2,3,9
26.09.2019 03:00:00,9.0,53.0,25.9,0,0.16,0,-0.1,2.1,2.0,34.0,0,76.0,1.2,0,52.0,52.0,5.6,5.5,267,3,3,9
26.09.2019 04:00:00,8.0,54.0,25.9,0,0.15,0,-0.2,1.4,1.3,30.0,0,77.0,1.1,0,47.0,50.0,6.7,5.8,267,4,3,9
26.09.2019 05:00:00,7.0,54.0,26.0,0,0.14,0,-0.2,1.4,1.1,28.0,0,78.0,1.1,0,47.0,45.0,6.0,6.4,267,5,3,9
26.09.2019 06:00:00,10.0,53.0,26.0,0,0.15,0,-0.1,2.0,2.0,25.0,0,79.0,1.4,0,47.0,46.0,7.8,7.2,267,6,3,9
26.09.2019 07:00:00,9.0,51.0,26.2,0,0.15,0,0.0,3.1,3.0,25.0,0.2,82.0,1.2,0,50.0,63.0,4.9,5.7,267,7,3,9
26.09.2019 08:00:00,8.0,52.0,26.3,0,0.15,0,0.2,1.8,2.0,28.0,0,81.0,1.4,0,49.0,49.0,9.0,9.4,267,8,3,9
26.09.2019 09:00:00,7.0,53.0,26.3,0,0.14,0,0.1,1.9,2.0,19.0,0,82.0,1.3,0,49.0,47.0,7.1,8.5,267,9,3,9
26.09.2019 10:00:00,8.0,55.0,26.3,0,0.15,0,-0.1,1.5,1.4,22.0,0.6,83.0,1.1,0,47.0,48.0,8.8,8.3,267,10,3,9
26.09.2019 11:00:00,10.0,54.0,26.1,0,0.15,0,-0.1,1.7,1.6,28.0,2.6,85.0,1.0,0,45.0,46.0,10.0,7.6,267,11,3,9
26.09.2019 12:00:00,11.111,60.042,26.1,0,0.15,0,0.1,1.4,1.5,61.917,0.8,84.0,0.4,0,45.0,39.0,6.7,8.5,267,12,3,9
26.09.2019 13:00:00,8.0,50.0,25.7,0,0.16,0,0.7,2.9,3.6,39.0,2.6,86.0,2.2,0,41.0,40.0,5.7,5.8,267,13,3,9
26.09.2019 14:00:00,11.0,52.0,25.7,0,0.15,0,0.8,1.8,2.7,43.0,8.2,86.0,3.1,0,47.0,51.0,7.2,7.3,267,14,3,9
26.09.2019 15:00:00,11.0,47.0,25.2,0,0.15,0,0.7,3.6,4.2,35.0,27.0,88.0,2.8,0,47.0,47.0,5.1,2.5,267,15,3,9
26.09.2019 16:00:00,10.0,47.0,25.7,0,0.14,0,0.5,2.6,3.1,41.0,0.6,85.0,3.1,0,46.0,49.0,8.7,7.6,267,16,3,9
26.09.2019 17:00:00,7.0,49.0,26.0,0,0.14,0,0.6,1.4,2.0,25.0,0,83.0,2.9,0,47.0,47.0,9.6,9.2,267,17,3,9
26.09.2019 18:00:00,8.0,54.0,26.3,0,0.13,0,0.2,1.3,1.5,24.0,0,82.0,2.8,0,48.0,48.0,10.0,9.6,267,18,3,9
26.09.2019 19:00:00,7.0,52.0,26.4,0,0.13,0,0.3,0.9,1.3,21.0,0,81.0,2.7,0,50.0,51.0,9.4,10.0,267,19,3,9
26.09.2019 20:00:00,10.0,53.0,26.5,0,0.13,0,0.3,0.5,0.8,23.0,0,81.0,2.5,0,50.0,50.0,9.0,9.0,267,20,3,9
26.09.2019 21:00:00,9.0,55.0,26.5,0,0.13,0,0.2,0.5,0.7,30.0,0,82.0,2.5,0,48.0,46.0,8.3,8.2,267,21,3,9
26.09.2019 22:00:00,6.0,55.0,26.8,0,0.13,0,0.1,1.4,1.5,30.0,0,82.0,4.2,0,46.0,45.0,8.6,7.4,267,22,3,9
26.09.2019 23:00:00,8.0,55.0,27.3,0,0.14,0,0.1,1.3,1.4,30.0,0,82.0,2.7,0,44.0,44.0,7.4,6.4,267,23,3,9
26.09.2019 24:00:00,8.0,52.0,29.0,0,0.13,0,0.2,1.2,1.4,35.0,0,82.0,3.4,0,45.0,45.0,6.8,6.2,267,24,3,9
27.09.2019 01:00:00,8.0,51.0,29.2,0,0.13,0,0.3,1.5,1.8,39.0,0,82.0,3.6,0,44.0,44.0,6.5,6.2,268,1,4,9
27.09.2019 02:00:00,10.0,51.0,29.5,0,0.13,0,0.2,2.7,2.9,36.0,0,82.0,3.8,0,44.0,45.0,7.2,6.2,268,2,4,9
27.09.2019 03:00:00,8.0,50.0,28.4,0,0.13,0,0.2,2.4,2.7,29.0,0,81.0,4.4,0,46.0,46.0,7.9,7.6,268,3,4,9
27.09.2019 04:00:00,5.0,48.0,27.4,0,0.12,0,0.2,2.5,2.6,45.0,0,83.0,3.8,0,43.0,48.0,8.0,5.2,268,4,4,9
27.09.2019 05:00:00,4.0,48.0,25.9,0,0.12,0,0.2,1.9,2.1,35.0,0,84.0,3.0,0,37.0,23.0,6.6,5.9,268,5,4,9
27.09.2019 06:00:00,8.0,50.0,26.1,0,0.13,0,0.2,2.3,2.5,34.0,0,84.0,3.3,0,40.0,47.0,7.1,5.8,268,6,4,9
27.09.2019 07:00:00,7.0,49.0,26.5,0,0.13,0,0.4,2.3,2.7,25.0,0,82.0,3.1,0,47.0,48.0,7.7,7.0,268,7,4,9
27.09.2019 08:00:00,8.0,48.0,26.5,0,0.13,0,0.6,3.2,3.8,32.0,0,86.0,3.2,0,47.0,50.0,7.4,6.4,268,8,4,9
27.09.2019 09:00:00,10.0,46.0,28.3,0,0.13,0,0.5,4.0,4.5,31.0,0,87.0,3.5,0,47.0,48.0,6.9,5.7,268,9,4,9
27.09.2019 10:00:00,7.0,45.0,27.7,0,0.14,0,1.2,4.0,5.1,33.0,0.6,86.0,3.7,0,44.0,43.0,5.3,5.5,268,10,4,9
27.09.2019 11:00:00,9.0,43.0,27.6,0,0.14,0,1.1,5.2,6.3,38.0,0.4,87.0,3.4,0,40.0,29.0,4.6,4.4,268,11,4,9
27.09.2019 12:00:00,7.0,46.0,27.4,0,0.14,0,0.9,3.2,4.1,39.0,2.6,88.0,3.0,0,29.0,34.0,5.6,5.6,268,12,4,9
27.09.2019 13:00:00,11.0,47.0,27.1,0,0.13,0,0.8,3.6,4.4,42.0,0.2,88.0,2.9,0,29.0,25.0,8.8,6.2,268,13,4,9
27.09.2019 14:00:00,8.0,46.0,27.1,0,0.13,0,0.7,4.0,4.7,50.0,0.2,90.0,3.2,0,32.0,41.0,6.1,6.1,268,14,4,9
27.09.2019 15:00:00,7.0,29.0,26.7,0,0.1,0,1.2,3.2,4.4,28.0,0,88.0,2.8,0,48.0,49.0,5.8,6.7,268,15,4,9
27.09.2019 16:00:00,5.0,25.0,26.8,0,0.1,0,1.3,2.7,4.0,26.0,0.6,89.0,2.9,0,48.0,37.0,5.2,5.1,268,16,4,9
27.09.2019 17:00:00,9.0,40.0,26.7,0,0.15,0,1.4,6.2,7.6,37.0,0.4,92.0,3.4,0,31.0,25.0,5.9,4.1,268,17,4,9
27.09.2019 18:00:00,12.0,43.0,26.8,0,0.13,0,1.0,3.0,4.0,45.0,0,91.0,3.1,0,25.0,24.0,7.9,6.4,268,18,4,9
27.09.2019 19:00:00,7.0,41.0,26.8,0,0.13,0,0.6,2.7,3.3,41.0,0,91.0,2.9,0,26.0,26.0,6.8,6.5,268,19,4,9
27.09.2019 20:00:00,4.0,27.0,24.9,0,0.11,0,1.0,3.0,4.0,20.0,11.0,91.0,3.3,0,73.0,42.0,1.3,3.1,268,20,4,9
27.09.2019 21:00:00,2.0,24.0,23.8,0,0.12,0,1.0,3.9,4.9,6.0,19.0,93.0,2.9,0,265.0,219.0,1.9,0.8,268,21,4,9
27.09.2019 22:00:00,1.0,21.0,23.6,0,0.12,0,0.8,4.6,5.4,4.0,29.0,95.0,3.1,0,218.0,217.0,3.2,2.6,268,22,4,9
27.09.2019 23:00:00,1.0,19.0,24.0,0,0.11,0,0.5,4.1,4.5,1.0,20.0,96.0,3.1,0,218.0,247.0,1.1,1.6,268,23,4,9
27.09.2019 24:00:00,1.0,20.0,24.4,0,0.11,0,0.7,3.5,4.2,0.0,4.6,95.0,3.3,0,255.0,226.0,1.2,0.9,268,24,4,9
28.09.2019 01:00:00,2.0,24.0,24.1,0,0.11,0,0.8,2.7,3.6,3.0,24.0,95.0,2.8,0,281.0,228.0,2.1,0.5,269,1,5,9
28.09.2019 02:00:00,1.0,23.0,24.1,0,0.09,0,0.1,1.5,1.6,2.0,29.0,95.0,1.0,0,214.0,225.0,3.1,3.2,269,2,5,9
28.09.2019 03:00:00,1.0,24.0,24.3,0,0.09,0,-0.3,1.4,1.1,30.211,33.0,95.0,0.8,0,213.0,216.0,4.5,3.1,269,3,5,9
28.09.2019 04:00:00,1.0,23.0,24.2,0,0.08,0,0.0,1.1,1.1,30.212,4.6,95.0,1.1,0,210.0,220.0,2.3,2.7,269,4,5,9
28.09.2019 05:00:00,2.0,22.0,25.0,0,0.1,0,-0.1,2.1,2.0,30.199,1.2,95.0,1.1,0,8.8,25.0,5.2,0.5,269,5,5,9
28.09.2019 06:00:00,13.0,34.0,26.6,0,0.1,0,0.1,1.9,2.0,30.409,0,93.0,1.1,0,28.0,35.0,4.3,5.4,269,6,5,9
28.09.2019 07:00:00,14.0,30.0,26.7,0,0.11,0,0.7,4.3,5.0,30.479,0.2,93.0,1.9,0,31.0,26.0,4.8,4.5,269,7,5,9
28.09.2019 08:00:00,13.0,30.0,27.0,0,0.11,0,0.9,3.0,3.9,30.661,0,92.0,1.1,0,24.0,26.0,5.5,5.9,269,8,5,9
28.09.2019 09:00:00,12.0,29.0,27.1,0,0.12,0,0.8,3.3,4.1,30.787,0,91.0,1.0,0,27.0,24.0,6.0,5.1,269,9,5,9
28.09.2019 10:00:00,13.0,29.0,27.4,0,0.12,0,1.0,4.3,5.3,30.955,0,91.0,1.2,0,27.0,32.0,4.1,4.5,269,10,5,9
28.09.2019 11:00:00,15.0,30.0,27.8,0,0.12,0,1.4,4.0,5.4,30.956,0,91.0,1.2,0,25.0,23.0,6.5,5.0,269,11,5,9
28.09.2019 12:00:00,13.0,31.0,28.5,0,0.11,0,0.7,3.0,3.6,30.985,1.8,91.0,1.0,0,21.0,24.0,6.4,6.7,269,12,5,9
28.09.2019 13:00:00,13.0,30.0,27.2,0,0.1,0,0.6,2.1,2.7,31.0,8.4,93.0,0.7,0,23.0,22.0,7.9,7.3,269,13,5,9
28.09.2019 14:00:00,10.0,32.0,27.0,0,0.1,0,0.3,1.6,1.9,26.0,0,91.0,0.7,0,21.0,21.0,8.6,8.6,269,14,5,9
28.09.2019 15:00:00,10.0,31.0,26.9,0,0.1,0,0.0,1.8,1.8,34.0,0,91.0,0.9,0,20.0,18.0,7.2,8.0,269,15,5,9
28.09.2019 16:00:00,13.0,27.0,26.7,0,0.1,0,0.5,2.9,3.4,33.0,3.4,92.0,1.0,0,30.0,86.0,4.5,5.5,269,16,5,9
28.09.2019 17:00:00,8.0,17.0,25.6,0,0.11,0,1.2,4.7,5.9,10.0,15.0,94.0,1.1,0,45.0,14.0,3.4,2.1,269,17,5,9
28.09.2019 18:00:00,8.0,14.0,25.8,0,0.11,0,2.5,5.6,8.1,23.0,2.4,95.0,1.4,0,21.0,25.0,5.3,3.5,269,18,5,9
28.09.2019 19:00:00,6.0,16.0,25.8,0,0.11,0,0.9,3.1,3.9,31.0,0.2,94.0,1.7,0,21.0,28.0,2.7,3.9,269,19,5,9
28.09.2019 20:00:00,5.0,12.0,26.2,0,0.13,0,3.3,7.4,11.0,24.0,0,93.0,1.8,0,9.0,15.0,1.4,0.8,269,20,5,9
28.09.2019 21:00:00,5.0,11.0,26.3,0,0.12,0,1.4,6.5,7.9,13.0,0,92.0,1.2,0,163.0,154.0,2.1,0.4,269,21,5,9
28.09.2019 22:00:00,4.0,16.0,26.6,0,0.1,0,0.7,5.1,5.7,18.0,0.6,92.0,1.2,0,52.0,52.0,5.9,2.0,269,22,5,9
28.09.2019 23:00:00,5.0,18.0,26.7,0,0.1,0,1.0,4.5,5.4,18.0,0,92.0,2.7,0,35.0,42.0,3.8,4.0,269,23,5,9
28.09.2019 24:00:00,4.0,19.0,26.8,0,0.09,0,0.4,2.7,3.1,20.0,0,93.0,1.2,0,28.0,29.0,5.0,4.6,269,24,5,9
29.09.2019 01:00:00,5.0,21.0,26.8,0,0.08,0,0.1,1.6,1.6,27.0,0,93.0,1.7,0,25.0,27.0,6.2,5.4,270,1,6,9
29.09.2019 02:00:00,7.0,25.0,26.8,0,0.11,0,-0.2,0.6,0.4,25.0,4.8,93.0,1.4,0,26.0,27.0,6.4,6.2,270,2,6,9
29.09.2019 03:00:00,7.0,18.0,26.2,0,0.11,0,0.1,0.9,1.0,16.0,1.4,94.0,1.3,0,48.0,57.0,6.8,6.9,270,3,6,9
29.09.2019 04:00:00,6.0,14.0,25.4,0,0.1,0,0.6,1.7,2.3,32.0,0.2,94.0,1.3,0,46.0,25.0,4.1,6.4,270,4,6,9
29.09.2019 05:00:00,8.0,13.0,25.6,0,0.11,0,0.6,3.1,3.6,34.0,6.6,94.0,1.6,0,18.0,238.0,1.5,1.1,270,5,6,9
29.09.2019 06:00:00,6.0,14.0,25.9,0,0.12,0,0.5,1.6,2.1,4.0,4.4,94.0,1.2,0,221.0,201.0,1.3,1.2,270,6,6,9
29.09.2019 07:00:00,7.0,13.0,26.3,0,0.15,0,1.5,6.0,7.5,21.0,1.4,95.0,2.2,0,26.0,49.0,2.1,1.3,270,7,6,9
29.09.2019 08:00:00,7.0,14.0,26.5,0,0.15,0,2.8,6.8,9.6,24.0,0.2,95.0,1.8,0,27.0,18.0,3.0,2.2,270,8,6,9
29.09.2019 09:00:00,9.0,15.0,26.5,0,0.13,0,1.8,4.2,5.9,17.0,2.4,96.0,2.2,0,38.0,81.0,3.3,2.2,270,9,6,9
29.09.2019 10:00:00,7.0,15.0,26.7,0,0.14,0,2.4,3.6,6.1,14.0,1.8,95.0,1.7,0,51.0,19.0,4.7,2.5,270,10,6,9
29.09.2019 11:00:00,7.0,16.0,26.8,0,0.14,0,3.8,5.4,9.3,21.0,0.4,95.0,2.1,0,28.0,25.0,4.1,3.8,270,11,6,9
29.09.2019 12:00:00,8.0,24.0,27.1,0,0.13,0,1.8,2.5,4.2,32.0,0,94.0,1.1,0,25.0,25.0,4.2,3.8,270,12,6,9
29.09.2019 13:00:00,11.0,23.0,27.4,0,0.14,0,2.7,4.5,7.2,35.0,0,93.0,1.3,0,21.0,21.0,3.2,3.4,270,13,6,9
29.09.2019 14:00:00,8.0,27.0,27.7,0,0.14,0,1.4,3.7,5.1,34.0,0,92.0,1.4,0,18.0,21.0,3.2,3.0,270,14,6,9
29.09.2019 15:00:00,11.0,24.0,27.6,0,0.14,0,2.6,3.8,6.4,43.0,0,92.0,1.6,0,21.0,19.0,5.0,3.6,270,15,6,9
29.09.2019 16:00:00,10.0,30.0,27.2,0,0.13,0,0.9,2.8,3.7,36.0,0,93.0,1.3,0,22.0,26.0,4.9,5.4,270,16,6,9
29.09.2019 17:00:00,12.0,26.0,27.0,0,0.13,0,1.2,3.3,4.5,38.0,1.0,94.0,1.1,0,34.0,50.0,6.2,5.1,270,17,6,9
29.09.2019 18:00:00,12.0,26.0,26.9,0,0.13,0,1.2,2.5,3.7,31.0,0,94.0,1.3,0,27.0,22.0,7.2,6.3,270,18,6,9
29.09.2019 19:00:00,14.0,25.0,26.9,0,0.14,0,1.0,2.3,3.3,33.0,1.8,94.0,1.0,0,26.0,32.0,3.5,5.2,270,19,6,9
29.09.2019 20:00:00,11.0,19.0,26.9,0,0.14,0,1.5,4.7,6.3,42.0,0,94.0,1.3,0,21.0,27.0,3.1,2.7,270,20,6,9
29.09.2019 21:00:00,11.0,20.0,26.8,0,0.12,0,1.1,2.6,3.7,33.0,0,94.0,1.4,0,41.0,55.0,4.4,3.2,270,21,6,9
29.09.2019 22:00:00,11.0,19.0,26.7,0,0.12,0,0.5,3.0,3.6,36.0,0,93.0,1.5,0,41.0,26.0,3.6,3.3,270,22,6,9
29.09.2019 23:00:00,9.0,19.0,26.8,0,0.11,0,0.7,2.2,2.9,31.0,0,93.0,1.4,0,39.0,43.0,2.9,3.5,270,23,6,9
29.09.2019 24:00:00,7.0,15.0,26.8,0,0.11,0,0.6,2.8,3.5,32.0,0,93.0,1.7,0,37.0,18.0,2.2,2.4,270,24,6,9
30.09.2019 01:00:00,7.0,16.0,26.6,0,0.11,0,0.7,1.5,2.2,35.0,0,93.0,1.0,0,25.0,21.0,3.9,3.2,271,1,0,9
30.09.2019 02:00:00,9.0,14.0,26.7,0,0.07,0,0.0,2.5,2.6,26.0,0,94.0,2.2,0,17.0,9.9,4.1,3.9,271,2,0,9
30.09.2019 03:00:00,7.0,14.0,26.7,0,0.08,0,0.3,1.9,2.3,22.0,0,94.0,2.0,0,358.0,4.2,2.8,2.5,271,3,0,9
30.09.2019 04:00:00,9.0,13.0,26.8,0,0.08,0,0.2,2.5,2.7,35.0,0,94.0,1.8,0,10.0,13.0,2.0,2.4,271,4,0,9
30.09.2019 05:00:00,10.0,12.0,30.2,0,0.07,0,-0.1,3.5,3.3,29.0,0,95.0,2.1,0,1.1,359.0,2.8,2.9,271,5,0,9
30.09.2019 06:00:00,9.0,16.0,26.3,0,0.08,0,0.0,1.2,1.2,27.0,3.8,95.0,1.8,0,14.0,80.0,4.5,2.7,271,6,0,9
30.09.2019 07:00:00,6.0,18.0,25.3,0,0.08,0,0.2,1.1,1.3,5.0,3.2,87.0,1.8,0,177.0,199.0,2.0,2.4,271,7,0,9
30.09.2019 08:00:00,3.0,16.0,26.1,0,0.11,0,0.7,2.9,3.6,11.0,0.2,87.0,2.6,0,69.0,63.0,3.5,1.3,271,8,0,9
30.09.2019 09:00:00,3.0,18.0,26.0,0,0.09,0,0.6,1.7,2.2,19.0,0.8,91.0,1.9,0,66.0,72.0,2.5,2.4,271,9,0,9
30.09.2019 10:00:00,5.0,21.0,25.6,0,0.09,0,0.4,1.6,2.1,32.0,0.6,91.0,1.7,0,61.0,57.0,2.3,2.1,271,10,0,9
30.09.2019 11:00:00,5.0,22.0,25.0,0,0.09,0,0.6,1.5,2.1,23.0,9.2,92.0,1.9,0,66.0,52.0,2.9,3.4,271,11,0,9
30.09.2019 12:00:00,6.0,20.0,25.5,0,0.09,0,0.9,1.1,2.0,39.0,0,91.0,1.9,0,45.0,49.0,6.0,5.0,271,12,0,9
30.09.2019 13:00:00,7.0,21.0,25.8,0,0.1,0,1.1,1.5,2.6,55.0,0.8,88.0,1.8,0,26.0,21.0,5.6,4.4,271,13,0,9
30.09.2019 14:00:00,8.0,23.0,26.1,0,0.09,0,0.7,0.6,1.3,68.0,0,87.0,1.8,0,23.0,23.0,7.5,6.3,271,14,0,9
30.09.2019 15:00:00,6.0,22.0,26.2,0,0.09,0,0.7,0.1,0.8,43.0,0,86.0,1.8,0,22.0,22.0,12.0,11.0,271,15,0,9
30.09.2019 16:00:00,12.0,21.0,26.0,0,0.08,0,0.2,0.3,0.5,47.0,1.6,88.0,1.7,0,21.0,23.0,12.0,13.0,271,16,0,9
30.09.2019 17:00:00,15.0,21.0,25.5,0,0.09,0,0.4,0.3,0.7,71.0,7.8,92.0,1.7,0,26.0,27.0,13.0,11.0,271,17,0,9
30.09.2019 18:00:00,13.0,26.0,25.1,0,0.09,0,0.4,0.3,0.7,81.0,3.0,90.0,1.7,0,35.0,30.0,9.7,8.9,271,18,0,9
30.09.2019 19:00:00,13.0,26.0,25.3,0,0.08,0,0.2,0.3,0.4,84.0,3.0,90.0,1.6,0,23.0,22.0,16.0,14.0,271,19,0,9
30.09.2019 20:00:00,15.0,22.0,25.6,0,0.1,0,0.3,0.4,0.7,71.0,2.0,90.0,1.6,0,21.0,19.0,18.0,19.0,271,20,0,9
30.09.2019 21:00:00,16.0,22.0,25.1,0,0.09,0,0.1,0.1,0.2,55.0,3.8,90.0,1.4,0,15.0,8.9,14.0,15.0,271,21,0,9
30.09.2019 22:00:00,12.0,24.0,24.7,0,0.09,0,0.3,0.0,0.3,44.0,14.0,91.0,1.7,0,1.3,351.0,9.8,11.0,271,22,0,9
30.09.2019 23:00:00,11.0,23.0,24.7,0,0.08,0,0.4,0.0,0.3,46.0,6.0,92.0,1.5,0,349.0,359.0,8.6,8.8,271,23,0,9
30.09.2019 24:00:00,13.0,21.0,24.9,0,0.08,0,0.1,0.3,0.4,33.0,9.6,91.0,1.6,0,329.0,319.0,9.8,8.0,271,24,0,9
01.10.2019 01:00:00,8.0,20.0,24.7,0,0.09,0,0.1,0.6,0.7,8.0,16.0,90.0,2.0,0,291.0,225.0,4.9,3.4,272,1,1,10
01.10.2019 02:00:00,2.0,20.0,24.9,0,0.08,0,-0.3,0.7,0.4,6.0,13.0,87.0,2.0,0,231.0,229.0,5.0,3.8,272,2,1,10
01.10.2019 03:00:00,1.0,20.0,25.4,0,0.08,0,-0.4,0.4,0.0,2.0,1.8,82.0,2.1,0,233.0,242.0,3.7,3.9,272,3,1,10
01.10.2019 04:00:00,1.0,19.0,25.3,0,0.0,0,-0.1,0.4,0.3,4.0,2.4,83.0,2.1,0,236.0,239.0,3.3,3.6,272,4,1,10
01.10.2019 05:00:00,2.0,19.0,25.2,0,0.09,0,-0.1,0.6,0.5,3.0,5.6,86.0,2.2,0,240.0,245.0,2.4,2.9,272,5,1,10
01.10.2019 06:00:00,2.0,18.0,25.1,0,0.09,0,-0.2,0.7,0.5,2.0,3.2,85.0,2.3,0,229.0,222.0,3.9,2.5,272,6,1,10
01.10.2019 07:00:00,2.0,16.0,25.0,0,0.1,0,0.4,1.4,1.8,2.0,2.0,86.0,2.0,0,232.0,239.0,2.8,2.5,272,7,1,10
01.10.2019 08:00:00,2.0,15.0,25.0,0,0.11,0,0.6,1.9,2.5,0.0,0.6,85.0,2.2,0,229.0,227.0,4.0,3.3,272,8,1,10
01.10.2019 09:00:00,1.0,14.0,25.8,0,0.17,0,2.5,4.1,6.6,1.0,0,83.0,2.3,0,215.0,220.0,4.3,3.6,272,9,1,10
01.10.2019 10:00:00,3.0,18.0,26.9,0,0.23,0,3.2,5.4,8.6,9.0,0.2,76.0,2.7,0,225.0,226.0,8.1,6.9,272,10,1,10
01.10.2019 11:00:00,6.0,24.0,28.5,0,0.19,0,2.4,5.1,7.4,12.0,0,66.0,2.7,0,218.0,215.0,6.3,6.2,272,11,1,10
01.10.2019 12:00:00,5.0,28.0,30.4,0,0.16,0,1.7,4.4,6.1,14.0,0,58.0,2.4,0,228.0,227.0,8.0,5.8,272,12,1,10
01.10.2019 13:00:00,2.0,31.0,31.3,0,0.17,0,1.7,4.6,6.3,9.0,0,53.0,2.6,0,231.0,221.0,5.1,5.3,272,13,1,10
01.10.2019 14:00:00,2.0,33.0,31.8,0,0.16,0,1.5,4.8,6.3,4.0,0,50.0,2.0,0,224.0,213.0,3.3,5.3,272,14,1,10
01.10.2019 15:00:00,6.0,30.0,31.1,0,0.19,0,1.5,6.1,7.5,3.0,0,52.0,2.1,0,218.0,212.0,4.4,3.0,272,15,1,10
01.10.2019 16:00:00,7.0,30.0,31.5,0,0.14,0,0.5,4.1,4.6,2.0,0,50.0,1.8,0,234.0,239.0,3.1,3.0,272,16,1,10
01.10.2019 17:00:00,5.0,24.0,31.5,0,0.21,0,3.5,7.9,11.0,4.0,0,51.0,1.9,0,238.0,40.0,0.5,1.1,272,17,1,10
01.10.2019 18:00:00,10.0,14.0,28.7,0,0.33,0,4.4,14.0,19.0,26.0,0,66.0,2.0,0,201.0,209.0,3.0,1.4,272,18,1,10
01.10.2019 19:00:00,8.0,23.0,26.8,0,0.25,0,1.3,10.0,12.0,15.0,0,75.0,2.5,0,218.0,206.0,3.0,2.9,272,19,1,10
01.10.2019 20:00:00,18.0,24.0,27.4,0,0.31,0,1.4,16.0,17.0,39.0,0,72.0,3.4,0,160.0,18.0,1.0,0.6,272,20,1,10
01.10.2019 21:00:00,20.0,12.0,26.4,0,0.43,0,4.7,21.0,26.0,46.0,0,77.0,3.2,0,215.0,224.0,2.4,1.3,272,21,1,10
01.10.2019 22:00:00,17.0,11.0,26.0,0,0.4,0,2.8,16.0,19.0,20.0,0,78.0,3.4,0,214.0,197.0,1.7,1.6,272,22,1,10
01.10.2019 23:00:00,11.0,9.8,25.2,0,0.33,0,0.9,13.0,14.0,16.0,0,82.0,3.3,0,202.0,204.0,0.9,1.9,272,23,1,10
01.10.2019 24:00:00,9.0,11.0,24.3,0,0.23,0,0.9,7.0,7.9,19.0,0,83.0,3.0,0,209.0,209.0,2.5,2.9,272,24,1,10
02.10.2019 01:00:00,9.0,11.0,23.9,0,0.18,0,0.0,4.7,4.7,15.0,0,83.0,1.6,0,210.0,211.0,3.7,3.2,273,1,2,10
02.10.2019 02:00:00,5.0,11.0,23.8,0,0.18,0,0.5,2.4,2.8,13.0,0,83.0,1.5,0,212.0,212.0,3.3,3.3,273,2,2,10
02.10.2019 03:00:00,4.0,11.0,23.7,0,0.18,0,0.2,2.8,3.0,16.0,0,84.0,1.6,0,209.0,208.0,3.8,3.4,273,3,2,10
02.10.2019 04:00:00,7.0,9.6,23.7,0,0.21,0,0.4,3.5,3.9,15.0,0,85.0,1.7,0,205.0,203.0,3.6,3.4,273,4,2,10
02.10.2019 05:00:00,7.0,6.7,24.1,0,0.29,0,0.4,7.4,7.9,14.0,0,86.0,1.8,0,208.0,210.0,3.9,3.5,273,5,2,10
02.10.2019 06:00:00,8.0,3.6,25.0,0,0.36,0,2.0,12.0,14.0,15.0,0,81.0,2.1,0,217.0,203.0,2.4,2.8,273,6,2,10
02.10.2019 07:00:00,7.0,4.5,24.9,0,0.4,0,10.0,8.6,19.0,14.0,0,83.0,2.2,0,207.0,197.0,1.2,1.5,273,7,2,10
02.10.2019 08:00:00,7.0,8.8,26.0,0,0.4,0,13.0,8.9,22.0,28.0,0,79.0,2.9,0,61.0,75.0,1.0,0.3,273,8,2,10
02.10.2019 09:00:00,12.0,15.0,27.2,0,0.35,0,9.6,11.0,21.0,43.0,0,74.0,4.3,0,45.0,51.0,1.6,0.9,273,9,2,10
02.10.2019 10:00:00,11.0,19.0,27.7,0,0.31,0,11.0,14.0,25.0,41.0,0,76.0,4.1,0,47.0,32.0,4.5,2.2,273,10,2,10
02.10.2019 11:00:00,11.0,29.0,27.8,0,0.27,0,7.1,12.0,19.0,33.0,0,79.0,2.8,0,27.0,42.0,2.8,3.0,273,11,2,10
02.10.2019 12:00:00,11.0,48.0,27.9,0,0.21,0,1.8,7.3,9.1,26.0,0,78.0,2.9,0,49.0,52.0,3.3,2.8,273,12,2,10
02.10.2019 13:00:00,16.0,69.0,28.2,0,0.24,0,1.0,6.3,7.3,32.0,0,74.0,6.1,0,44.0,43.0,1.9,2.0,273,13,2,10
02.10.2019 14:00:00,17.0,77.0,28.7,0,0.24,0,0.1,4.2,4.3,34.0,0,71.0,4.2,0,37.0,25.0,1.4,1.5,273,14,2,10
02.10.2019 15:00:00,19.0,82.0,28.7,0,0.24,0,0.4,5.0,5.4,36.0,0,74.0,4.4,0,30.0,34.0,1.3,1.1,273,15,2,10
02.10.2019 16:00:00,25.0,79.0,28.6,0,0.25,0,0.5,5.8,6.2,41.0,0,77.0,4.3,0,21.0,11.0,2.0,1.4,273,16,2,10
02.10.2019 17:00:00,26.0,80.0,28.2,0,0.28,0,0.4,7.3,7.7,53.0,0,79.0,4.0,0,17.0,6.0,1.0,1.3,273,17,2,10
02.10.2019 18:00:00,26.0,75.0,27.7,0,0.31,0,0.2,8.9,9.1,48.0,0,82.0,2.8,0,20.0,41.0,0.6,0.6,273,18,2,10
02.10.2019 19:00:00,25.0,36.0,26.8,0,0.4,0,0.7,11.0,12.0,37.0,0,87.0,2.2,0,208.0,212.0,2.2,1.0,273,19,2,10
02.10.2019 20:00:00,21.0,22.0,25.9,0,0.28,0,0.8,5.7,6.5,30.0,0,90.0,1.6,0,214.0,212.0,2.3,2.0,273,20,2,10
02.10.2019 21:00:00,17.0,23.0,25.6,0,0.27,0,0.3,4.1,4.4,29.0,0,89.0,2.2,0,214.0,211.0,2.8,2.1,273,21,2,10
02.10.2019 22:00:00,21.0,23.0,25.3,0,0.27,0,0.2,5.1,5.4,27.0,0,89.0,2.0,0,213.0,204.0,2.4,1.9,273,22,2,10
02.10.2019 23:00:00,17.0,23.0,24.7,0,0.23,0,0.4,3.1,3.5,30.0,0,90.0,2.1,0,211.0,209.0,3.7,3.2,273,23,2,10
02.10.2019 24:00:00,16.0,21.0,24.3,0,0.22,0,0.1,2.1,2.3,23.0,0,90.0,1.7,0,211.0,213.0,3.4,3.4,273,24,2,10
03.10.2019 01:00:00,16.0,23.0,23.9,0,0.21,0,0.1,1.8,1.8,31.0,0,90.0,2.1,0,210.0,210.0,3.8,3.8,274,1,3,10
03.10.2019 02:00:00,17.0,23.0,23.7,0,0.2,0,1.1,1.6,2.7,24.0,0,90.0,1.8,0,211.0,209.0,4.0,3.7,274,2,3,10
03.10.2019 03:00:00,14.0,26.0,23.8,0,0.2,0,1.0,1.3,2.3,18.0,0,88.0,1.8,0,220.0,230.0,2.2,2.8,274,3,3,10
03.10.2019 04:00:00,11.0,21.0,23.9,0,0.19,0,1.1,1.3,2.4,24.0,0,88.0,1.9,0,206.0,206.0,1.3,1.7,274,4,3,10
03.10.2019 05:00:00,12.0,18.0,23.7,0,0.18,0,1.1,1.5,2.6,15.0,0,89.0,2.0,0,207.0,217.0,2.2,2.4,274,5,3,10
03.10.2019 06:00:00,12.0,20.0,23.7,0,0.22,0,1.2,2.1,3.4,18.0,0,89.0,2.1,0,212.0,204.0,2.7,2.7,274,6,3,10
03.10.2019 07:00:00,15.0,15.0,23.9,0,0.33,0,3.6,6.1,9.6,27.0,0,89.0,2.4,0,203.0,208.0,3.2,2.7,274,7,3,10
03.10.2019 08:00:00,24.0,20.0,26.0,0,0.44,0,7.5,10.0,18.0,33.0,0,84.0,3.6,0,216.0,18.0,1.1,1.2,274,8,3,10
03.10.2019 09:00:00,23.0,30.0,27.0,0,0.37,0,5.6,12.0,18.0,52.0,0,80.0,4.3,0,22.0,40.0,1.8,1.6,274,9,3,10
03.10.2019 10:00:00,24.0,44.0,27.6,0,0.32,0,3.0,8.3,11.0,39.0,0,78.0,5.7,0,39.0,39.0,2.0,1.8,274,10,3,10
03.10.2019 11:00:00,33.0,66.0,28.2,0,0.34,0,2.2,5.7,7.9,48.0,0,78.0,5.3,0,48.0,46.0,2.1,1.7,274,11,3,10
03.10.2019 12:00:00,41.0,69.0,29.5,0,0.34,0,1.5,3.7,5.2,59.0,0,76.0,3.1,0,30.0,34.0,2.9,2.6,274,12,3,10
03.10.2019 13:00:00,37.0,64.0,29.4,0,0.32,0,1.7,3.9,5.6,57.0,0,76.0,2.2,0,11.0,340.0,3.2,2.8,274,13,3,10
03.10.2019 14:00:00,29.0,64.0,28.2,0,0.25,0,1.6,4.2,5.8,42.0,0,83.0,3.3,0,43.0,52.0,3.5,2.4,274,14,3,10
03.10.2019 15:00:00,30.0,71.0,27.5,0,0.25,0,1.7,5.6,7.3,38.0,0,84.0,4.4,0,55.0,47.0,2.7,3.0,274,15,3,10
03.10.2019 16:00:00,28.0,79.0,27.7,0,0.29,0,1.4,6.0,7.4,49.0,0,86.0,4.5,0,53.0,46.0,2.2,2.1,274,16,3,10
03.10.2019 17:00:00,29.0,68.0,27.7,0,0.29,0,1.3,5.8,7.1,47.0,0,85.0,3.2,0,75.0,160.0,0.8,1.0,274,17,3,10
03.10.2019 18:00:00,31.0,45.0,27.3,0,0.37,0,1.6,10.0,12.0,42.0,0,85.0,2.4,0,201.0,207.0,2.3,1.0,274,18,3,10
03.10.2019 19:00:00,34.0,32.0,26.3,0,0.35,0,1.5,6.8,8.3,48.0,0,89.0,1.9,0,204.0,203.0,3.1,2.8,274,19,3,10
03.10.2019 20:00:00,40.0,28.0,25.6,0,0.37,0,1.6,5.7,7.3,47.0,0,90.0,2.1,0,209.0,210.0,3.3,3.2,274,20,3,10
03.10.2019 21:00:00,40.0,35.0,25.2,0,0.36,0,1.3,3.6,4.9,47.0,0,89.0,2.2,0,207.0,210.0,3.6,3.6,274,21,3,10
03.10.2019 22:00:00,37.0,31.0,24.7,0,0.33,0,1.2,2.4,3.6,44.0,0,89.0,2.1,0,209.0,206.0,3.5,3.5,274,22,3,10
03.10.2019 23:00:00,34.0,25.0,24.2,0,0.28,0,1.3,2.0,3.3,41.0,0,89.0,1.9,0,213.0,215.0,3.4,3.4,274,23,3,10
03.10.2019 24:00:00,28.0,23.0,23.7,0,0.24,0,1.3,1.1,2.4,38.0,0,89.0,1.6,0,212.0,212.0,4.3,3.9,274,24,3,10
04.10.2019 01:00:00,20.0,24.0,23.5,0,0.22,0,1.4,0.7,2.1,25.0,0,88.0,1.8,0,209.0,209.0,4.2,4.1,275,1,4,10
04.10.2019 02:00:00,21.0,24.0,23.5,0,0.21,0,-0.1,1.8,1.7,26.0,0,88.0,2.2,0,211.0,214.0,4.5,4.0,275,2,4,10
04.10.2019 03:00:00,19.0,27.0,24.1,0,0.19,0,0.1,1.5,1.6,28.0,0,87.0,2.2,0,210.0,233.0,2.1,4.2,275,3,4,10
04.10.2019 04:00:00,18.0,22.0,23.9,0,0.2,0,0.1,2.1,2.2,27.0,0,88.0,2.4,0,187.0,208.0,2.0,1.7,275,4,4,10
04.10.2019 05:00:00,19.0,22.0,23.4,0,0.22,0,0.1,2.7,2.8,29.0,0,89.0,2.4,0,210.0,211.0,2.8,2.7,275,5,4,10
04.10.2019 06:00:00,20.0,23.0,23.2,0,0.23,0,-0.1,2.6,2.5,24.0,0,88.0,2.5,0,215.0,211.0,4.2,3.4,275,6,4,10
04.10.2019 07:00:00,24.0,22.0,23.6,0,0.34,0,0.7,4.5,5.2,33.0,0,88.0,2.7,0,211.0,211.0,3.5,4.1,275,7,4,10
04.10.2019 08:00:00,31.0,22.0,25.4,0,0.47,0,3.3,9.1,12.0,41.0,0,84.0,2.9,0,203.0,113.0,1.1,2.4,275,8,4,10
04.10.2019 09:00:00,30.0,21.0,26.8,0,0.45,0,9.8,19.0,29.0,53.0,0,81.0,6.2,0,7.7,18.0,2.4,1.8,275,9,4,10
04.10.2019 10:00:00,34.0,28.0,28.0,0,0.49,0,12.0,26.0,38.0,66.0,0,76.0,11.0,0,33.0,35.0,1.7,1.6,275,10,4,10
04.10.2019 11:00:00,16.0,37.0,28.4,0,0.22,0,3.2,9.3,12.0,35.0,0,79.0,4.7,0,28.0,44.0,2.6,1.9,275,11,4,10
04.10.2019 12:00:00,9.0,38.0,28.3,0,0.0,0,2.13,7.111,10.502,13.0,0,79.0,2.484,0,48.0,45.0,2.5,2.8,275,12,4,10
04.10.2019 13:00:00,6.0,33.027,28.4,0,0.13,0,1.1,3.5,4.6,18.0,0,78.0,2.8,0,48.0,35.0,2.3,2.7,275,13,4,10
04.10.2019 14:00:00,8.0,42.0,28.3,0,0.12,0,0.9,3.3,4.2,13.0,0,79.0,4.6,0,47.0,46.0,2.9,3.0,275,14,4,10
04.10.2019 15:00:00,19.028,40.0,28.1,0,0.0,0,2.144,7.18,10.603,31.139,0,79.0,2.488,0,48.0,46.0,3.0,2.9,275,15,4,10
04.10.2019 16:00:00,11.0,33.261,28.3,0,0.0,0,2.149,7.203,10.637,25.0,0,78.0,2.487,0,20.0,28.0,2.1,1.9,275,16,4,10
04.10.2019 17:00:00,10.0,33.245,28.0,0,0.15,0,0.8,5.4,6.1,20.0,0,77.0,2.2,0,48.0,118.0,3.0,1.8,275,17,4,10
04.10.2019 18:00:00,12.0,28.0,27.4,0,0.19,0,0.2,7.9,8.1,16.0,0,79.0,2.1,0,126.0,193.0,1.8,1.5,275,18,4,10
04.10.2019 19:00:00,15.0,16.0,26.1,0,0.24,0,1.3,9.1,10.0,20.0,0,85.0,2.1,0,198.0,207.0,3.1,2.2,275,19,4,10
04.10.2019 20:00:00,16.0,12.0,24.8,0,0.22,0,1.6,7.3,8.9,20.0,0,88.0,2.8,0,205.0,210.0,3.1,2.7,275,20,4,10
04.10.2019 21:00:00,10.0,13.0,24.3,0,0.2,0,0.7,6.3,7.0,16.0,0,88.0,2.7,0,206.0,202.0,3.3,3.5,275,21,4,10
04.10.2019 22:00:00,9.0,16.0,24.1,0,0.17,0,1.0,4.8,5.8,10.0,0,87.0,2.4,0,206.0,205.0,4.0,3.7,275,22,4,10
04.10.2019 23:00:00,7.0,17.0,23.9,0,0.16,0,0.4,3.8,4.2,13.0,0,87.0,2.4,0,203.0,203.0,3.4,3.5,275,23,4,10
04.10.2019 24:00:00,10.0,20.0,23.7,0,0.13,0,0.0,2.5,2.5,16.0,0,85.0,2.6,0,210.0,212.0,4.3,3.8,275,24,4,10
05.10.2019 01:00:00,10.0,20.0,23.2,0,0.13,0,0.1,1.9,2.0,17.0,0,86.0,2.7,0,209.0,210.0,4.6,4.2,276,1,5,10
05.10.2019 02:00:00,7.0,21.0,23.2,0,0.12,0,0.1,1.1,1.2,15.0,0,85.0,1.6,0,206.0,202.0,3.6,3.9,276,2,5,10
05.10.2019 03:00:00,5.0,22.0,23.1,0,0.13,0,0.2,1.3,1.5,15.0,0,84.0,1.6,0,212.0,211.0,3.7,3.5,276,3,5,10
05.10.2019 04:00:00,8.0,19.0,22.6,0,0.13,0,0.2,1.3,1.5,15.0,0,86.0,1.4,0,210.0,217.0,3.9,3.7,276,4,5,10
05.10.2019 05:00:00,7.0,21.0,22.6,0,0.13,0,-0.1,1.4,1.3,10.0,0,87.0,1.6,0,213.0,211.0,4.5,4.1,276,5,5,10
05.10.2019 06:00:00,8.0,19.0,22.8,0,0.14,0,0.1,2.0,2.0,13.0,0,87.0,1.6,0,203.0,204.0,4.1,3.7,276,6,5,10
05.10.2019 07:00:00,12.0,15.0,23.2,0,0.19,0,2.0,4.2,6.2,15.0,0,89.0,1.7,0,200.0,173.0,2.9,3.6,276,7,5,10
05.10.2019 08:00:00,10.0,13.0,25.1,0,0.27,0,4.9,6.7,12.0,14.0,0,86.0,2.0,0,173.0,198.0,1.0,2.0,276,8,5,10
05.10.2019 09:00:00,12.0,29.0,27.8,0,0.2,0,3.5,7.1,11.0,24.0,0,76.0,2.9,0,49.0,53.0,2.2,1.6,276,9,5,10
05.10.2019 10:00:00,11.0,37.0,28.2,0,0.14,0,1.3,3.8,5.1,23.0,0,76.0,2.1,0,59.0,75.0,4.2,3.5,276,10,5,10
05.10.2019 11:00:00,10.0,40.0,28.2,0,0.14,0,1.1,3.5,4.6,18.0,0,78.0,2.1,0,81.0,94.0,3.5,3.0,276,11,5,10
05.10.2019 12:00:00,10.0,41.0,28.8,0,0.13,0,1.1,2.9,4.1,20.0,0,75.0,1.7,0,87.0,92.0,3.9,3.5,276,12,5,10
05.10.2019 13:00:00,11.0,38.0,28.5,0,0.13,0,1.4,3.2,4.5,24.0,0,78.0,1.9,0,74.0,90.0,3.9,3.5,276,13,5,10
05.10.2019 14:00:00,13.0,41.0,28.4,0,0.13,0,1.1,2.8,3.9,22.0,0,79.0,2.1,0,68.0,64.0,5.4,4.2,276,14,5,10
05.10.2019 15:00:00,11.0,36.0,28.3,0,0.13,0,1.4,3.6,4.9,25.0,0,79.0,1.9,0,67.0,66.0,4.7,4.2,276,15,5,10
05.10.2019 16:00:00,10.0,30.0,28.1,0,0.12,0,1.3,3.9,5.3,24.0,0,81.0,1.4,0,65.0,61.0,3.7,3.2,276,16,5,10
05.10.2019 17:00:00,10.0,29.0,27.5,0,0.13,0,1.3,5.6,6.9,23.0,0,83.0,2.1,0,64.0,65.0,2.8,2.8,276,17,5,10
05.10.2019 18:00:00,12.0,32.0,27.1,0,0.15,0,0.9,4.2,5.1,22.0,0,83.0,1.2,0,65.0,60.0,2.2,2.5,276,18,5,10
05.10.2019 19:00:00,13.0,29.0,26.9,0,0.15,0,0.3,4.7,4.9,20.0,0,84.0,1.3,0,59.0,66.0,1.5,0.9,276,19,5,10
05.10.2019 20:00:00,10.0,31.0,26.8,0,0.14,0,0.3,4.2,4.5,22.0,0,84.0,1.9,0,51.0,47.0,2.1,1.5,276,20,5,10
05.10.2019 21:00:00,8.0,29.0,26.7,0,0.14,0,0.5,5.7,6.2,18.0,0,85.0,2.1,0,69.0,67.0,1.8,1.2,276,21,5,10
05.10.2019 22:00:00,13.0,28.0,26.6,0,0.14,0,0.1,6.4,6.6,17.0,0,87.0,2.1,0,64.0,35.0,1.8,0.9,276,22,5,10
05.10.2019 23:00:00,12.0,29.0,26.5,0,0.14,0,0.5,5.1,5.7,22.0,0,88.0,2.9,0,49.0,33.0,2.4,1.0,276,23,5,10
05.10.2019 24:00:00,13.0,36.0,26.4,0,0.15,0,0.1,4.0,4.2,31.0,0,87.0,3.0,0,52.0,70.0,1.7,2.0,276,24,5,10
06.10.2019 01:00:00,21.0,39.0,26.4,0,0.16,0,0.3,3.3,3.6,36.0,0,86.0,1.8,0,52.0,32.0,2.1,1.3,277,1,6,10
06.10.2019 02:00:00,12.0,38.0,26.3,0,0.17,0,0.0,5.8,5.8,33.0,0,87.0,2.0,0,31.0,19.0,1.6,1.3,277,2,6,10
06.10.2019 03:00:00,20.0,42.0,26.2,0,0.17,0,-0.1,4.3,4.1,34.0,0,86.0,2.4,0,48.0,53.0,2.8,1.9,277,3,6,10
06.10.2019 04:00:00,14.0,43.0,26.6,0,0.17,0,-0.3,3.5,3.3,37.0,0,83.0,1.7,0,56.0,47.0,1.6,2.5,277,4,6,10
06.10.2019 05:00:00,16.0,46.0,26.6,0,0.18,0,-0.1,2.5,2.4,32.0,0,81.0,0.9,0,56.0,60.0,4.3,3.8,277,5,6,10
06.10.2019 06:00:00,15.0,47.0,26.5,0,0.18,0,0.1,3.4,3.4,35.0,0,81.0,1.2,0,68.0,64.0,2.6,2.4,277,6,6,10
06.10.2019 07:00:00,17.0,45.0,26.5,0,0.2,0,0.3,5.0,5.3,33.0,0,83.0,0.7,0,56.0,55.0,3.5,2.1,277,7,6,10
06.10.2019 08:00:00,17.0,46.0,27.0,0,0.19,0,0.6,4.3,4.9,34.0,0,81.0,1.3,0,61.0,66.0,4.4,4.0,277,8,6,10
06.10.2019 09:00:00,17.0,47.0,27.3,0,0.19,0,0.7,4.1,4.8,34.0,0,82.0,0.6,0,59.0,53.0,4.3,3.4,277,9,6,10
06.10.2019 10:00:00,16.0,49.0,27.7,0,0.2,0,0.6,3.5,4.1,40.0,0,79.0,0.5,0,59.0,61.0,4.1,3.8,277,10,6,10
06.10.2019 11:00:00,18.0,48.0,27.9,0,0.2,0,1.0,4.1,5.1,38.0,0,77.0,0.5,0,60.0,52.0,4.4,4.1,277,11,6,10
06.10.2019 12:00:00,15.0,47.0,28.1,0,0.2,0,1.1,2.9,3.9,36.0,0,76.0,0.7,0,63.0,66.0,4.4,4.1,277,12,6,10
06.10.2019 13:00:00,18.0,47.0,28.3,0,0.19,0,0.9,3.0,4.0,38.0,0,75.0,0.5,0,62.0,63.0,4.5,4.1,277,13,6,10
06.10.2019 14:00:00,18.0,47.0,28.3,0,0.0,0,1.0,3.9,4.9,39.0,0,74.0,0.6,0,59.0,59.0,4.9,4.4,277,14,6,10
06.10.2019 15:00:00,20.0,43.0,28.1,0,0.2,0,1.4,5.1,6.4,49.0,0,74.0,0.5,0,62.0,54.0,4.3,4.2,277,15,6,10
06.10.2019 16:00:00,17.0,43.0,27.8,0,0.2,0,1.4,5.7,7.1,40.0,0,74.0,0.4,0,67.0,59.0,3.4,3.8,277,16,6,10
06.10.2019 17:00:00,16.0,43.0,27.3,0,0.21,0,0.8,6.1,6.9,43.0,0,81.0,0.9,0,54.0,54.0,6.5,4.6,277,17,6,10
06.10.2019 18:00:00,14.0,50.0,26.7,0,0.21,0,0.3,3.5,3.8,27.0,0,85.0,1.3,0,52.0,53.0,5.9,6.2,277,18,6,10
06.10.2019 19:00:00,16.0,44.0,26.7,0,0.2,0,0.2,6.1,6.3,40.0,0,84.0,1.0,0,61.0,70.0,3.2,3.5,277,19,6,10
06.10.2019 20:00:00,15.0,44.0,26.7,0,0.19,0,0.2,6.1,6.3,46.0,0,83.0,0.6,0,59.0,71.0,3.9,4.1,277,20,6,10
06.10.2019 21:00:00,11.0,48.0,26.8,0,0.2,0,0.2,2.9,3.1,32.0,0,81.0,0.8,0,71.0,75.0,2.9,3.1,277,21,6,10
06.10.2019 22:00:00,17.0,48.0,26.7,0,0.2,0,0.3,2.6,2.9,26.0,0,83.0,0.7,0,81.0,80.0,2.3,1.7,277,22,6,10
06.10.2019 23:00:00,17.0,46.0,26.7,0,0.2,0,0.2,3.7,3.9,31.0,0,84.0,0.7,0,98.0,72.0,2.3,1.1,277,23,6,10
06.10.2019 24:00:00,17.0,48.0,26.5,0,0.21,0,0.0,2.4,2.5,27.0,0,87.0,0.9,0,73.0,62.0,3.9,2.4,277,24,6,10
07.10.2019 01:00:00,16.0,46.0,26.3,0,0.19,0,0.0,3.5,3.5,39.0,0,87.0,1.0,0,62.0,74.0,4.7,3.7,278,1,0,10
07.10.2019 02:00:00,16.0,47.0,26.0,0,0.16,0,0.7,2.1,2.8,26.0,0,86.0,1.3,0,93.0,107.0,3.0,2.1,278,2,0,10
07.10.2019 03:00:00,14.0,48.0,26.0,0,0.17,0,0.7,1.4,2.0,25.0,0,87.0,1.1,0,94.0,75.0,1.8,1.1,278,3,0,10
07.10.2019 04:00:00,12.0,48.0,26.0,0,0.17,0,0.8,1.5,2.3,28.0,0,88.0,1.1,0,73.0,80.0,1.6,1.8,278,4,0,10
07.10.2019 05:00:00,14.0,44.0,26.1,0,0.16,0,0.8,1.7,2.5,23.0,0.2,86.0,1.4,0,130.0,153.0,1.2,1.5,278,5,0,10
07.10.2019 06:00:00,14.0,36.0,25.8,0,0.18,0,0.7,3.7,4.4,21.0,0.2,89.0,1.8,0,155.0,45.0,1.3,0.3,278,6,0,10
07.10.2019 07:00:00,12.0,42.0,25.7,0,0.2,0,0.8,4.7,5.5,17.0,0.2,90.0,1.5,0,89.0,178.0,0.5,1.1,278,7,0,10
07.10.2019 08:00:00,14.0,31.0,26.1,0,0.27,0,2.1,11.0,13.0,24.0,0,89.0,2.6,0,1.5,12.0,1.1,0.3,278,8,0,10
07.10.2019 09:00:00,12.0,38.0,26.9,0,0.2,0,2.8,8.5,11.0,34.0,0,82.0,1.9,0,57.0,72.0,2.8,1.6,278,9,0,10
07.10.2019 10:00:00,16.0,43.0,27.5,0,0.16,0,1.9,4.8,6.7,36.0,0,79.0,1.8,0,58.0,49.0,4.6,3.2,278,10,0,10
07.10.2019 11:00:00,14.0,46.0,28.3,0,0.16,0,1.6,2.8,4.4,33.0,0,74.0,2.0,0,60.0,54.0,5.2,3.9,278,11,0,10
07.10.2019 12:00:00,12.0,48.0,28.3,0,0.16,0,1.3,2.2,3.5,35.0,0,75.0,1.9,0,69.0,69.0,4.3,4.2,278,12,0,10
07.10.2019 13:00:00,16.0,51.0,28.3,0,0.16,0,1.3,2.7,4.0,31.0,0,74.0,2.3,0,68.0,67.0,4.3,4.0,278,13,0,10
07.10.2019 14:00:00,16.0,51.0,28.3,0,0.16,0,1.3,3.2,4.5,38.0,0,75.0,2.3,0,57.0,51.0,5.2,4.2,278,14,0,10
07.10.2019 15:00:00,16.0,47.0,28.2,0,0.16,0,1.3,3.3,4.6,36.0,0,78.0,2.2,0,47.0,48.0,3.9,4.0,278,15,0,10
07.10.2019 16:00:00,13.0,44.0,27.7,0,0.17,0,1.2,3.7,4.9,34.0,0,81.0,1.2,0,49.0,50.0,4.6,4.3,278,16,0,10
07.10.2019 17:00:00,13.0,44.0,27.2,0,0.19,0,0.9,3.0,3.8,31.0,0,83.0,1.0,0,49.0,51.0,5.1,4.5,278,17,0,10
07.10.2019 18:00:00,16.0,42.0,27.0,0,0.19,0,1.0,7.6,8.6,37.0,0,83.0,4.4,0,51.0,50.0,4.8,4.2,278,18,0,10
07.10.2019 19:00:00,16.0,42.0,26.8,0,0.18,0,0.8,7.3,8.1,34.0,0,84.0,2.8,0,51.0,49.0,4.7,4.1,278,19,0,10
07.10.2019 20:00:00,16.0,42.0,26.7,0,0.18,0,0.8,6.6,7.4,37.0,0,84.0,2.1,0,53.0,64.0,2.9,3.3,278,20,0,10
07.10.2019 21:00:00,17.0,45.0,26.5,0,0.18,0,0.9,4.1,5.0,38.0,0,84.0,1.8,0,54.0,52.0,5.3,3.9,278,21,0,10
07.10.2019 22:00:00,12.0,48.0,26.4,0,0.17,0,0.5,2.3,2.8,33.0,0,85.0,1.3,0,49.0,51.0,4.8,4.9,278,22,0,10
07.10.2019 23:00:00,14.0,47.0,26.3,0,0.16,0,0.4,2.6,3.0,33.0,0,86.0,2.2,0,49.0,50.0,5.3,5.2,278,23,0,10
07.10.2019 24:00:00,13.0,48.0,26.2,0,0.17,0,0.7,2.4,3.1,42.0,0,86.0,1.9,0,51.0,51.0,3.2,3.9,278,24,0,10
08.10.2019 01:00:00,14.0,47.0,26.2,0,0.17,0,0.7,2.7,3.4,47.0,0,86.0,3.0,0,50.0,52.0,2.8,3.2,279,1,1,10
08.10.2019 02:00:00,11.0,47.0,26.1,0,0.17,0,0.1,2.6,2.6,48.0,0,86.0,4.0,0,49.0,51.0,3.6,3.3,279,2,1,10
08.10.2019 03:00:00,17.0,44.0,26.0,0,0.18,0,0.4,7.4,7.8,39.0,0,87.0,5.6,0,50.0,51.0,5.4,4.8,279,3,1,10
08.10.2019 04:00:00,15.0,44.0,25.9,0,0.18,0,0.7,8.1,8.8,37.0,0,86.0,3.2,0,49.0,49.0,5.4,5.6,279,4,1,10
08.10.2019 05:00:00,13.0,45.0,25.9,0,0.18,0,0.4,6.8,7.2,31.0,0,85.0,3.8,0,51.0,51.0,5.3,5.3,279,5,1,10
08.10.2019 06:00:00,12.0,49.0,26.0,0,0.19,0,0.5,4.7,5.1,35.0,0,82.0,4.3,0,55.0,66.0,3.7,4.7,279,6,1,10
08.10.2019 07:00:00,11.0,54.0,26.1,0,0.22,0,0.6,4.7,5.3,35.0,0,79.0,2.3,0,62.0,56.0,4.8,3.6,279,7,1,10
08.10.2019 08:00:00,16.0,55.0,26.2,0,0.21,0,0.4,5.1,5.6,37.0,0,79.0,3.3,0,56.0,52.0,5.6,4.8,279,8,1,10
08.10.2019 09:00:00,15.0,55.0,26.3,0,0.19,0,0.5,5.4,5.9,34.0,0,78.0,4.4,0,54.0,54.0,5.5,5.6,279,9,1,10
08.10.2019 10:00:00,11.0,57.0,26.5,0,0.19,0,0.5,3.7,4.2,36.0,0,76.0,4.2,0,51.0,49.0,5.3,5.5,279,10,1,10
08.10.2019 11:00:00,14.292,55.0,26.7,0,0.18,0,0.7,2.8,3.5,32.111,0,77.0,2.1,0,48.0,47.0,6.1,5.8,279,11,1,10
08.10.2019 12:00:00,8.0,57.0,26.8,0,0.18,0,0.5,1.6,2.1,34.0,0,75.0,1.8,0,49.0,49.0,6.1,6.7,279,12,1,10
08.10.2019 13:00:00,4.0,58.0,26.7,0,0.17,0,0.3,1.4,1.7,32.0,0,75.0,1.8,0,49.0,49.0,7.5,6.8,279,13,1,10
08.10.2019 14:00:00,5.0,60.0,26.7,0,0.17,0,0.4,1.6,2.1,35.0,0,75.0,1.8,0,49.0,49.0,5.9,6.5,279,14,1,10
08.10.2019 15:00:00,11.0,56.0,26.9,0,0.19,0,0.8,3.2,4.0,41.0,0,74.0,3.2,0,51.0,52.0,5.3,5.8,279,15,1,10
08.10.2019 16:00:00,11.0,58.0,27.1,0,0.21,0,0.9,3.8,4.7,38.0,0,74.0,2.7,0,52.0,53.0,4.7,5.0,279,16,1,10
08.10.2019 17:00:00,13.0,52.0,26.8,0,0.23,0,0.9,5.2,6.2,41.0,0,77.0,1.6,0,57.0,59.0,2.8,3.6,279,17,1,10
08.10.2019 18:00:00,13.0,52.0,26.7,0,0.25,0,0.5,6.8,7.3,48.0,0,79.0,2.0,0,54.0,53.0,4.8,4.0,279,18,1,10
08.10.2019 19:00:00,16.0,56.0,26.5,0,0.25,0,0.6,5.9,6.6,43.0,0,81.0,2.5,0,58.0,55.0,3.1,3.2,279,19,1,10
08.10.2019 20:00:00,21.0,58.0,26.5,0,0.25,0,0.3,5.7,6.0,57.0,0,82.0,2.8,0,57.0,54.0,2.3,2.8,279,20,1,10
08.10.2019 21:00:00,24.0,63.0,26.5,0,0.25,0,0.2,4.6,4.8,48.0,0,82.0,2.3,0,52.0,51.0,5.9,4.9,279,21,1,10
08.10.2019 22:00:00,21.0,66.0,26.5,0,0.25,0,0.5,2.1,2.6,44.0,0,82.0,2.2,0,49.0,50.0,6.7,6.8,279,22,1,10
08.10.2019 23:00:00,24.0,66.0,26.3,0,0.32,0,0.2,3.2,3.4,52.0,0,85.0,2.1,0,46.0,44.0,5.8,6.3,279,23,1,10
08.10.2019 24:00:00,24.0,66.0,26.1,0,0.33,0,0.5,3.3,3.9,64.0,0,84.0,2.4,0,43.0,42.0,5.7,5.0,279,24,1,10
09.10.2019 01:00:00,22.0,65.0,26.0,0,0.32,0,0.2,3.4,3.6,67.0,0,83.0,2.1,0,45.0,40.0,4.9,5.4,280,1,2,10
09.10.2019 02:00:00,24.0,65.0,26.1,0,0.3,0,0.7,1.9,2.6,74.0,0,82.0,2.9,0,43.0,36.0,3.2,4.1,280,2,2,10
09.10.2019 03:00:00,23.0,62.0,26.0,0,0.31,0,0.8,2.1,2.8,82.0,0,85.0,2.9,0,33.0,24.0,3.7,3.1,280,3,2,10
09.10.2019 04:00:00,21.0,59.0,25.8,0,0.32,0,0.7,2.4,3.1,80.0,0,86.0,2.9,0,34.0,29.0,3.5,3.2,280,4,2,10
09.10.2019 05:00:00,18.0,58.0,25.8,0,0.3,0,0.7,2.4,3.1,71.0,0,85.0,2.8,0,37.0,32.0,3.1,3.3,280,5,2,10
09.10.2019 06:00:00,21.0,56.0,25.8,0,0.29,0,0.9,2.6,3.5,64.0,0,84.0,2.7,0,31.0,26.0,4.0,3.5,280,6,2,10
09.10.2019 07:00:00,15.0,54.0,25.9,0,0.29,0,1.3,5.7,7.0,60.0,0,83.0,3.3,0,33.0,47.0,5.3,4.0,280,7,2,10
09.10.2019 08:00:00,14.0,57.0,26.4,0,0.28,0,1.3,5.3,6.6,46.0,0,81.0,2.8,0,47.0,49.0,5.4,5.0,280,8,2,10
09.10.2019 09:00:00,13.0,59.0,26.6,0,0.26,0,1.1,2.4,3.6,36.0,0,79.0,2.8,0,51.0,52.0,5.0,5.3,280,9,2,10
09.10.2019 10:00:00,26.0,60.0,26.8,0,0.22,0,1.5,2.1,3.5,42.0,0,78.0,2.6,0,49.0,50.0,5.8,6.2,280,10,2,10
09.10.2019 11:00:00,12.0,61.0,26.9,0,0.21,0,0.6,1.5,2.0,41.0,0,77.0,2.0,0,49.0,49.0,7.5,6.8,280,11,2,10
09.10.2019 12:00:00,10.0,61.0,26.7,0,0.22,0,1.0,1.8,2.8,43.0,0,76.0,1.9,0,47.0,45.0,6.2,6.4,280,12,2,10
09.10.2019 13:00:00,11.0,63.0,26.5,0,0.27,0,0.8,1.7,2.5,44.0,0,76.0,1.8,0,46.0,42.0,4.3,5.4,280,13,2,10
09.10.2019 14:00:00,13.0,61.0,26.3,0,0.24,0,1.0,2.7,3.7,62.0,0,78.0,2.1,0,43.0,43.0,4.9,5.1,280,14,2,10
09.10.2019 15:00:00,14.0,61.0,26.3,0,0.23,0,1.1,2.9,4.0,54.0,0,76.0,2.5,0,45.0,46.0,5.7,5.8,280,15,2,10
09.10.2019 16:00:00,14.0,57.0,26.4,0,0.24,0,1.5,5.5,7.1,51.0,0,76.0,3.0,0,49.0,47.0,4.6,4.8,280,16,2,10
09.10.2019 17:00:00,13.0,59.0,26.1,0,0.25,0,1.2,3.4,4.6,47.0,0,76.0,2.8,0,49.0,46.0,5.8,5.2,280,17,2,10
09.10.2019 18:00:00,15.0,60.0,25.9,0,0.24,0,1.1,4.4,5.5,43.0,0,74.0,2.6,0,47.0,47.0,4.5,5.3,280,18,2,10
09.10.2019 19:00:00,14.0,53.0,25.8,0,0.22,0,1.3,10.0,11.0,44.0,0,75.0,3.0,0,48.0,50.0,5.3,4.8,280,19,2,10
09.10.2019 20:00:00,13.0,61.0,25.7,0,0.2,0,1.1,2.1,3.2,42.0,0,76.0,2.5,0,49.0,49.0,6.1,5.4,280,20,2,10
09.10.2019 21:00:00,13.0,61.0,25.7,0,0.2,0,0.9,1.5,2.4,38.0,0,74.0,2.6,0,47.0,46.0,5.4,5.2,280,21,2,10
09.10.2019 22:00:00,14.0,60.0,25.6,0,0.19,0,0.8,1.6,2.4,38.0,0,74.0,2.7,0,47.0,50.0,5.6,5.6,280,22,2,10
09.10.2019 23:00:00,12.0,61.0,25.5,0,0.19,0,0.6,0.9,1.6,42.0,0,73.0,2.6,0,48.0,49.0,3.5,4.2,280,23,2,10
09.10.2019 24:00:00,13.0,62.0,25.4,0,0.22,0,0.6,2.5,3.2,49.0,0,75.0,2.8,0,44.0,36.0,3.7,4.1,280,24,2,10
10.10.2019 01:00:00,16.0,64.0,25.3,0,0.24,0,0.6,2.1,2.6,62.0,0,73.0,2.6,0,32.0,44.0,3.4,2.8,281,1,3,10
10.10.2019 02:00:00,15.0,60.0,25.0,0,0.23,0,0.3,1.4,1.8,46.0,0,74.0,2.1,0,49.0,54.0,2.5,3.1,281,2,3,10
10.10.2019 03:00:00,15.0,43.0,23.3,0,0.24,0,0.1,1.9,2.0,25.0,0,83.0,2.2,0,199.0,202.0,1.5,1.1,281,3,3,10
10.10.2019 04:00:00,16.0,42.0,23.3,0,0.23,0,0.1,1.4,1.5,39.0,0,84.0,2.2,0,158.0,209.0,1.8,0.5,281,4,3,10
10.10.2019 05:00:00,11.0,33.0,22.4,0,0.23,0,0.2,1.5,1.7,26.0,0,88.0,1.9,0,202.0,200.0,2.2,2.0,281,5,3,10
10.10.2019 06:00:00,12.0,28.0,22.2,0,0.23,0,0.5,2.7,3.1,23.0,0,89.0,2.1,0,201.0,204.0,2.8,2.1,281,6,3,10
10.10.2019 07:00:00,12.0,26.0,22.0,0,0.27,0,1.0,5.2,6.2,22.0,0,90.0,2.6,0,202.0,199.0,2.7,2.8,281,7,3,10
10.10.2019 08:00:00,11.0,33.0,23.7,0,0.28,0,1.8,6.9,8.7,22.0,0,82.0,3.0,0,191.0,33.0,1.3,0.9,281,8,3,10
10.10.2019 09:00:00,10.0,53.0,25.6,0,0.19,0,1.0,4.1,5.0,47.0,0,69.0,2.9,0,27.0,39.0,2.3,2.0,281,9,3,10
10.10.2019 10:00:00,7.0,57.0,26.2,0,0.19,0,0.9,3.0,3.9,36.0,0,65.0,2.2,0,38.0,38.0,2.6,2.1,281,10,3,10
10.10.2019 11:00:00,10.0,59.0,26.7,0,0.21,0,1.0,4.0,4.9,40.0,0,63.0,1.6,0,31.0,30.0,2.8,2.5,281,11,3,10
10.10.2019 12:00:00,11.0,61.0,26.8,0,0.21,0,1.1,4.1,5.2,40.0,0,63.0,1.6,0,26.0,28.0,2.6,2.6,281,12,3,10
10.10.2019 13:00:00,8.0,62.0,26.7,0,0.2,0,0.8,2.1,3.0,40.0,0,63.0,2.0,0,46.0,46.0,3.1,2.8,281,13,3,10
10.10.2019 14:00:00,9.0,64.0,26.5,0,0.19,0,0.6,2.3,2.8,33.0,0,64.0,1.7,0,48.0,47.0,2.9,2.8,281,14,3,10
10.10.2019 15:00:00,9.0,66.0,26.4,0,0.18,0,0.7,2.8,3.5,37.0,0,65.0,2.2,0,46.0,47.0,3.4,2.9,281,15,3,10
10.10.2019 16:00:00,11.0,60.0,26.1,0,0.2,0,0.7,3.0,3.7,42.0,0,66.0,1.5,0,46.0,43.0,2.4,2.4,281,16,3,10
10.10.2019 17:00:00,11.0,61.0,25.8,0,0.19,0,0.4,4.0,4.4,49.0,0,68.0,1.6,0,47.0,48.0,2.1,2.0,281,17,3,10
10.10.2019 18:00:00,11.0,44.0,25.0,0,0.31,0,1.0,14.0,15.0,61.0,0,72.0,1.7,0,39.0,205.0,1.9,0.3,281,18,3,10
10.10.2019 19:00:00,13.0,29.0,23.1,0,0.28,0,0.8,9.1,9.9,22.0,0,84.0,2.3,0,207.0,209.0,3.3,2.8,281,19,3,10
10.10.2019 20:00:00,18.0,24.0,22.1,0,0.28,0,0.7,7.1,7.7,19.0,0,87.0,2.4,0,212.0,212.0,3.4,3.0,281,20,3,10
10.10.2019 21:00:00,15.0,28.0,21.6,0,0.27,0,0.6,4.9,5.4,21.0,0,87.0,2.4,0,211.0,211.0,3.7,3.7,281,21,3,10
10.10.2019 22:00:00,13.0,31.0,21.4,0,0.23,0,0.7,3.7,4.3,18.0,0,88.0,2.3,0,210.0,210.0,4.1,3.7,281,22,3,10
10.10.2019 23:00:00,11.0,30.0,21.2,0,0.2,0,0.1,2.5,2.6,9.0,0,89.0,2.1,0,212.0,211.0,4.0,4.0,281,23,3,10
10.10.2019 24:00:00,11.0,30.0,21.1,0,0.19,0,0.2,1.7,1.9,13.0,0,90.0,2.2,0,209.0,212.0,3.8,3.8,281,24,3,10
11.10.2019 01:00:00,10.0,30.0,21.0,0,0.18,0,0.4,1.6,1.9,14.0,0,90.0,1.8,0,212.0,211.0,4.1,4.0,282,1,4,10
11.10.2019 02:00:00,11.0,30.0,20.8,0,0.18,0,0.3,0.7,1.1,11.0,0,90.0,0.6,0,212.0,213.0,3.5,3.7,282,2,4,10
11.10.2019 03:00:00,10.0,28.0,20.7,0,0.18,0,0.4,0.9,1.3,14.0,0,91.0,0.9,0,212.0,210.0,4.2,4.1,282,3,4,10
11.10.2019 04:00:00,7.0,27.0,20.7,0,0.18,0,0.4,0.7,1.1,13.0,0,91.0,0.8,0,210.0,212.0,3.6,4.0,282,4,4,10
11.10.2019 05:00:00,11.0,26.0,20.8,0,0.18,0,0.8,0.8,1.6,12.0,0,92.0,0.8,0,206.0,203.0,2.6,3.0,282,5,4,10
11.10.2019 06:00:00,7.0,28.0,21.2,0,0.19,0,0.5,1.3,1.8,15.0,0,91.0,1.0,0,205.0,210.0,2.0,2.2,282,6,4,10
11.10.2019 07:00:00,9.0,25.0,21.7,0,0.24,0,1.2,3.8,5.0,16.0,0,90.0,1.2,0,203.0,202.0,2.2,2.2,282,7,4,10
11.10.2019 08:00:00,10.0,31.0,23.5,0,0.27,0,2.8,7.4,10.0,17.0,0,84.0,1.5,0,214.0,328.0,1.5,0.7,282,8,4,10
11.10.2019 09:00:00,11.0,58.0,25.6,0,0.2,0,1.1,3.0,4.1,34.0,0,73.0,1.3,0,0.3,359.0,2.8,2.2,282,9,4,10
11.10.2019 10:00:00,11.0,59.0,26.0,0,0.21,0,1.3,4.7,6.0,35.0,0,71.0,1.4,0,16.0,22.0,3.7,3.0,282,10,4,10
11.10.2019 11:00:00,11.0,60.0,26.5,0,0.22,0,1.5,4.0,5.5,36.0,0,70.0,0.8,0,21.0,19.0,4.0,3.5,282,11,4,10
11.10.2019 12:00:00,10.0,64.0,26.7,0,0.23,0,1.3,3.6,4.9,50.0,0,69.0,0.6,0,21.0,20.0,3.5,3.5,282,12,4,10
11.10.2019 13:00:00,15.0,62.0,26.9,0,0.23,0,1.3,4.0,5.3,48.0,0,70.0,0.6,0,23.0,26.0,3.9,3.8,282,13,4,10
11.10.2019 14:00:00,13.0,58.0,27.0,0,0.24,0,1.4,4.9,6.4,59.0,0,69.0,0.2,0,27.0,33.0,3.2,3.1,282,14,4,10
11.10.2019 15:00:00,14.0,56.0,26.9,0,0.25,0,2.1,5.6,7.7,69.0,0,71.0,0.2,0,26.0,20.0,2.7,2.6,282,15,4,10
11.10.2019 16:00:00,14.0,58.0,26.6,0,0.22,0,1.3,3.9,5.2,74.0,0,72.0,0.1,0,46.0,49.0,2.7,2.5,282,16,4,10
11.10.2019 17:00:00,12.0,58.0,26.1,0,0.24,0,0.7,4.1,4.8,56.0,0,74.0,0.3,0,44.0,37.0,1.7,2.0,282,17,4,10
11.10.2019 18:00:00,17.0,46.0,25.7,0,0.33,0,1.3,12.0,13.0,101.0,0,77.0,0.2,0,30.0,26.0,0.8,1.3,282,18,4,10
11.10.2019 19:00:00,20.0,29.0,24.3,0,0.35,0,1.2,12.0,13.0,34.0,0,84.0,0.7,0,203.0,208.0,2.5,1.8,282,19,4,10
11.10.2019 20:00:00,21.0,24.0,23.0,0,0.27,0,1.0,6.3,7.3,20.0,0,89.0,1.0,0,209.0,209.0,3.4,3.0,282,20,4,10
11.10.2019 21:00:00,18.0,22.0,22.5,0,0.24,0,1.1,5.0,6.1,22.0,0,89.0,1.1,0,214.0,214.0,3.6,3.3,282,21,4,10
11.10.2019 22:00:00,16.0,26.0,22.2,0,0.21,0,1.0,2.9,3.8,17.0,0,88.0,1.0,0,215.0,210.0,3.3,3.3,282,22,4,10
11.10.2019 23:00:00,13.0,26.0,22.0,0,0.19,0,0.6,2.8,3.4,18.0,0,87.0,1.1,0,207.0,213.0,3.7,3.2,282,23,4,10
11.10.2019 24:00:00,11.0,24.0,21.4,0,0.17,0,0.6,1.7,2.3,14.0,0,87.0,0.9,0,210.0,212.0,4.6,4.2,282,24,4,10
12.10.2019 01:00:00,9.0,25.0,21.2,0,0.17,0,0.7,0.9,1.6,12.0,0,85.0,1.2,0,212.0,210.0,3.8,3.8,283,1,5,10
12.10.2019 02:00:00,12.0,27.0,21.1,0,0.17,0,0.2,1.0,1.2,11.0,0,87.0,1.6,0,210.0,212.0,4.1,4.3,283,2,5,10
12.10.2019 03:00:00,9.0,32.0,21.4,0,0.16,0,0.2,0.8,1.1,15.0,0,88.0,1.8,0,210.0,209.0,4.1,4.0,283,3,5,10
12.10.2019 04:00:00,12.0,32.0,21.6,0,0.16,0,0.3,0.9,1.2,15.0,0,90.0,1.8,0,211.0,213.0,3.2,3.7,283,4,5,10
12.10.2019 05:00:00,11.0,31.0,21.8,0,0.16,0,0.2,1.1,1.3,15.0,0,89.0,1.6,0,215.0,216.0,2.4,2.4,283,5,5,10
12.10.2019 06:00:00,9.0,29.0,22.1,0,0.18,0,0.2,1.6,1.8,16.0,0,88.0,1.8,0,210.0,205.0,2.1,2.1,283,6,5,10
12.10.2019 07:00:00,10.0,26.0,22.4,0,0.23,0,0.7,4.5,5.1,19.0,0,89.0,1.9,0,201.0,200.0,2.6,2.3,283,7,5,10
12.10.2019 08:00:00,15.0,23.0,23.6,0,0.3,0,2.1,7.6,9.7,11.0,0,87.0,2.4,0,198.0,182.0,0.8,1.6,283,8,5,10
12.10.2019 09:00:00,15.0,49.0,25.7,0,0.22,0,1.1,6.1,7.2,63.0,0,80.0,2.7,0,27.0,45.0,1.7,1.3,283,9,5,10
12.10.2019 10:00:00,15.0,59.0,26.4,0,0.22,0,0.7,4.9,5.7,84.0,0,77.0,2.2,0,42.0,22.0,1.7,1.5,283,10,5,10
12.10.2019 11:00:00,11.0,62.0,26.8,0,0.23,0,0.9,3.2,4.1,57.0,0,75.0,1.3,0,34.0,28.0,1.5,1.7,283,11,5,10
12.10.2019 12:00:00,17.0,68.0,26.6,0,0.3,0,0.5,4.9,5.4,53.0,0,76.0,1.5,0,31.0,46.0,1.6,1.5,283,12,5,10
12.10.2019 13:00:00,23.0,73.0,27.2,0,0.31,0,0.8,4.8,5.6,79.0,0,75.0,1.6,0,31.0,14.0,1.6,1.2,283,13,5,10
12.10.2019 14:00:00,25.0,75.0,27.3,0,0.33,0,0.7,5.3,6.0,90.0,0,75.0,1.4,0,35.0,37.0,2.4,1.7,283,14,5,10
12.10.2019 15:00:00,35.0,77.0,27.3,0,0.38,0,0.4,6.0,6.4,150.0,0,77.0,1.1,0,27.0,16.0,3.5,2.6,283,15,5,10
12.10.2019 16:00:00,36.0,76.0,26.9,0,0.39,0,0.3,7.1,7.4,147.0,0,78.0,1.4,0,19.0,20.0,2.9,3.0,283,16,5,10
12.10.2019 17:00:00,37.0,68.0,26.7,0,0.41,0,0.6,12.0,13.0,165.0,0,80.0,1.1,0,24.0,25.0,3.0,3.1,283,17,5,10
12.10.2019 18:00:00,31.0,65.0,26.4,0,0.4,0,0.8,11.0,12.0,123.0,0,82.0,1.6,0,32.0,43.0,3.2,2.9,283,18,5,10
12.10.2019 19:00:00,25.0,69.0,26.3,0,0.35,0,0.5,6.5,6.9,65.0,0,81.0,1.6,0,48.0,50.0,5.4,4.6,283,19,5,10
12.10.2019 20:00:00,24.0,71.0,26.2,0,0.36,0,0.1,4.1,4.2,65.0,0,82.0,1.7,0,45.0,38.0,3.0,4.1,283,20,5,10
12.10.2019 21:00:00,24.0,65.0,26.3,0,0.37,0,0.3,6.0,6.2,98.0,0,83.0,2.0,0,30.0,24.0,4.0,3.0,283,21,5,10
12.10.2019 22:00:00,26.0,66.0,26.2,0,0.35,0,0.4,5.3,5.6,89.0,0,83.0,1.9,0,23.0,31.0,1.7,3.1,283,22,5,10
12.10.2019 23:00:00,26.0,51.0,25.8,0,0.4,0,0.3,8.0,8.3,122.0,0,84.0,1.9,0,19.0,183.0,0.8,0.5,283,23,5,10
12.10.2019 24:00:00,22.0,51.0,25.3,0,0.36,0,0.4,6.2,6.6,66.0,0,86.0,2.0,0,25.0,24.0,3.0,1.1,283,24,5,10
13.10.2019 01:00:00,29.0,68.0,25.6,0,0.34,0,0.4,4.5,4.9,116.0,0,83.0,1.9,0,24.0,22.0,4.3,3.3,284,1,6,10
13.10.2019 02:00:00,21.0,69.0,25.5,0,0.32,0,0.2,3.3,3.4,125.0,0,81.0,1.6,0,22.0,20.0,4.9,4.1,284,2,6,10
13.10.2019 03:00:00,30.0,70.0,25.4,0,0.32,0,-0.1,2.9,2.7,120.0,0,80.0,1.7,0,23.0,22.0,5.2,4.2,284,3,6,10
13.10.2019 04:00:00,25.0,73.0,25.4,0,0.32,0,0.0,3.0,2.9,124.0,0,79.0,1.3,0,21.0,22.0,4.6,4.8,284,4,6,10
13.10.2019 05:00:00,24.0,74.0,25.5,0,0.31,0,0.3,2.7,3.0,102.0,0,78.0,1.4,0,22.0,22.0,5.6,5.4,284,5,6,10
13.10.2019 06:00:00,24.0,67.0,25.4,0,0.3,0,0.5,3.7,4.2,124.0,0,77.0,1.6,0,23.0,22.0,4.9,3.9,284,6,6,10
13.10.2019 07:00:00,23.0,67.0,25.4,0,0.29,0,0.6,4.0,4.6,96.0,0,75.0,1.5,0,23.0,20.0,4.2,4.6,284,7,6,10
13.10.2019 08:00:00,25.0,66.0,25.7,0,0.29,0,0.7,4.8,5.5,106.0,0,74.0,1.6,0,23.0,26.0,4.1,4.5,284,8,6,10
13.10.2019 09:00:00,23.0,66.0,25.9,0,0.3,0,0.5,4.7,5.2,113.0,0,75.0,1.4,0,22.0,20.0,5.1,4.2,284,9,6,10
13.10.2019 10:00:00,32.0,68.0,26.0,0,0.33,0,0.7,5.3,5.9,130.0,0,75.0,1.5,0,20.0,26.0,2.4,3.1,284,10,6,10
13.10.2019 11:00:00,26.0,68.0,26.6,0,0.32,0,0.7,5.2,5.9,109.0,0,72.0,1.0,0,34.0,44.0,2.7,2.7,284,11,6,10
13.10.2019 12:00:00,29.0,69.0,26.3,0,0.33,0,0.6,5.6,6.2,145.0,0,75.0,0.5,0,22.0,26.0,3.0,3.5,284,12,6,10
13.10.2019 13:00:00,23.0,72.0,25.8,0,0.31,0,0.7,4.2,4.9,120.0,0,78.0,0.6,0,46.0,51.0,4.2,3.9,284,13,6,10
13.10.2019 14:00:00,23.0,73.0,26.3,0,0.31,0,0.3,3.4,3.7,130.0,0,77.0,1.0,0,44.0,41.0,1.4,2.2,284,14,6,10
13.10.2019 15:00:00,31.0,71.0,26.3,0,0.32,0,0.7,5.5,6.2,178.0,0,75.0,0.7,0,16.0,18.0,2.1,1.5,284,15,6,10
13.10.2019 16:00:00,30.0,65.0,26.3,0,0.29,0,0.7,6.4,7.0,183.0,0,76.0,0.6,0,23.0,26.0,4.4,4.1,284,16,6,10
13.10.2019 17:00:00,25.0,54.0,26.0,0,0.25,0,0.7,5.4,6.1,161.0,0,77.0,0.8,0,25.0,27.0,4.4,4.1,284,17,6,10
13.10.2019 18:00:00,23.0,54.0,25.7,0,0.23,0,0.4,4.9,5.3,122.0,0,78.0,1.3,0,45.0,56.0,2.9,4.0,284,18,6,10
13.10.2019 19:00:00,21.0,54.0,25.4,0,0.19,0,0.4,3.4,3.8,105.0,0.6,80.0,1.4,0,41.0,51.0,5.0,4.3,284,19,6,10
13.10.2019 20:00:00,17.0,53.0,25.7,0,0.17,0,0.3,3.2,3.6,87.0,0,76.0,1.3,0,47.0,45.0,4.9,4.7,284,20,6,10
13.10.2019 21:00:00,17.0,51.0,25.8,0,0.18,0,0.2,3.8,3.9,109.0,0,73.0,1.2,0,43.0,44.0,4.4,4.1,284,21,6,10
13.10.2019 22:00:00,15.0,48.0,25.6,0,0.14,0,0.3,2.7,3.0,87.0,0,73.0,1.2,0,47.0,52.0,8.7,5.4,284,22,6,10
13.10.2019 23:00:00,17.0,46.0,25.3,0,0.14,0,0.2,1.9,2.1,89.0,0,76.0,1.2,0,46.0,27.0,4.6,5.1,284,23,6,10
13.10.2019 24:00:00,18.0,47.0,25.2,0,0.13,0,0.2,1.8,2.0,99.0,0,74.0,0.9,0,49.0,48.0,4.5,4.7,284,24,6,10
14.10.2019 01:00:00,15.0,47.0,25.4,0,0.13,0,0.2,1.7,1.9,108.0,0,72.0,1.6,0,44.0,44.0,6.1,5.7,285,1,0,10
14.10.2019 02:00:00,19.0,46.0,25.3,0,0.13,0,0.5,1.5,2.0,127.0,0,73.0,0.3,0,45.0,48.0,6.8,4.9,285,2,0,10
14.10.2019 03:00:00,17.0,46.0,25.3,0,0.14,0,0.8,1.2,2.0,133.0,0,73.0,0.3,0,40.0,37.0,4.5,4.5,285,3,0,10
14.10.2019 04:00:00,19.0,47.0,25.2,0,0.13,0,0.5,0.9,1.4,120.0,0,72.0,0.5,0,42.0,45.0,5.5,5.4,285,4,0,10
14.10.2019 05:00:00,16.0,49.0,25.1,0,0.14,0,0.5,1.2,1.6,113.0,0,71.0,0.3,0,38.0,41.0,5.1,4.7,285,5,0,10
14.10.2019 06:00:00,20.0,49.0,25.1,0,0.15,0,1.0,1.4,2.4,122.0,0,73.0,0.6,0,42.0,40.0,4.9,4.7,285,6,0,10
14.10.2019 07:00:00,18.0,48.0,25.2,0,0.15,0,1.2,2.9,4.1,99.0,0,72.0,0.4,0,43.0,43.0,4.2,5.3,285,7,0,10
14.10.2019 08:00:00,13.0,48.0,25.3,0,0.15,0,1.3,2.7,4.0,89.0,0,73.0,0.5,0,29.0,21.0,6.3,5.9,285,8,0,10
14.10.2019 09:00:00,18.0,47.0,25.4,0,0.14,0,1.3,3.2,4.5,95.0,0,72.0,0.6,0,35.0,45.0,6.9,5.6,285,9,0,10
14.10.2019 10:00:00,17.0,49.0,26.2,0,0.13,0,1.4,2.5,3.8,98.0,0,67.0,0.5,0,44.0,47.0,7.4,5.6,285,10,0,10
14.10.2019 11:00:00,14.0,48.0,26.5,0,0.13,0,1.2,2.5,3.7,93.0,0,66.0,-0.3,0,43.0,40.0,5.4,5.0,285,11,0,10
14.10.2019 12:00:00,15.0,47.0,26.4,0,0.14,0,1.7,2.5,4.2,119.0,0,65.0,2.309,0,26.0,27.0,6.5,5.7,285,12,0,10
14.10.2019 13:00:00,16.0,48.0,26.2,0,0.13,0,1.2,1.7,2.9,88.306,0,67.0,2.1,0,22.0,22.0,9.0,7.5,285,13,0,10
14.10.2019 14:00:00,12.0,48.0,26.0,0,0.12,0,0.9,1.5,2.4,106.0,0,66.0,2.9,0,22.0,21.0,8.5,8.7,285,14,0,10
14.10.2019 15:00:00,13.0,47.0,25.9,0,0.13,0,1.1,1.4,2.5,119.0,0,65.0,1.4,0,22.0,23.0,9.2,8.1,285,15,0,10
14.10.2019 16:00:00,15.0,45.0,25.9,0,0.14,0,1.1,1.9,3.0,148.0,0,67.0,1.6,0,25.0,23.0,7.9,6.5,285,16,0,10
14.10.2019 17:00:00,16.0,48.0,25.4,0,0.13,0,1.0,1.6,2.6,104.0,0,67.0,1.5,0,23.0,25.0,8.3,8.6,285,17,0,10
14.10.2019 18:00:00,17.0,50.0,25.1,0,0.14,0,1.0,2.1,3.0,113.0,0,67.0,1.5,0,25.0,30.0,6.8,7.2,285,18,0,10
14.10.2019 19:00:00,17.0,50.0,24.9,0,0.14,0,1.1,1.5,2.7,116.0,0,69.0,1.6,0,30.0,41.0,7.9,7.3,285,19,0,10
14.10.2019 20:00:00,17.0,51.0,24.9,0,0.14,0,1.0,1.1,2.1,98.0,0,71.0,1.5,0,39.0,33.0,9.2,7.8,285,20,0,10
14.10.2019 21:00:00,16.0,53.0,24.6,0,0.14,0,0.7,1.2,2.0,86.0,0,73.0,1.3,0,34.0,44.0,7.6,7.4,285,21,0,10
14.10.2019 22:00:00,16.0,56.0,25.1,0,0.14,0,0.8,1.5,2.4,97.0,0,68.0,1.3,0,43.0,43.0,8.5,7.3,285,22,0,10
14.10.2019 23:00:00,18.0,57.0,25.0,0,0.15,0,0.7,1.7,2.4,113.0,0,70.0,1.5,0,40.0,49.0,8.5,6.4,285,23,0,10
14.10.2019 24:00:00,20.0,59.0,24.8,0,0.15,0,1.0,1.2,2.2,111.0,0,73.0,1.3,0,39.0,37.0,7.8,6.5,285,24,0,10
15.10.2019 01:00:00,19.0,59.0,24.7,0,0.15,0,0.8,1.6,2.4,128.0,0,71.0,0.8,0,35.0,37.0,5.8,5.6,286,1,1,10
15.10.2019 02:00:00,18.0,60.0,24.8,0,0.13,0,-0.3,1.1,0.8,119.0,0,68.0,1.8,0,29.0,25.0,8.4,6.5,286,2,1,10
15.10.2019 03:00:00,21.0,58.0,24.7,0,0.13,0,-0.2,2.5,2.3,107.0,0,69.0,2.8,0,45.0,50.0,8.3,6.6,286,3,1,10
15.10.2019 04:00:00,18.0,60.0,24.8,0,0.13,0,-0.2,1.2,0.9,98.0,0,68.0,1.7,0,50.0,50.0,8.0,8.1,286,4,1,10
15.10.2019 05:00:00,19.0,59.0,24.7,0,0.14,0,0.1,1.2,1.3,99.0,0,72.0,1.7,0,41.0,45.0,6.7,6.4,286,5,1,10
15.10.2019 06:00:00,18.0,59.0,24.6,0,0.15,0,-0.1,1.3,1.2,82.0,0,72.0,1.9,0,44.0,42.0,6.3,8.0,286,6,1,10
15.10.2019 07:00:00,27.0,59.0,24.7,0,0.22,0,0.2,2.8,2.9,105.0,0,72.0,1.8,0,41.0,40.0,7.0,6.6,286,7,1,10
15.10.2019 08:00:00,29.0,59.0,24.8,0,0.22,0,0.5,3.6,4.1,116.0,0,68.0,1.8,0,39.0,33.0,6.1,6.0,286,8,1,10
15.10.2019 09:00:00,26.0,56.0,25.0,0,0.2,0,0.6,2.9,3.5,110.0,0,65.0,1.8,0,31.0,35.0,7.2,6.2,286,9,1,10
15.10.2019 10:00:00,21.0,55.0,25.2,0,0.17,0,0.7,2.9,3.6,104.0,0,64.0,1.7,0,37.0,42.0,7.1,6.5,286,10,1,10
15.10.2019 11:00:00,20.0,55.0,25.1,0,0.16,0,0.9,2.9,3.8,115.0,0,65.0,1.9,0,31.0,23.0,8.0,6.9,286,11,1,10
15.10.2019 12:00:00,21.0,55.0,24.9,0,0.15,0,0.8,2.4,3.2,120.0,0,66.0,2.1,0,27.0,25.0,10.0,7.5,286,12,1,10
15.10.2019 13:00:00,17.0,56.0,24.9,0,0.17,0,0.5,2.9,3.4,132.0,0,67.0,1.8,0,33.0,34.0,7.4,6.2,286,13,1,10
15.10.2019 14:00:00,24.0,56.0,24.5,0,0.18,0,0.2,2.3,2.5,125.0,0,69.0,1.8,0,28.0,30.0,7.8,7.3,286,14,1,10
15.10.2019 15:00:00,25.0,56.0,24.3,0,0.19,0,0.4,2.3,2.6,115.0,0,69.0,2.6,0,26.0,26.0,7.9,7.7,286,15,1,10
15.10.2019 16:00:00,27.0,55.0,24.0,0,0.18,0,0.3,1.8,2.0,123.0,0,70.0,3.6,0,31.0,33.0,7.5,7.1,286,16,1,10
15.10.2019 17:00:00,23.0,53.0,23.9,0,0.17,0,0.5,1.9,2.4,109.0,0,70.0,2.4,0,28.0,26.0,8.3,7.3,286,17,1,10
15.10.2019 18:00:00,22.0,53.0,23.8,0,0.16,0,0.5,2.0,2.4,103.0,0,70.0,2.4,0,28.0,24.0,7.3,6.9,286,18,1,10
15.10.2019 19:00:00,19.0,54.0,23.6,0,0.15,0,0.5,1.6,2.1,103.0,0,70.0,2.4,0,31.0,28.0,7.2,6.5,286,19,1,10
15.10.2019 20:00:00,19.0,55.0,23.7,0,0.15,0,-0.1,1.5,1.4,98.0,0,69.0,2.3,0,29.0,30.0,7.0,6.8,286,20,1,10
15.10.2019 21:00:00,18.0,55.0,23.7,0,0.14,0,0.0,1.6,1.6,103.0,0,67.0,2.3,0,35.0,33.0,6.2,6.2,286,21,1,10
15.10.2019 22:00:00,18.0,54.0,23.6,0,0.13,0,0.2,1.5,1.7,104.0,0,70.0,2.2,0,31.0,37.0,5.8,6.0,286,22,1,10
15.10.2019 23:00:00,14.0,53.0,23.6,0,0.13,0,0.4,1.8,2.2,107.0,0,69.0,2.6,0,40.0,45.0,7.9,5.8,286,23,1,10
15.10.2019 24:00:00,14.0,54.0,23.6,0,0.12,0,0.1,1.2,1.3,108.0,0,69.0,2.2,0,34.0,27.0,5.7,5.5,286,24,1,10
16.10.2019 01:00:00,17.0,53.0,23.6,0,0.12,0,0.1,1.2,1.2,118.0,0,68.0,2.3,0,37.0,42.0,6.4,5.4,287,1,2,10
16.10.2019 02:00:00,15.0,53.0,23.5,0,0.12,0,0.2,1.4,1.6,124.0,0,70.0,2.2,0,32.0,39.0,5.6,5.2,287,2,2,10
16.10.2019 03:00:00,17.0,53.0,23.4,0,0.13,0,0.5,1.5,2.0,109.0,0,70.0,2.0,0,27.0,31.0,6.3,6.0,287,3,2,10
16.10.2019 04:00:00,15.0,54.0,23.3,0,0.12,0,0.3,1.5,1.8,104.0,0,71.0,1.9,0,24.0,31.0,5.5,6.8,287,4,2,10
16.10.2019 05:00:00,17.0,54.0,23.3,0,0.13,0,0.0,1.5,1.5,96.0,0,70.0,2.1,0,22.0,21.0,7.8,7.1,287,5,2,10
16.10.2019 06:00:00,14.0,56.0,23.4,0,0.12,0,0.2,1.7,1.9,112.0,0,68.0,2.2,0,30.0,41.0,5.0,5.2,287,6,2,10
16.10.2019 07:00:00,18.0,54.0,23.5,0,0.14,0,0.3,3.0,3.2,124.0,0,71.0,2.1,0,26.0,22.0,7.1,4.7,287,7,2,10
16.10.2019 08:00:00,16.0,54.0,23.5,0,0.14,0,0.9,3.1,4.0,99.0,0,73.0,1.9,0,21.0,21.0,7.9,7.7,287,8,2,10
16.10.2019 09:00:00,18.0,54.0,23.8,0,0.15,0,0.7,3.1,3.8,88.0,0,75.0,2.2,0,22.0,23.0,6.3,7.5,287,9,2,10
16.10.2019 10:00:00,20.0,53.0,23.8,0,0.16,0,0.7,3.9,4.5,96.0,0,77.0,2.2,0,25.0,20.0,7.0,5.4,287,10,2,10
16.10.2019 11:00:00,18.0,51.0,23.5,0,0.17,0,0.8,5.0,5.8,77.0,0.4,82.0,2.2,0,39.0,45.0,1.7,3.1,287,11,2,10
16.10.2019 12:00:00,18.0,51.0,24.1,0,0.17,0,0.8,4.7,5.6,96.0,0,81.0,2.3,0,28.0,24.0,4.6,4.3,287,12,2,10
16.10.2019 13:00:00,20.0,53.0,24.2,0,0.15,0,0.8,3.4,4.2,81.0,0,81.0,2.4,0,23.0,22.0,7.2,6.5,287,13,2,10
16.10.2019 14:00:00,19.0,54.0,24.2,0,0.14,0,0.6,2.0,2.6,80.0,0,82.0,2.2,0,21.0,21.0,6.8,7.4,287,14,2,10
16.10.2019 15:00:00,19.0,52.0,24.1,0,0.14,0,0.4,2.5,2.9,76.0,0,83.0,2.1,0,20.0,21.0,6.4,7.5,287,15,2,10
16.10.2019 16:00:00,19.0,50.0,24.2,0,0.15,0,0.5,3.9,4.4,84.0,0.8,84.0,2.2,0,24.0,23.0,8.2,5.9,287,16,2,10
16.10.2019 17:00:00,19.0,55.0,24.1,0,0.14,0,0.1,2.2,2.4,76.0,0,85.0,2.2,0,19.0,15.0,5.9,6.9,287,17,2,10
16.10.2019 18:00:00,21.0,55.0,23.9,0,0.15,0,0.3,3.5,3.9,82.0,0,87.0,2.2,0,13.0,3.3,5.4,6.1,287,18,2,10
16.10.2019 19:00:00,13.0,49.0,24.1,0,0.16,0,0.5,4.7,5.2,59.0,0,86.0,2.3,0,359.0,5.8,3.9,3.6,287,19,2,10
16.10.2019 20:00:00,21.0,50.0,24.4,0,0.14,0,0.7,2.9,3.6,129.0,0,85.0,2.2,0,19.0,21.0,3.0,4.6,287,20,2,10
16.10.2019 21:00:00,21.0,46.0,24.3,0,0.15,0,0.5,4.3,4.8,144.0,0,85.0,2.3,0,2.3,359.0,3.1,3.1,287,21,2,10
16.10.2019 22:00:00,20.0,49.0,24.3,0,0.15,0,0.4,3.7,4.1,131.0,0,84.0,2.3,0,32.0,48.0,3.8,3.1,287,22,2,10
16.10.2019 23:00:00,19.0,49.0,24.3,0,0.14,0,0.4,3.1,3.5,112.0,0,83.0,2.4,0,9.4,356.0,3.8,3.6,287,23,2,10
16.10.2019 24:00:00,19.0,50.0,24.2,0,0.13,0,0.0,1.6,1.7,90.0,0,84.0,2.0,0,19.0,20.0,5.3,5.1,287,24,2,10
17.10.2019 01:00:00,16.0,51.0,24.0,0,0.13,0,0.3,1.5,1.8,95.0,0,84.0,1.2,0,21.0,21.0,5.7,6.1,288,1,3,10
17.10.2019 02:00:00,14.0,50.0,23.8,0,0.14,0,0.2,1.0,1.2,72.0,1.6,83.0,2.8,0,28.0,22.0,6.9,5.4,288,2,3,10
17.10.2019 03:00:00,16.0,51.0,24.1,0,0.14,0,0.3,1.2,1.5,99.0,0,79.0,3.0,0,20.0,22.0,7.5,7.0,288,3,3,10
17.10.2019 04:00:00,18.0,51.0,24.0,0,0.13,0,0.6,1.2,1.8,123.0,0,78.0,2.6,0,20.0,19.0,6.1,6.1,288,4,3,10
17.10.2019 05:00:00,20.0,51.0,23.7,0,0.13,0,0.5,1.5,1.9,138.0,0,79.0,2.6,0,19.0,15.0,5.0,5.4,288,5,3,10
17.10.2019 06:00:00,21.0,48.0,23.7,0,0.14,0,0.5,3.5,4.0,130.0,0,79.0,3.0,0,21.0,20.0,5.3,5.4,288,6,3,10
17.10.2019 07:00:00,16.0,52.0,23.8,0,0.14,0,0.5,2.9,3.4,102.0,0,77.0,2.7,0,21.0,22.0,7.0,7.0,288,7,3,10
17.10.2019 08:00:00,19.0,50.0,23.9,0,0.16,0,0.9,3.9,4.8,135.0,0,76.0,2.5,0,21.0,23.0,4.0,5.4,288,8,3,10
17.10.2019 09:00:00,20.0,51.0,23.9,0,0.15,0,0.7,3.3,4.0,143.0,0,78.0,2.8,0,21.0,20.0,6.2,5.4,288,9,3,10
17.10.2019 10:00:00,20.0,54.0,24.5,0,0.14,0,0.8,2.7,3.6,105.0,0,73.0,2.8,0,19.0,18.0,5.5,6.2,288,10,3,10
17.10.2019 11:00:00,18.5,54.0,24.8,0,0.0,0,1.579,6.133,7.567,106.23,0,71.0,2.331,0,18.0,20.0,5.5,5.6,288,11,3,10
17.10.2019 12:00:00,14.0,53.083,25.1,0,0.14,0,0.7,1.7,2.4,90.0,9.981,68.0,2.0,0,20.0,18.0,5.7,5.3,288,12,3,10
17.10.2019 13:00:00,16.0,53.197,25.1,0,0.15,0,0.6,2.2,2.8,83.0,0,69.0,2.2,0,21.0,21.0,7.3,6.5,288,13,3,10
17.10.2019 14:00:00,19.0,53.296,25.1,0,0.15,0,0.7,1.7,2.4,82.0,0,68.0,2.3,0,21.0,21.0,7.5,7.3,288,14,3,10
17.10.2019 15:00:00,21.0,61.0,24.8,0,0.14,0,0.6,1.6,2.2,101.0,0,71.0,2.7,0,20.0,20.0,7.8,7.2,288,15,3,10
17.10.2019 16:00:00,18.0,61.0,24.3,0,0.15,0,0.8,2.7,3.5,109.0,0,73.0,2.7,0,21.0,22.0,6.8,6.9,288,16,3,10
17.10.2019 17:00:00,22.0,60.0,24.1,0,0.16,0,0.8,3.2,4.0,130.0,0,74.0,3.0,0,21.0,20.0,5.5,5.9,288,17,3,10
17.10.2019 18:00:00,27.0,63.0,23.8,0,0.16,0,0.7,3.1,3.7,119.0,0,73.0,3.1,0,21.0,23.0,7.0,6.9,288,18,3,10
17.10.2019 19:00:00,21.0,64.0,23.5,0,0.15,0,0.8,2.9,3.8,110.0,0,71.0,2.9,0,22.0,21.0,7.8,7.1,288,19,3,10
17.10.2019 20:00:00,19.0,64.0,23.5,0,0.15,0,0.4,2.0,2.4,117.0,0,68.0,2.8,0,21.0,20.0,6.1,7.1,288,20,3,10
17.10.2019 21:00:00,20.0,64.0,23.5,0,0.15,0,0.5,1.8,2.3,101.0,0,71.0,2.8,0,21.0,22.0,6.8,6.8,288,21,3,10
17.10.2019 22:00:00,19.0,61.0,23.6,0,0.15,0,0.8,2.0,2.8,96.0,0,72.0,3.0,0,21.0,22.0,7.6,7.3,288,22,3,10
17.10.2019 23:00:00,21.0,62.0,23.6,0,0.15,0,0.4,1.9,2.2,96.0,0,70.0,2.7,0,22.0,21.0,6.8,6.9,288,23,3,10
17.10.2019 24:00:00,17.0,63.0,23.5,0,0.15,0,0.4,1.7,2.1,102.0,0,69.0,2.6,0,21.0,22.0,6.4,6.4,288,24,3,10
18.10.2019 01:00:00,18.0,62.0,23.5,0,0.16,0,0.6,1.8,2.4,108.0,0,69.0,2.7,0,19.0,18.0,5.4,5.3,289,1,4,10
18.10.2019 02:00:00,19.0,62.0,23.4,0,0.13,0,0.6,1.1,1.6,102.0,0,70.0,1.3,0,19.0,20.0,7.1,5.9,289,2,4,10
18.10.2019 03:00:00,18.0,62.0,23.4,0,0.14,0,0.3,1.2,1.5,108.0,0,69.0,1.2,0,20.0,17.0,5.6,5.9,289,3,4,10
18.10.2019 04:00:00,20.0,61.0,23.4,0,0.14,0,0.2,1.3,1.5,110.0,0,70.0,1.4,0,20.0,21.0,7.1,6.3,289,4,4,10
18.10.2019 05:00:00,21.0,61.0,23.4,0,0.13,0,0.1,1.7,1.8,122.0,0,69.0,1.3,0,19.0,21.0,6.5,5.8,289,5,4,10
18.10.2019 06:00:00,27.0,57.0,23.5,0,0.14,0,0.6,2.6,3.2,144.0,0,70.0,1.2,0,24.0,53.0,2.7,4.2,289,6,4,10
18.10.2019 07:00:00,23.0,57.0,23.6,0,0.16,0,0.8,3.4,4.2,128.0,0,73.0,1.1,0,39.0,29.0,4.2,3.4,289,7,4,10
18.10.2019 08:00:00,23.0,58.0,23.7,0,0.17,0,1.0,4.8,5.9,126.0,0,74.0,1.3,0,26.0,23.0,4.9,4.5,289,8,4,10
18.10.2019 09:00:00,20.0,58.0,23.8,0,0.17,0,1.3,5.0,6.2,118.0,0,73.0,1.4,0,26.0,23.0,5.6,4.4,289,9,4,10
18.10.2019 10:00:00,23.0,58.0,24.0,0,0.16,0,1.0,4.6,5.6,106.0,0,71.0,1.6,0,23.0,25.0,4.3,5.1,289,10,4,10
18.10.2019 11:00:00,20.0,61.0,24.3,0,0.17,0,0.9,3.8,4.7,102.0,0,72.0,1.4,0,21.0,19.0,6.9,6.4,289,11,4,10
18.10.2019 12:00:00,21.0,67.0,24.4,0,0.19,0,0.9,3.2,4.1,84.0,0,73.0,1.6,0,20.0,21.0,7.2,7.1,289,12,4,10
18.10.2019 13:00:00,23.0,70.0,24.9,0,0.2,0,0.6,3.1,3.7,87.0,0,70.0,1.5,0,20.0,19.0,6.5,6.3,289,13,4,10
18.10.2019 14:00:00,25.0,75.0,24.5,0,0.21,0,0.6,3.9,4.5,93.0,0,72.0,1.7,0,17.0,9.2,5.1,5.3,289,14,4,10
18.10.2019 15:00:00,23.0,79.0,24.1,0,0.23,0,0.6,4.3,4.9,97.0,0,72.0,1.6,0,16.0,17.0,5.8,5.4,289,15,4,10
18.10.2019 16:00:00,28.0,87.0,23.7,0,0.27,0,0.7,5.9,6.5,126.0,0,72.0,1.5,0,12.0,17.0,5.4,5.1,289,16,4,10
18.10.2019 17:00:00,31.0,88.0,23.6,0,0.27,0,0.5,4.5,5.0,119.0,0,71.0,1.6,0,20.0,21.0,7.1,6.4,289,17,4,10
18.10.2019 18:00:00,28.0,83.0,23.4,0,0.22,0,0.7,4.2,4.9,118.0,0,71.0,1.4,0,21.0,22.0,7.6,6.8,289,18,4,10
18.10.2019 19:00:00,26.0,80.0,23.5,0,0.2,0,0.6,4.6,5.2,104.0,0,72.0,1.6,0,21.0,20.0,7.1,7.0,289,19,4,10
18.10.2019 20:00:00,27.0,80.0,23.6,0,0.19,0,0.5,3.6,4.1,113.0,0,74.0,1.4,0,17.0,10.0,5.2,5.4,289,20,4,10
18.10.2019 21:00:00,27.0,78.0,23.9,0,0.18,0,0.6,3.2,3.9,92.0,0,75.0,1.5,0,17.0,23.0,6.5,5.7,289,21,4,10
18.10.2019 22:00:00,25.0,71.0,24.2,0,0.17,0,0.4,2.8,3.2,96.0,0,77.0,1.7,0,21.0,20.0,6.8,6.7,289,22,4,10
18.10.2019 23:00:00,19.0,69.0,24.0,0,0.17,0,0.6,2.1,2.7,80.0,0,81.0,1.4,0,19.0,18.0,6.9,6.9,289,23,4,10
18.10.2019 24:00:00,18.0,67.0,23.9,0,0.17,0,0.6,2.4,2.9,67.0,0,82.0,1.7,0,21.0,21.0,9.5,9.6,289,24,4,10
19.10.2019 01:00:00,18.0,64.0,23.6,0,0.17,0,0.5,2.4,2.9,73.0,0.4,82.0,1.8,0,21.0,22.0,8.1,9.1,290,1,5,10
19.10.2019 02:00:00,14.0,64.0,23.3,0,0.16,0,0.8,2.6,3.3,60.0,1.2,85.0,1.7,0,19.0,21.0,10.0,8.0,290,2,5,10
19.10.2019 03:00:00,19.0,64.0,23.6,0,0.15,0,0.4,2.6,3.1,79.0,0,79.0,1.8,0,20.0,22.0,9.6,9.3,290,3,5,10
19.10.2019 04:00:00,21.0,63.0,23.6,0,0.15,0,0.4,3.3,3.7,79.0,0,78.0,1.7,0,20.0,20.0,10.0,10.0,290,4,5,10
19.10.2019 05:00:00,23.0,62.0,23.7,0,0.15,0,0.4,3.8,4.2,83.0,0,77.0,1.8,0,21.0,20.0,10.0,9.4,290,5,5,10
19.10.2019 06:00:00,22.0,61.0,23.7,0,0.15,0,0.4,4.0,4.4,95.0,0,76.0,1.6,0,20.0,20.0,7.5,8.1,290,6,5,10
19.10.2019 07:00:00,17.0,59.0,23.7,0,0.14,0,0.6,3.2,3.8,82.0,0,76.0,1.6,0,20.0,19.0,8.0,8.4,290,7,5,10
19.10.2019 08:00:00,18.0,58.0,23.8,0,0.15,0,0.8,3.3,4.1,85.0,0,77.0,1.6,0,21.0,22.0,8.4,8.0,290,8,5,10
19.10.2019 09:00:00,17.0,57.0,23.8,0,0.15,0,0.7,3.1,3.8,91.0,0,77.0,1.8,0,21.0,20.0,8.7,8.0,290,9,5,10
19.10.2019 10:00:00,18.0,58.0,23.8,0,0.15,0,0.6,3.4,4.0,84.0,0,78.0,1.7,0,19.0,18.0,6.9,7.3,290,10,5,10
19.10.2019 11:00:00,21.0,59.0,23.8,0,0.15,0,0.7,3.3,4.0,75.0,0,78.0,1.8,0,19.0,21.0,8.0,7.0,290,11,5,10
19.10.2019 12:00:00,18.0,60.0,24.0,0,0.15,0,0.8,2.9,3.7,68.0,0,79.0,1.8,0,20.0,21.0,9.1,7.8,290,12,5,10
19.10.2019 13:00:00,17.0,61.0,24.1,0,0.15,0,0.4,2.5,2.9,66.0,0,79.0,1.9,0,22.0,21.0,9.1,8.7,290,13,5,10
19.10.2019 14:00:00,18.0,60.0,24.1,0,0.15,0,0.6,2.5,3.1,68.0,0,79.0,1.6,0,21.0,22.0,9.5,9.8,290,14,5,10
19.10.2019 15:00:00,16.0,61.0,24.2,0,0.15,0,0.6,2.5,3.1,72.0,0,78.0,1.7,0,21.0,22.0,9.1,9.5,290,15,5,10
19.10.2019 16:00:00,19.0,60.0,24.2,0,0.16,0,1.0,2.7,3.7,90.0,0,78.0,1.5,0,23.0,23.0,8.5,9.0,290,16,5,10
19.10.2019 17:00:00,24.0,63.0,24.2,0,0.17,0,0.7,3.2,3.9,89.0,0.4,79.0,1.8,0,23.0,25.0,8.3,8.5,290,17,5,10
19.10.2019 18:00:00,21.0,62.0,24.1,0,0.16,0,0.6,2.8,3.4,84.0,0,78.0,1.5,0,22.0,23.0,9.8,9.4,290,18,5,10
19.10.2019 19:00:00,19.0,63.0,24.0,0,0.15,0,0.5,2.5,3.0,90.0,0,76.0,1.6,0,21.0,20.0,9.9,9.3,290,19,5,10
19.10.2019 20:00:00,19.0,65.0,24.0,0,0.15,0,0.6,2.5,3.1,88.0,0,75.0,1.5,0,22.0,21.0,9.4,9.3,290,20,5,10
19.10.2019 21:00:00,23.0,66.0,23.9,0,0.15,0,0.7,2.2,2.8,88.0,0,74.0,1.5,0,22.0,22.0,9.3,9.1,290,21,5,10
19.10.2019 22:00:00,20.0,66.0,23.8,0,0.15,0,0.5,2.0,2.5,93.0,0,73.0,1.5,0,22.0,23.0,8.5,8.8,290,22,5,10
19.10.2019 23:00:00,18.0,66.0,23.7,0,0.15,0,0.5,2.2,2.7,93.0,0,72.0,1.4,0,22.0,22.0,7.4,8.1,290,23,5,10
19.10.2019 24:00:00,19.0,67.0,23.5,0,0.17,0,0.6,2.1,2.7,83.0,0,71.0,1.7,0,21.0,21.0,8.9,9.0,290,24,5,10
20.10.2019 01:00:00,16.0,66.0,23.4,0,0.18,0,0.6,1.8,2.4,90.0,0,71.0,1.6,0,21.0,21.0,8.0,8.1,291,1,6,10
20.10.2019 02:00:00,19.0,67.0,23.3,0,0.17,0,0.2,1.2,1.4,85.0,0,69.0,1.8,0,21.0,22.0,8.2,7.6,291,2,6,10
20.10.2019 03:00:00,16.0,68.0,23.2,0,0.16,0,0.6,1.2,1.8,86.0,0,70.0,2.0,0,18.0,18.0,7.6,6.8,291,3,6,10
20.10.2019 04:00:00,16.0,67.0,23.1,0,0.15,0,0.4,1.4,1.8,81.0,0,69.0,1.9,0,20.0,20.0,8.2,7.7,291,4,6,10
20.10.2019 05:00:00,17.0,66.0,23.0,0,0.14,0,0.2,1.7,1.9,83.0,0,69.0,1.8,0,19.0,17.0,7.6,7.4,291,5,6,10
20.10.2019 06:00:00,21.0,64.0,22.9,0,0.14,0,0.5,1.9,2.4,73.0,0,68.0,1.7,0,21.0,20.0,8.0,8.6,291,6,6,10
20.10.2019 07:00:00,20.0,64.0,23.0,0,0.14,0,0.4,2.0,2.4,87.0,0,67.0,1.8,0,20.0,19.0,8.7,7.9,291,7,6,10
20.10.2019 08:00:00,21.0,63.0,23.2,0,0.14,0,0.3,1.9,2.2,73.0,0,67.0,1.8,0,21.0,23.0,7.9,8.3,291,8,6,10
20.10.2019 09:00:00,15.0,63.0,23.4,0,0.16,0,0.5,1.8,2.3,85.0,0,65.0,1.6,0,21.0,21.0,6.8,7.0,291,9,6,10
20.10.2019 10:00:00,16.0,62.0,24.1,0,0.16,0,0.6,2.4,2.9,83.0,0,64.0,1.7,0,20.0,22.0,6.3,6.4,291,10,6,10
20.10.2019 11:00:00,15.0,62.0,24.2,0,0.17,0,0.9,3.2,4.0,79.0,0,66.0,1.9,0,20.0,19.0,6.5,6.4,291,11,6,10
20.10.2019 12:00:00,12.0,62.0,24.1,0,0.17,0,0.7,2.6,3.2,70.0,0,67.0,1.7,0,19.0,18.0,6.1,6.1,291,12,6,10
20.10.2019 13:00:00,14.0,63.0,24.1,0,0.16,0,0.6,2.3,2.9,72.0,0,67.0,1.9,0,20.0,18.0,6.5,6.3,291,13,6,10
20.10.2019 14:00:00,14.0,61.0,24.1,0,0.15,0,0.5,2.2,2.7,65.0,0,71.0,2.0,0,20.0,22.0,6.0,6.4,291,14,6,10
20.10.2019 15:00:00,12.0,58.0,24.0,0,0.15,0,0.4,1.8,2.2,59.0,0,72.0,1.8,0,20.0,19.0,6.9,6.7,291,15,6,10
20.10.2019 16:00:00,15.0,58.0,24.1,0,0.15,0,0.4,1.9,2.4,72.0,0,73.0,1.7,0,20.0,20.0,8.1,6.9,291,16,6,10
20.10.2019 17:00:00,14.0,60.0,24.0,0,0.16,0,0.3,1.6,1.9,71.0,0,74.0,1.6,0,21.0,21.0,7.4,7.5,291,17,6,10
20.10.2019 18:00:00,19.0,61.0,24.0,0,0.16,0,0.5,3.5,4.0,81.0,0,74.0,1.9,0,22.0,22.0,7.9,7.6,291,18,6,10
20.10.2019 19:00:00,19.0,61.0,24.0,0,0.17,0,0.6,4.8,5.4,83.0,0,76.0,1.9,0,21.0,22.0,7.3,8.0,291,19,6,10
20.10.2019 20:00:00,17.0,61.0,24.1,0,0.16,0,0.4,3.3,3.7,84.0,0,76.0,1.8,0,21.0,22.0,6.8,7.7,291,20,6,10
20.10.2019 21:00:00,21.0,62.0,24.0,0,0.16,0,0.4,1.3,1.7,89.0,0,76.0,1.7,0,22.0,21.0,6.4,7.1,291,21,6,10
20.10.2019 22:00:00,17.0,63.0,23.9,0,0.15,0,0.2,1.6,1.8,96.0,0,76.0,1.8,0,23.0,22.0,6.8,7.0,291,22,6,10
20.10.2019 23:00:00,18.0,64.0,23.7,0,0.15,0,0.4,1.5,1.8,91.0,0.2,77.0,2.1,0,19.0,17.0,5.2,5.9,291,23,6,10
20.10.2019 24:00:00,17.0,64.0,23.6,0,0.15,0,0.2,1.2,1.4,90.0,0,74.0,1.8,0,19.0,19.0,6.3,5.8,291,24,6,10
21.10.2019 01:00:00,16.0,66.0,23.5,0,0.15,0,0.4,0.9,1.3,91.0,0,72.0,1.7,0,19.0,22.0,6.7,5.9,292,1,0,10
21.10.2019 02:00:00,15.0,66.0,23.4,0,0.16,0,-0.1,1.3,1.2,72.0,0,73.0,3.5,0,19.0,15.0,5.6,6.0,292,2,0,10
21.10.2019 03:00:00,21.0,66.0,23.4,0,0.16,0,-0.2,1.2,1.0,73.0,0,72.0,3.5,0,20.0,21.0,7.3,6.7,292,3,0,10
21.10.2019 04:00:00,17.0,65.0,23.4,0,0.17,0,-0.1,1.7,1.5,73.0,0,71.0,3.5,0,21.0,21.0,7.4,6.7,292,4,0,10
21.10.2019 05:00:00,14.0,66.0,23.3,0,0.17,0,-0.4,2.4,2.0,79.0,0,68.0,3.7,0,21.0,21.0,6.6,6.7,292,5,0,10
21.10.2019 06:00:00,14.0,66.0,23.2,0,0.17,0,-0.1,2.6,2.5,90.0,0,68.0,3.5,0,21.0,22.0,6.4,6.1,292,6,0,10
21.10.2019 07:00:00,18.0,67.0,23.2,0,0.18,0,-0.1,2.6,2.5,93.0,0,69.0,3.5,0,21.0,22.0,6.5,6.2,292,7,0,10
21.10.2019 08:00:00,19.0,62.0,23.3,0,0.17,0,0.1,3.9,4.0,101.0,0,68.0,3.6,0,20.0,20.0,4.8,5.1,292,8,0,10
21.10.2019 09:00:00,19.0,59.0,23.4,0,0.17,0,0.5,3.9,4.4,107.0,0,67.0,3.6,0,13.0,5.1,3.2,3.7,292,9,0,10
21.10.2019 10:00:00,16.0,60.0,23.6,0,0.15,0,0.4,2.8,3.2,84.0,0,68.0,3.5,0,20.0,21.0,5.0,5.4,292,10,0,10
21.10.2019 11:00:00,18.0,60.0,24.0,0,0.0,0,1.568,5.805,6.897,91.0,0,66.0,2.334,0,19.0,21.0,4.6,4.7,292,11,0,10
21.10.2019 12:00:00,10.0,60.0,23.8,0,0.0,0,1.567,5.801,6.892,87.0,0,66.0,2.334,0,18.0,15.0,4.8,4.8,292,12,0,10
21.10.2019 13:00:00,15.0,65.125,23.8,0,0.0,0,1.567,5.797,6.888,80.0,0,65.0,2.334,0,18.0,21.0,5.6,4.6,292,13,0,10
21.10.2019 14:00:00,15.0,65.021,23.7,0,0.16,0,1.567,5.793,6.884,65.0,0,65.0,5.0,0,17.0,21.0,4.9,4.4,292,14,0,10
21.10.2019 15:00:00,18.597,64.848,23.7,0,0.15,0,1.566,5.788,6.879,84.5,0,65.0,4.9,0,20.056,20.404,6.246,5.667,292,15,0,10
21.10.2019 16:00:00,18.0,64.619,23.7,0,0.0,0,1.566,5.784,6.875,51.0,0,64.0,2.371,0,20.122,21.0,4.4,5.674,292,16,0,10
21.10.2019 17:00:00,15.0,64.279,23.5,0,0.0,0,1.566,5.78,6.871,75.0,0,67.0,2.372,0,14.0,10.0,3.3,3.0,292,17,0,10
21.10.2019 18:00:00,15.0,63.925,23.4,0,0.19,0,0.7,8.4,9.1,71.0,0,70.0,4.9,0,14.0,21.0,5.5,3.3,292,18,0,10
21.10.2019 19:00:00,18.0,56.0,23.6,0,0.16,0,0.4,5.6,6.0,74.0,0,70.0,5.1,0,20.0,21.0,6.9,5.4,292,19,0,10
21.10.2019 20:00:00,18.0,60.0,23.5,0,0.15,0,0.6,2.8,3.4,68.0,0,71.0,5.0,0,21.0,23.0,6.7,7.0,292,20,0,10
21.10.2019 21:00:00,15.0,61.0,23.3,0,0.16,0,0.6,2.4,3.0,79.0,0,69.0,4.9,0,23.0,24.0,5.2,5.5,292,21,0,10
21.10.2019 22:00:00,17.0,56.0,23.0,0,0.16,0,0.8,3.4,4.2,101.0,0,70.0,4.8,0,27.0,164.0,1.2,2.7,292,22,0,10
21.10.2019 23:00:00,14.0,42.0,20.7,0,0.17,0,0.5,3.5,4.0,21.0,0,80.0,4.9,0,208.0,207.0,2.7,2.3,292,23,0,10
21.10.2019 24:00:00,10.0,34.0,19.6,0,0.16,0,0.6,2.6,3.2,17.0,0,87.0,4.1,0,210.0,216.0,2.5,2.7,292,24,0,10
22.10.2019 01:00:00,9.0,32.0,19.7,0,0.15,0,0.7,2.0,2.7,17.0,0,87.0,4.1,0,203.0,202.0,2.8,2.7,293,1,1,10
22.10.2019 02:00:00,8.0,31.0,19.2,0,0.13,0,-0.3,1.0,0.7,16.0,0,88.0,1.6,0,204.0,207.0,3.6,3.1,293,2,1,10
22.10.2019 03:00:00,9.0,31.0,18.8,0,0.13,0,0.3,0.7,1.0,13.0,0,89.0,1.6,0,210.0,210.0,4.2,3.4,293,3,1,10
22.10.2019 04:00:00,12.0,33.0,18.6,0,0.12,0,0.2,0.7,0.8,21.0,0,89.0,1.5,0,211.0,208.0,3.7,3.9,293,4,1,10
22.10.2019 05:00:00,11.0,33.0,18.5,0,0.12,0,0.1,0.7,0.8,20.0,0,89.0,1.7,0,211.0,209.0,3.9,4.1,293,5,1,10
22.10.2019 06:00:00,13.0,32.0,18.2,0,0.13,0,0.5,1.1,1.6,16.0,0,89.0,1.5,0,208.0,206.0,4.6,4.2,293,6,1,10
22.10.2019 07:00:00,12.0,32.0,18.5,0,0.16,0,0.7,3.2,3.9,21.0,0,88.0,1.6,0,214.0,214.0,4.3,4.4,293,7,1,10
22.10.2019 08:00:00,12.0,32.0,20.0,0,0.19,0,1.2,4.5,5.8,17.0,0,84.0,2.1,0,210.0,206.0,2.7,3.6,293,8,1,10
22.10.2019 09:00:00,12.0,30.0,22.3,0,0.25,0,2.2,7.9,10.0,20.0,0,78.0,2.415,0,202.0,172.0,1.2,1.9,293,9,1,10
22.10.2019 10:00:00,14.0,52.0,24.4,0,0.18,0,2.0,6.0,8.0,66.0,0,67.0,3.0,0,34.0,32.0,1.3,0.9,293,10,1,10
22.10.2019 11:00:00,14.0,61.0,25.0,0,0.15,0,1.566,5.633,6.692,67.0,0,63.0,2.9,0,33.0,16.0,1.9,1.7,293,11,1,10
22.10.2019 12:00:00,16.0,61.0,25.6,0,0.15,0,1.566,5.63,6.733,75.0,0,59.0,2.426,0,39.0,44.0,2.7,2.1,293,12,1,10
22.10.2019 13:00:00,16.0,60.0,25.8,0,0.14,0,1.1,2.7,3.9,87.0,0,57.0,1.1,0,36.0,43.0,3.1,2.4,293,13,1,10
22.10.2019 14:00:00,13.0,59.0,25.8,0,0.15,0,1.0,3.9,4.9,77.0,0,56.0,1.2,0,33.0,24.0,2.3,2.0,293,14,1,10
22.10.2019 15:00:00,17.0,58.0,25.7,0,0.15,0,1.2,4.0,5.2,73.0,0,58.0,1.0,0,20.0,15.0,2.8,2.0,293,15,1,10
22.10.2019 16:00:00,13.0,54.0,25.5,0,0.15,0,1.1,4.2,5.3,57.0,0,62.0,0.8,0,33.0,30.0,2.3,2.4,293,16,1,10
22.10.2019 17:00:00,13.0,54.0,25.0,0,0.15,0,1.1,3.4,4.5,51.0,0,64.0,0.9,0,47.0,48.0,4.7,3.5,293,17,1,10
22.10.2019 18:00:00,13.0,55.0,24.7,0,0.14,0,0.5,3.3,3.9,44.0,0,66.0,0.9,0,48.0,48.0,3.9,4.0,293,18,1,10
22.10.2019 19:00:00,10.0,58.0,24.5,0,0.13,0,0.4,3.4,3.8,42.0,0,67.0,1.1,0,52.0,62.0,2.1,3.7,293,19,1,10
22.10.2019 20:00:00,15.0,31.0,23.6,0,0.22,0,1.1,13.0,14.0,25.0,0,74.0,1.1,0,194.0,202.0,2.2,1.4,293,20,1,10
22.10.2019 21:00:00,11.0,31.0,22.8,0,0.18,0,0.9,7.1,7.9,21.0,0,79.0,1.3,0,208.0,211.0,2.5,2.2,293,21,1,10
22.10.2019 22:00:00,12.0,30.0,22.3,0,0.16,0,0.7,4.6,5.3,19.0,0,82.0,1.0,0,207.0,207.0,2.9,2.6,293,22,1,10
22.10.2019 23:00:00,12.0,29.0,22.0,0,0.14,0,0.6,3.2,3.8,22.0,0,84.0,1.0,0,210.0,208.0,3.2,2.9,293,23,1,10
22.10.2019 24:00:00,13.0,28.0,21.9,0,0.14,0,0.2,2.7,2.9,21.0,0,85.0,1.3,0,209.0,211.0,2.7,3.0,293,24,1,10
23.10.2019 01:00:00,12.0,30.0,21.8,0,0.13,0,0.5,2.2,2.8,26.0,0,86.0,1.4,0,210.0,211.0,3.3,3.2,294,1,2,10
23.10.2019 02:00:00,10.0,29.0,21.5,0,0.12,0,0.4,1.5,1.9,18.0,0,87.0,0.9,0,210.0,212.0,3.2,3.4,294,2,2,10
23.10.2019 03:00:00,11.0,27.0,21.4,0,0.12,0,0.3,1.8,2.1,19.0,0,88.0,0.9,0,209.0,208.0,3.3,3.2,294,3,2,10
23.10.2019 04:00:00,9.0,27.0,21.2,0,0.12,0,0.3,1.8,2.1,20.0,0,89.0,1.2,0,209.0,202.0,3.0,3.3,294,4,2,10
23.10.2019 05:00:00,11.0,28.0,21.7,0,0.12,0,0.3,1.7,1.9,15.0,0,88.0,0.9,0,206.0,206.0,1.6,2.3,294,5,2,10
23.10.2019 06:00:00,13.0,38.0,22.7,0,0.12,0,0.3,2.8,3.1,26.0,0,86.0,1.1,0,65.0,22.0,3.1,0.5,294,6,2,10
23.10.2019 07:00:00,11.0,48.0,24.1,0,0.14,0,0.8,5.0,5.8,59.0,0,78.0,1.3,0,31.0,83.0,2.3,2.9,294,7,2,10
23.10.2019 08:00:00,15.0,25.0,22.8,0,0.26,0,1.9,11.0,13.0,26.0,0,86.0,1.2,0,153.0,156.0,1.5,0.8,294,8,2,10
23.10.2019 09:00:00,14.0,24.0,22.9,0,0.24,0,2.3,11.0,14.0,24.0,0,87.0,1.3,0,210.0,215.0,1.2,1.2,294,9,2,10
23.10.2019 10:00:00,13.0,20.0,23.4,0,0.39,0,5.1,19.0,24.0,33.0,0,84.0,1.8,0,352.0,349.0,1.9,0.4,294,10,2,10
23.10.2019 11:00:00,16.0,49.0,24.2,0,0.16,0,1.4,7.0,8.4,63.0,0,75.0,1.7,0,356.0,351.0,2.7,2.7,294,11,2,10
23.10.2019 12:00:00,12.0,51.0,24.5,0,0.15,0,1.3,5.5,6.8,61.0,0,72.0,1.6,0,2.3,11.0,3.1,2.6,294,12,2,10
23.10.2019 13:00:00,11.0,55.0,24.9,0,0.13,0,0.7,1.9,2.6,60.0,0,69.0,1.5,0,17.0,17.0,3.4,3.4,294,13,2,10
23.10.2019 14:00:00,12.0,56.0,25.0,0,0.13,0,0.7,1.8,2.5,47.0,0,68.0,1.4,0,19.0,19.0,3.9,3.9,294,14,2,10
23.10.2019 15:00:00,14.0,56.0,25.0,0,0.14,0,0.7,2.7,3.4,49.0,0,67.0,1.4,0,19.0,22.0,3.5,3.7,294,15,2,10
23.10.2019 16:00:00,15.0,55.0,24.7,0,0.14,0,0.9,3.1,3.9,57.0,0,67.0,1.4,0,20.0,19.0,3.8,3.4,294,16,2,10
23.10.2019 17:00:00,13.0,53.0,24.5,0,0.17,0,0.8,5.5,6.3,56.0,0,67.0,1.3,0,15.0,353.0,1.9,2.6,294,17,2,10
23.10.2019 18:00:00,15.0,34.0,23.6,0,0.24,0,1.0,11.0,12.0,25.0,0,74.0,1.4,0,209.0,199.0,2.7,1.2,294,18,2,10
23.10.2019 19:00:00,17.0,28.0,22.7,0,0.22,0,1.2,9.6,11.0,24.0,0,81.0,1.4,0,210.0,213.0,2.5,2.3,294,19,2,10
23.10.2019 20:00:00,15.0,26.0,22.4,0,0.19,0,0.8,6.7,7.4,21.0,0,84.0,1.7,0,213.0,209.0,2.7,2.5,294,20,2,10
23.10.2019 21:00:00,10.0,29.0,22.4,0,0.17,0,0.8,4.4,5.2,20.0,0,84.0,1.6,0,210.0,208.0,2.8,2.6,294,21,2,10
23.10.2019 22:00:00,15.0,38.0,23.0,0,0.16,0,0.7,3.8,4.4,24.0,0,84.0,1.4,0,123.0,49.0,7.2,0.7,294,22,2,10
23.10.2019 23:00:00,14.0,62.0,24.3,0,0.14,0,0.5,1.4,1.9,67.0,0,77.0,1.3,0,42.0,42.0,3.9,4.9,294,23,2,10
23.10.2019 24:00:00,16.0,63.0,24.3,0,0.14,0,0.8,1.2,1.9,56.0,0,74.0,0.9,0,43.0,40.0,4.2,4.6,294,24,2,10
24.10.2019 01:00:00,18.0,64.0,24.2,0,0.15,0,0.5,2.0,2.5,84.0,0,73.0,0.3,0,36.0,44.0,4.5,3.4,295,1,3,10
24.10.2019 02:00:00,14.0,53.0,23.6,0,0.15,0,0.3,2.7,3.0,55.0,0,73.0,2.0,0,61.0,174.0,1.1,1.8,295,2,3,10
24.10.2019 03:00:00,11.0,39.0,22.0,0,0.15,0,0.4,2.9,3.2,23.0,0,82.0,1.9,0,194.0,205.0,1.3,0.9,295,3,3,10
24.10.2019 04:00:00,15.0,36.0,21.3,0,0.15,0,0.5,2.9,3.4,17.0,0,85.0,2.1,0,197.0,197.0,2.6,1.3,295,4,3,10
24.10.2019 05:00:00,13.0,33.0,20.8,0,0.15,0,0.5,3.1,3.6,19.0,0,87.0,2.0,0,197.0,199.0,2.8,2.4,295,5,3,10
24.10.2019 06:00:00,10.0,44.0,21.5,0,0.17,0,0.5,3.7,4.2,27.0,0,84.0,2.4,0,169.0,32.0,3.1,0.4,295,6,3,10
24.10.2019 07:00:00,23.0,65.0,24.0,0,0.21,0,0.5,5.6,6.0,70.0,0,69.0,2.9,0,21.0,22.0,6.7,5.7,295,7,3,10
24.10.2019 08:00:00,19.0,62.0,24.2,0,0.21,0,0.9,5.3,6.1,66.0,0,70.0,2.6,0,20.0,21.0,6.6,6.2,295,8,3,10
24.10.2019 09:00:00,22.0,64.0,24.1,0,0.21,0,0.8,5.3,6.1,66.0,0,70.0,2.4,0,17.0,11.0,4.2,5.3,295,9,3,10
24.10.2019 10:00:00,24.0,64.0,24.7,0,0.22,0,1.0,5.7,6.7,71.0,0,67.0,2.4,0,14.0,18.0,4.9,3.9,295,10,3,10
24.10.2019 11:00:00,21.0,63.0,24.9,0,0.2,0,1.2,6.5,7.7,68.0,0,68.0,2.9,0,17.0,20.0,4.8,4.4,295,11,3,10
24.10.2019 12:00:00,17.0,60.0,25.0,0,0.17,0,1.0,4.8,5.8,60.0,0,71.0,2.7,0,17.0,20.0,4.6,4.5,295,12,3,10
24.10.2019 13:00:00,13.0,59.0,25.3,0,0.15,0,1.2,4.3,5.5,53.0,0,72.0,2.5,0,20.0,21.0,4.4,4.5,295,13,3,10
24.10.2019 14:00:00,15.0,61.0,25.1,0,0.15,0,0.9,4.0,4.9,59.0,0,74.0,2.8,0,20.0,20.0,6.7,5.5,295,14,3,10
24.10.2019 15:00:00,16.0,62.0,24.9,0,0.15,0,0.5,4.0,4.4,60.0,0,75.0,2.9,0,21.0,22.0,5.9,6.0,295,15,3,10
24.10.2019 16:00:00,15.0,58.0,24.8,0,0.15,0,0.7,5.5,6.2,80.0,0,76.0,2.4,0,21.0,21.0,5.1,5.3,295,16,3,10
24.10.2019 17:00:00,15.0,55.0,24.7,0,0.16,0,0.8,5.7,6.5,66.0,0,77.0,2.2,0,31.0,40.0,4.1,4.5,295,17,3,10
24.10.2019 18:00:00,16.0,54.0,24.6,0,0.16,0,1.2,7.3,8.5,61.0,0,77.0,2.4,0,43.0,45.0,4.8,4.3,295,18,3,10
24.10.2019 19:00:00,18.0,54.0,24.6,0,0.15,0,1.0,6.1,7.1,60.0,0,76.0,2.2,0,43.0,44.0,4.6,3.8,295,19,3,10
24.10.2019 20:00:00,11.0,58.0,24.6,0,0.12,0,0.5,2.9,3.4,50.0,0,74.0,2.2,0,46.0,45.0,5.9,5.8,295,20,3,10
24.10.2019 21:00:00,12.0,57.0,24.5,0,0.13,0,0.6,3.7,4.3,45.0,0,71.0,2.5,0,50.0,51.0,5.2,6.0,295,21,3,10
24.10.2019 22:00:00,16.0,56.0,24.6,0,0.12,0,0.8,4.7,5.5,59.0,0,69.0,2.7,0,50.0,45.0,5.8,5.3,295,22,3,10
24.10.2019 23:00:00,13.0,60.0,24.5,0,0.13,0,0.8,2.9,3.6,60.0,0,72.0,2.0,0,44.0,43.0,5.1,5.6,295,23,3,10
24.10.2019 24:00:00,16.0,62.0,24.3,0,0.13,0,0.4,3.1,3.5,54.0,0,76.0,2.0,0,48.0,48.0,6.2,6.1,295,24,3,10
25.10.2019 01:00:00,17.0,62.0,24.1,0,0.13,0,0.7,3.1,3.8,65.0,0,72.0,2.8,0,46.0,44.0,5.7,5.9,296,1,4,10
25.10.2019 02:00:00,16.0,62.0,24.0,0,0.14,0,-0.1,1.4,1.3,60.0,0,70.0,1.4,0,46.0,48.0,6.2,6.1,296,2,4,10
25.10.2019 03:00:00,14.0,62.0,23.9,0,0.15,0,0.1,2.5,2.6,72.0,0,69.0,1.5,0,46.0,49.0,5.4,5.2,296,3,4,10
25.10.2019 04:00:00,17.0,64.0,23.7,0,0.17,0,0.2,2.7,2.9,66.0,0,70.0,1.7,0,46.0,48.0,4.7,5.0,296,4,4,10
25.10.2019 05:00:00,17.0,66.0,23.6,0,0.18,0,-0.1,2.7,2.6,61.0,0,69.0,1.6,0,46.0,45.0,4.8,5.0,296,5,4,10
25.10.2019 06:00:00,13.0,61.0,23.5,0,0.16,0,0.0,3.0,3.0,59.0,0,66.0,1.3,0,45.0,46.0,3.4,4.2,296,6,4,10
25.10.2019 07:00:00,12.0,53.0,23.3,0,0.19,0,0.6,6.0,6.6,51.0,0,66.0,1.6,0,51.0,57.0,2.8,3.8,296,7,4,10
25.10.2019 08:00:00,12.0,47.0,23.5,0,0.23,0,1.8,8.5,10.0,56.0,0,66.0,1.7,0,50.0,47.0,4.4,3.3,296,8,4,10
25.10.2019 09:00:00,11.0,57.0,24.4,0,0.14,0,0.3,2.0,2.4,40.0,0,61.0,1.8,0,48.0,48.0,5.7,5.4,296,9,4,10
25.10.2019 10:00:00,10.0,57.0,24.9,0,0.14,0,0.2,2.6,2.8,49.0,0,60.0,1.7,0,49.0,50.0,4.0,4.4,296,10,4,10
25.10.2019 11:00:00,10.0,58.0,25.3,0,0.14,0,0.4,2.8,3.1,53.0,0,60.0,2.1,0,49.0,50.0,3.8,3.9,296,11,4,10
25.10.2019 12:00:00,8.0,58.0,25.6,0,0.14,0,0.3,2.1,2.4,54.0,0,62.0,1.8,0,47.0,45.0,3.6,3.3,296,12,4,10
25.10.2019 13:00:00,11.0,57.0,25.8,0,0.15,0,0.5,2.8,3.3,61.0,0,63.0,1.7,0,44.0,36.0,3.0,3.1,296,13,4,10
25.10.2019 14:00:00,11.0,55.0,25.7,0,0.17,0,0.7,3.1,3.8,75.0,0,65.0,1.9,0,42.0,36.0,3.3,3.1,296,14,4,10
25.10.2019 15:00:00,17.0,52.0,25.7,0,0.18,0,0.9,6.1,7.0,99.0,0,66.0,2.0,0,29.0,32.0,3.5,2.8,296,15,4,10
25.10.2019 16:00:00,20.0,51.0,25.0,0,0.18,0,1.4,9.0,10.0,91.0,0,69.0,2.0,0,33.0,47.0,3.4,3.2,296,16,4,10
25.10.2019 17:00:00,21.0,52.0,24.7,0,0.21,0,1.0,6.6,7.6,100.0,0,70.0,1.8,0,36.0,40.0,3.4,3.0,296,17,4,10
25.10.2019 18:00:00,16.0,51.0,24.6,0,0.19,0,0.6,5.0,5.6,64.0,0,71.0,1.8,0,42.0,37.0,3.3,3.3,296,18,4,10
25.10.2019 19:00:00,21.0,52.0,24.6,0,0.18,0,0.5,6.3,6.9,69.0,0,73.0,1.7,0,31.0,35.0,3.5,3.3,296,19,4,10
25.10.2019 20:00:00,15.0,52.0,24.5,0,0.17,0,0.3,5.7,6.0,59.0,0,72.0,1.9,0,33.0,29.0,4.1,3.3,296,20,4,10
25.10.2019 21:00:00,19.0,52.0,24.6,0,0.17,0,0.4,4.4,4.7,68.0,0,73.0,1.5,0,35.0,41.0,3.7,3.5,296,21,4,10
25.10.2019 22:00:00,13.0,55.0,24.6,0,0.14,0,0.0,2.3,2.3,59.0,0,71.0,1.7,0,47.0,49.0,7.4,6.4,296,22,4,10
25.10.2019 23:00:00,14.0,57.0,24.6,0,0.14,0,-0.2,1.7,1.5,51.0,0,71.0,1.5,0,50.0,49.0,6.8,6.9,296,23,4,10
25.10.2019 24:00:00,14.0,57.0,24.5,0,0.14,0,0.0,1.7,1.7,38.0,0,70.0,1.4,0,47.0,49.0,6.6,6.3,296,24,4,10
26.10.2019 01:00:00,17.0,56.0,24.4,0,0.14,0,0.1,1.9,2.0,51.0,0,70.0,2.1,0,48.0,44.0,5.5,5.5,297,1,5,10
26.10.2019 02:00:00,14.0,55.0,24.2,0,0.14,0,0.5,2.7,3.2,55.0,0,74.0,2.1,0,40.0,42.0,5.8,4.7,297,2,5,10
26.10.2019 03:00:00,13.0,57.0,23.9,0,0.14,0,0.5,2.5,3.0,42.0,0,76.0,2.2,0,47.0,49.0,7.2,6.9,297,3,5,10
26.10.2019 04:00:00,12.0,59.0,23.7,0,0.14,0,0.6,2.3,2.9,42.0,0,77.0,2.0,0,49.0,48.0,6.5,6.7,297,4,5,10
26.10.2019 05:00:00,14.0,62.0,23.6,0,0.0,0,0.9,2.8,3.6,35.0,0,76.0,2.1,0,47.0,50.0,8.7,6.7,297,5,5,10
26.10.2019 06:00:00,14.0,63.0,23.5,0,0.16,0,0.6,3.6,4.2,44.0,0,74.0,2.0,0,57.0,42.0,4.9,4.3,297,6,5,10
26.10.2019 07:00:00,16.0,63.0,23.9,0,0.16,0,0.5,4.5,5.0,57.0,0,71.0,2.1,0,39.0,45.0,4.6,4.3,297,7,5,10
26.10.2019 08:00:00,15.0,62.0,24.1,0,0.17,0,0.6,5.2,5.8,58.0,0,69.0,2.4,0,46.0,49.0,4.5,4.3,297,8,5,10
26.10.2019 09:00:00,15.0,61.0,24.2,0,0.17,0,1.0,6.0,7.0,54.0,0,67.0,1.8,0,51.0,51.0,3.9,4.6,297,9,5,10
26.10.2019 10:00:00,12.0,65.0,24.5,0,0.16,0,0.7,3.7,4.4,43.0,0,66.0,2.1,0,50.0,50.0,5.2,5.2,297,10,5,10
26.10.2019 11:00:00,13.0,66.0,25.1,0,0.18,0,0.8,3.5,4.3,42.0,0,63.0,2.2,0,50.0,51.0,4.6,4.6,297,11,5,10
26.10.2019 12:00:00,13.0,66.0,24.9,0,0.18,0,1.429,5.871,7.056,49.0,0,66.0,2.0,0,49.0,48.0,5.9,5.4,297,12,5,10
26.10.2019 13:00:00,15.0,66.0,24.8,0,0.18,0,0.3,2.7,3.0,54.0,0,65.0,2.2,0,50.0,48.0,5.6,5.2,297,13,5,10
26.10.2019 14:00:00,14.0,68.0,24.6,0,0.18,0,0.1,1.7,1.8,43.0,0,62.0,2.2,0,48.0,48.0,4.9,5.4,297,14,5,10
26.10.2019 15:00:00,17.0,64.0,24.8,0,0.17,0,0.0,3.5,3.5,56.0,0,62.0,2.2,0,49.0,51.0,4.5,4.8,297,15,5,10
26.10.2019 16:00:00,15.0,59.0,24.8,0,0.18,0,0.3,5.4,5.7,62.0,0,66.0,2.3,0,51.0,44.0,4.5,4.2,297,16,5,10
26.10.2019 17:00:00,18.0,57.0,24.3,0,0.19,0,0.5,5.5,6.0,66.0,0,71.0,2.4,0,46.0,48.0,6.0,4.9,297,17,5,10
26.10.2019 18:00:00,14.0,61.0,24.2,0,0.16,0,0.0,2.1,2.1,40.0,0,67.0,2.3,0,49.0,51.0,5.8,6.2,297,18,5,10
26.10.2019 19:00:00,14.0,61.0,24.4,0,0.15,0,-0.1,2.5,2.4,44.0,0,64.0,2.1,0,50.0,48.0,5.5,5.5,297,19,5,10
26.10.2019 20:00:00,15.0,59.0,24.4,0,0.16,0,0.4,2.6,3.0,48.0,0,70.0,2.4,0,47.0,49.0,5.8,4.3,297,20,5,10
26.10.2019 21:00:00,11.0,59.0,24.4,0,0.16,0,0.2,2.3,2.6,46.0,0,71.0,2.2,0,49.0,52.0,5.2,5.2,297,21,5,10
26.10.2019 22:00:00,17.0,48.0,23.8,0,0.19,0,0.0,6.7,6.7,32.0,0,75.0,2.8,0,152.0,200.0,1.5,0.8,297,22,5,10
26.10.2019 23:00:00,17.0,38.0,23.0,0,0.2,0,0.3,7.6,7.9,25.0,0,81.0,3.2,0,193.0,202.0,1.7,1.4,297,23,5,10
26.10.2019 24:00:00,13.0,33.0,22.7,0,0.19,0,-0.1,6.8,6.7,22.0,0,82.0,3.9,0,192.0,177.0,1.7,1.4,297,24,5,10
27.10.2019 01:00:00,13.0,30.0,22.3,0,0.18,0,0.0,5.6,5.6,29.0,0,85.0,2.4,0,207.0,209.0,3.1,2.5,298,1,6,10
27.10.2019 02:00:00,14.0,29.0,22.0,0,0.17,0,0.1,3.8,3.9,18.0,0,86.0,2.7,0,199.0,187.0,2.2,2.4,298,2,6,10
27.10.2019 03:00:00,11.0,28.0,22.0,0,0.17,0,0.0,3.3,3.4,17.0,0,86.0,2.4,0,208.0,216.0,2.2,2.4,298,3,6,10
27.10.2019 04:00:00,11.0,33.0,22.3,0,0.17,0,0.1,2.9,3.1,14.0,0,83.0,2.3,0,209.0,214.0,2.3,1.9,298,4,6,10
27.10.2019 05:00:00,12.0,34.0,22.5,0,0.16,0,-0.1,2.2,2.1,26.0,0,83.0,2.2,0,191.0,203.0,2.1,1.4,298,5,6,10
27.10.2019 06:00:00,13.0,34.0,22.7,0,0.17,0,0.1,2.7,2.7,27.0,0,83.0,2.2,0,192.0,184.0,1.9,1.6,298,6,6,10
27.10.2019 07:00:00,12.0,27.0,22.3,0,0.21,0,0.3,5.8,6.1,24.0,0,85.0,2.5,0,201.0,200.0,2.2,2.1,298,7,6,10
27.10.2019 08:00:00,10.0,32.0,23.1,0,0.23,0,1.1,7.7,8.7,21.0,0,83.0,2.7,0,188.0,119.0,0.9,1.5,298,8,6,10
27.10.2019 09:00:00,10.0,53.0,23.8,0,0.21,0,0.5,5.2,5.7,36.0,0,85.0,2.4,0,40.0,39.0,4.9,5.1,298,9,6,10
27.10.2019 10:00:00,12.0,55.0,23.7,0,0.19,0,0.1,3.4,3.5,36.0,0,87.0,2.1,0,43.0,47.0,6.7,5.9,298,10,6,10
27.10.2019 11:00:00,10.0,55.0,23.8,0,0.17,0,0.3,1.7,2.0,28.0,0,85.0,2.2,0,46.0,47.0,8.4,7.2,298,11,6,10
27.10.2019 12:00:00,8.0,56.0,23.6,0,0.15,0,-0.1,1.2,1.2,31.0,0,85.0,2.0,0,48.0,47.0,7.7,7.6,298,12,6,10
27.10.2019 13:00:00,9.0,54.0,23.5,0,0.15,0,0.2,2.4,2.5,32.0,0,87.0,2.1,0,48.0,49.0,7.1,7.1,298,13,6,10
27.10.2019 14:00:00,9.0,54.0,23.7,0,0.15,0,0.0,1.1,1.1,41.0,0,87.0,2.0,0,50.0,52.0,6.9,6.9,298,14,6,10
27.10.2019 15:00:00,11.0,51.0,23.8,0,0.15,0,-0.1,2.4,2.3,43.0,0,85.0,2.0,0,46.0,43.0,7.3,7.6,298,15,6,10
27.10.2019 16:00:00,11.0,48.0,23.8,0,0.16,0,0.5,5.7,6.2,49.0,0.6,88.0,2.1,0,42.0,45.0,6.2,5.5,298,16,6,10
27.10.2019 17:00:00,7.0,51.0,23.5,0,0.14,0,0.1,2.0,2.1,28.0,0,88.0,2.1,0,48.0,45.0,7.1,7.8,298,17,6,10
27.10.2019 18:00:00,8.0,51.0,23.3,0,0.14,0,-0.1,1.4,1.3,28.0,0.2,88.0,2.0,0,48.0,51.0,8.9,7.9,298,18,6,10
27.10.2019 19:00:00,8.0,50.0,23.5,0,0.13,0,0.2,1.2,1.4,31.0,0,86.0,2.0,0,51.0,53.0,7.4,8.2,298,19,6,10
27.10.2019 20:00:00,6.0,50.0,23.7,0,0.14,0,0.2,1.6,1.7,37.0,0,84.0,2.0,0,57.0,61.0,5.3,5.5,298,20,6,10
27.10.2019 21:00:00,11.0,51.0,24.0,0,0.14,0,0.1,1.3,1.4,44.0,0,82.0,1.8,0,58.0,55.0,5.6,5.2,298,21,6,10
27.10.2019 22:00:00,11.0,50.0,24.2,0,0.14,0,0.0,1.4,1.4,51.0,0,81.0,1.9,0,58.0,59.0,4.6,4.8,298,22,6,10
27.10.2019 23:00:00,12.0,48.0,24.2,0,0.14,0,0.0,2.2,2.2,43.0,1.0,83.0,2.2,0,63.0,80.0,2.1,3.5,298,23,6,10
27.10.2019 24:00:00,9.0,47.0,23.9,0,0.15,0,0.0,3.6,3.5,25.0,0.4,88.0,2.5,0,114.0,113.0,2.0,1.2,298,24,6,10
28.10.2019 01:00:00,8.0,48.0,23.7,0,0.14,0,0.1,2.2,2.2,30.0,0.2,90.0,2.8,0,139.0,224.0,1.1,0.9,299,1,0,10
28.10.2019 02:00:00,6.0,41.0,23.4,0,0.14,0,0.7,1.9,2.6,12.0,0.4,92.0,2.2,0,170.0,142.0,0.5,0.5,299,2,0,10
28.10.2019 03:00:00,5.0,32.0,22.8,0,0.0,0,0.6,1.9,2.4,13.0,0.2,94.0,2.3,0,200.0,204.0,2.4,1.8,299,3,0,10
28.10.2019 04:00:00,6.0,28.0,22.4,0,0.15,0,0.9,1.3,2.2,10.0,0,95.0,2.3,0,205.0,206.0,2.4,2.4,299,4,0,10
28.10.2019 05:00:00,5.0,28.0,22.1,0,0.15,0,0.6,1.2,1.8,10.0,0,95.0,2.1,0,210.0,211.0,3.2,2.4,299,5,0,10
28.10.2019 06:00:00,8.0,27.0,21.9,0,0.16,0,0.8,1.4,2.2,10.0,0,94.0,2.0,0,217.0,214.0,1.3,2.5,299,6,0,10
28.10.2019 07:00:00,7.0,26.0,22.0,0,0.23,0,1.4,4.4,5.8,11.0,0,93.0,2.3,0,210.0,205.0,3.3,2.7,299,7,0,10
28.10.2019 08:00:00,11.0,27.0,23.6,0,0.3,0,3.1,8.4,12.0,24.0,0,88.0,2.6,0,204.0,196.0,1.7,1.9,299,8,0,10
28.10.2019 09:00:00,14.0,29.0,25.0,0,0.36,0,3.1,8.8,12.0,21.0,0,81.0,3.0,0,188.0,177.0,2.8,2.6,299,9,0,10
28.10.2019 10:00:00,17.0,34.0,26.1,0,0.42,0,3.2,10.0,14.0,25.0,0,77.0,3.7,0,182.0,174.0,2.8,2.6,299,10,0,10
28.10.2019 11:00:00,14.0,43.0,27.2,0,0.37,0,2.9,9.0,12.0,29.0,0,72.0,3.3,0,193.0,341.0,2.6,0.5,299,11,0,10
28.10.2019 12:00:00,12.0,46.0,26.3,0,0.29,0,2.0,8.2,10.0,49.0,0,78.0,3.7,0,346.0,342.0,4.6,2.4,299,12,0,10
28.10.2019 13:00:00,11.0,47.0,25.7,0,0.17,0,1.5,2.9,4.4,28.0,0,83.0,2.9,0,351.0,0.4,5.2,4.9,299,13,0,10
28.10.2019 14:00:00,7.0,47.0,25.9,0,0.16,0,1.4,2.2,3.6,18.0,0,80.0,2.6,0,337.0,340.0,6.0,5.1,299,14,0,10
28.10.2019 15:00:00,4.0,47.0,24.9,0,0.16,0,1.4,3.0,4.3,12.0,0,84.0,2.3,0,339.0,348.0,3.5,4.8,299,15,0,10
28.10.2019 16:00:00,5.0,48.0,24.2,0,0.16,0,1.0,3.4,4.4,18.0,0,86.0,2.2,0,338.0,326.0,4.6,4.2,299,16,0,10
28.10.2019 17:00:00,7.0,47.0,23.5,0,0.19,0,1.1,4.2,5.3,10.0,0,88.0,2.1,0,324.0,312.0,3.0,3.3,299,17,0,10
28.10.2019 18:00:00,9.0,45.0,23.4,0,0.19,0,1.1,3.9,5.0,13.0,2.6,89.0,2.0,0,323.0,303.0,2.0,2.6,299,18,0,10
28.10.2019 19:00:00,7.0,47.0,23.0,0,0.17,0,0.8,2.5,3.4,10.0,4.4,90.0,1.8,0,311.0,328.0,3.0,1.4,299,19,0,10
28.10.2019 20:00:00,6.0,45.0,22.7,0,0.19,0,0.9,3.6,4.5,17.0,5.2,91.0,1.9,0,338.0,347.0,1.9,2.1,299,20,0,10
28.10.2019 21:00:00,6.0,44.0,22.4,0,0.18,0,1.4,4.5,5.9,9.0,5.4,93.0,1.8,0,347.0,341.0,1.2,1.2,299,21,0,10
28.10.2019 22:00:00,5.0,44.0,22.3,0,0.17,0,1.1,3.9,5.0,5.0,5.8,93.0,1.8,0,281.0,202.0,1.0,0.6,299,22,0,10
28.10.2019 23:00:00,5.0,46.0,22.6,0,0.19,0,0.6,3.6,4.2,25.0,0.2,93.0,2.0,0,11.0,9.6,2.2,1.5,299,23,0,10
28.10.2019 24:00:00,6.0,52.0,23.1,0,0.19,0,0.6,1.0,1.6,44.0,0,89.0,1.8,0,21.0,23.0,2.9,3.2,299,24,0,10
29.10.2019 01:00:00,4.0,51.0,23.3,0,0.19,0,0.6,1.6,2.2,61.0,0,87.0,2.2,0,17.0,21.0,5.2,3.9,300,1,1,10
29.10.2019 02:00:00,4.0,49.0,23.3,0,0.19,0,0.2,3.0,3.2,43.0,0.2,85.0,2.8,0,7.0,337.0,1.7,2.6,300,2,1,10
29.10.2019 03:00:00,3.0,49.0,22.6,0,0.19,0,0.4,2.4,2.8,10.0,1.4,90.0,2.7,0,334.0,334.0,2.6,1.3,300,3,1,10
29.10.2019 04:00:00,3.0,52.0,22.3,0,0.18,0,0.4,2.0,2.4,11.0,1.6,91.0,2.5,0,355.0,7.0,5.5,3.3,300,4,1,10
29.10.2019 05:00:00,3.0,50.0,22.7,0,0.18,0,0.3,2.0,2.3,22.0,0,90.0,2.5,0,16.0,21.0,8.4,6.6,300,5,1,10
29.10.2019 06:00:00,6.0,48.0,22.6,0,0.2,0,0.4,2.6,3.0,26.0,0,90.0,2.4,0,20.0,22.0,11.0,9.2,300,6,1,10
29.10.2019 07:00:00,5.0,47.0,22.3,0,0.22,0,0.6,3.5,4.1,23.0,0,90.0,2.4,0,22.0,23.0,8.3,9.7,300,7,1,10
29.10.2019 08:00:00,5.0,44.0,21.8,0,0.25,0,0.6,3.4,4.0,31.0,1.2,91.0,2.5,0,20.0,18.0,7.7,8.4,300,8,1,10
29.10.2019 09:00:00,6.0,40.0,21.3,0,0.28,0,0.7,4.1,4.8,26.0,2.6,92.0,2.5,0,11.0,5.3,4.8,5.1,300,9,1,10
29.10.2019 10:00:00,5.0,41.0,21.2,0,0.28,0,0.9,4.4,5.3,20.0,3.0,93.0,2.5,0,4.5,3.9,5.2,4.7,300,10,1,10
29.10.2019 11:00:00,6.0,47.0,21.0,0,0.31,0,0.7,4.2,4.8,18.0,1.6,93.0,2.5,0,359.0,356.0,6.0,4.7,300,11,1,10
29.10.2019 12:00:00,5.0,49.0,21.0,0,0.3,0,0.9,4.6,5.5,30.0,1.8,92.0,2.3,0,2.6,0.3,5.2,4.9,300,12,1,10
29.10.2019 13:00:00,11.0,50.0,20.9,0,0.32,0,1.0,5.1,6.1,33.0,1.2,92.0,2.4,0,360.0,0.3,5.5,4.1,300,13,1,10
29.10.2019 14:00:00,16.0,54.0,21.1,0,0.35,0,0.7,4.7,5.4,40.0,1.0,92.0,2.3,0,4.0,4.4,4.0,4.1,300,14,1,10
29.10.2019 15:00:00,14.0,48.0,21.1,0,0.36,0,1.1,8.5,9.6,36.0,2.4,92.0,2.7,0,354.0,355.0,3.6,3.3,300,15,1,10
29.10.2019 16:00:00,21.0,53.0,21.6,0,0.38,0,0.7,6.4,7.1,49.0,4.8,92.0,2.7,0,16.0,20.0,5.2,4.9,300,16,1,10
29.10.2019 17:00:00,10.0,54.0,22.4,0,0.36,0,0.7,5.4,6.1,62.0,0.4,87.0,2.5,0,23.0,22.0,8.0,6.9,300,17,1,10
29.10.2019 18:00:00,12.0,53.0,23.0,0,0.34,0,0.8,6.5,7.3,74.0,0,86.0,2.6,0,23.0,28.0,5.8,6.1,300,18,1,10
29.10.2019 19:00:00,11.0,52.0,22.8,0,0.26,0,0.6,4.5,5.1,53.0,2.8,88.0,2.4,0,23.0,26.0,6.1,6.1,300,19,1,10
29.10.2019 20:00:00,9.0,53.0,22.6,0,0.23,0,0.4,3.6,4.1,55.0,0.2,90.0,2.8,0,26.0,23.0,7.6,5.8,300,20,1,10
29.10.2019 21:00:00,16.0,59.0,23.2,0,0.29,0,0.3,3.6,3.9,73.0,0,87.0,2.4,0,28.0,35.0,5.5,6.3,300,21,1,10
29.10.2019 22:00:00,21.0,62.0,23.6,0,0.31,0,0.2,3.8,4.1,91.0,0.2,85.0,2.7,0,37.0,45.0,7.1,5.1,300,22,1,10
29.10.2019 23:00:00,17.0,62.0,23.3,0,0.28,0,0.3,3.2,3.5,58.0,4.8,86.0,2.6,0,45.0,37.0,6.3,7.2,300,23,1,10
29.10.2019 24:00:00,14.0,68.0,22.6,0,0.3,0,0.5,3.4,3.9,52.0,2.8,90.0,2.9,0,35.0,30.0,5.9,5.5,300,24,1,10
30.10.2019 01:00:00,21.0,76.0,22.9,0,0.32,0,0.5,3.7,4.2,73.0,0,87.0,3.1,0,24.0,24.0,8.2,6.5,301,1,2,10
30.10.2019 02:00:00,29.0,83.0,22.9,0,0.34,0,0.3,3.3,3.5,78.0,0,86.0,2.2,0,21.0,21.0,9.4,9.0,301,2,2,10
30.10.2019 03:00:00,30.0,88.0,23.3,0,0.35,0,0.2,3.9,4.0,99.0,0,82.0,2.6,0,23.0,21.0,11.0,8.7,301,3,2,10
30.10.2019 04:00:00,42.0,83.0,23.2,0,0.34,0,0.1,4.3,4.3,141.0,0,80.0,2.8,0,31.0,41.0,6.4,6.9,301,4,2,10
30.10.2019 05:00:00,67.0,78.0,23.4,0,0.3,0,0.3,3.8,4.0,244.0,0,75.0,2.8,0,29.0,24.0,7.0,6.4,301,5,2,10
30.10.2019 06:00:00,88.0,74.0,23.2,0,0.31,0,0.3,4.2,4.5,310.0,0,75.0,3.0,0,32.0,34.0,5.7,5.3,301,6,2,10
30.10.2019 07:00:00,90.0,71.0,23.2,0,0.3,0,0.2,5.4,5.6,318.0,0,74.0,2.9,0,39.0,42.0,5.7,5.1,301,7,2,10
30.10.2019 08:00:00,81.0,71.0,23.3,0,0.29,0,0.2,5.0,5.2,295.0,0,73.0,2.7,0,43.0,42.0,6.4,6.0,301,8,2,10
30.10.2019 09:00:00,70.0,73.0,23.4,0,0.29,0,0.2,4.6,4.8,254.0,0,74.0,2.8,0,46.0,40.0,5.1,6.8,301,9,2,10
30.10.2019 10:00:00,69.0,76.0,23.5,0,0.3,0,0.2,5.4,5.6,244.0,0,75.0,2.6,0,45.0,48.0,8.1,7.1,301,10,2,10
30.10.2019 11:00:00,57.0,80.0,23.7,0,0.3,0,0.3,4.7,5.0,190.0,0,76.0,2.5,0,46.0,47.0,7.0,7.2,301,11,2,10
30.10.2019 12:00:00,44.0,83.0,23.8,0,0.31,0,0.3,4.9,5.2,144.0,0,78.0,2.5,0,46.0,47.0,7.3,7.0,301,12,2,10
30.10.2019 13:00:00,36.0,85.0,23.9,0,0.32,0,0.2,5.2,5.5,109.0,0,79.0,2.5,0,44.0,44.0,5.9,6.6,301,13,2,10
30.10.2019 14:00:00,32.0,87.0,23.9,0,0.33,0,0.3,5.6,6.0,105.0,0,81.0,2.5,0,43.0,41.0,6.3,5.9,301,14,2,10
30.10.2019 15:00:00,34.0,86.0,24.0,0,0.34,0,-0.1,6.5,6.5,91.0,0,81.0,2.6,0,43.0,43.0,6.7,5.9,301,15,2,10
30.10.2019 16:00:00,28.0,87.0,24.0,0,0.34,0,0.5,5.4,5.9,84.0,0,81.0,2.4,0,44.0,45.0,7.3,6.6,301,16,2,10
30.10.2019 17:00:00,30.0,87.0,24.0,0,0.34,0,0.4,4.2,4.6,78.0,0,79.0,2.2,0,44.0,44.0,8.0,7.8,301,17,2,10
30.10.2019 18:00:00,31.0,88.0,23.9,0,0.34,0,0.2,3.8,4.0,77.0,0,81.0,2.4,0,49.0,50.0,9.0,8.5,301,18,2,10
30.10.2019 19:00:00,30.0,90.0,23.5,0,0.34,0,0.2,3.5,3.7,71.0,0,82.0,2.3,0,47.0,47.0,8.3,9.0,301,19,2,10
30.10.2019 20:00:00,32.0,88.0,23.8,0,0.33,0,0.1,3.9,4.0,78.0,0,81.0,2.5,0,46.0,48.0,8.0,7.7,301,20,2,10
30.10.2019 21:00:00,28.0,87.0,24.1,0,0.34,0,0.0,3.4,3.4,77.0,0,79.0,2.1,0,46.0,48.0,7.6,7.4,301,21,2,10
30.10.2019 22:00:00,28.0,83.0,24.3,0,0.31,0,0.0,2.7,2.8,78.0,0,79.0,2.1,0,47.0,43.0,6.6,7.5,301,22,2,10
30.10.2019 23:00:00,31.0,74.0,24.3,0,0.26,0,0.0,3.3,3.3,97.0,0,82.0,2.2,0,45.0,44.0,7.3,6.4,301,23,2,10
30.10.2019 24:00:00,36.0,74.0,24.2,0,0.24,0,0.2,3.0,3.1,110.0,0,83.0,2.5,0,41.0,42.0,5.8,5.5,301,24,2,10
31.10.2019 01:00:00,34.0,74.0,24.1,0,0.24,0,0.1,2.8,2.9,120.0,0,83.0,2.2,0,43.0,45.0,8.7,6.3,302,1,3,10
31.10.2019 02:00:00,34.0,74.0,24.2,0,0.22,0,-0.3,1.3,1.0,101.0,0,85.0,1.2,0,50.0,53.0,7.2,7.6,302,2,3,10
31.10.2019 03:00:00,34.0,73.0,23.9,0,0.22,0,-0.5,1.3,0.8,90.0,0,88.0,1.3,0,50.0,50.0,9.7,9.0,302,3,3,10
31.10.2019 04:00:00,32.0,71.0,23.0,0,0.21,0,-0.2,1.4,1.1,63.0,0.8,93.0,1.4,0,46.0,45.0,6.7,7.6,302,4,3,10
31.10.2019 05:00:00,32.0,71.0,22.9,0,0.21,0,-0.3,1.4,1.1,72.0,0.2,94.0,1.2,0,37.0,34.0,6.7,6.5,302,5,3,10
31.10.2019 06:00:00,28.0,70.0,22.8,0,0.2,0,-0.4,2.8,2.4,86.0,0.2,93.0,1.3,0,31.0,36.0,6.4,5.6,302,6,3,10
31.10.2019 07:00:00,32.0,69.0,22.8,0,0.21,0,-0.1,2.3,2.2,85.0,0,93.0,1.2,0,29.0,27.0,6.5,6.4,302,7,3,10
31.10.2019 08:00:00,30.0,67.0,23.3,0,0.2,0,0.2,3.9,4.2,99.0,0,90.0,1.4,0,35.0,43.0,7.9,6.3,302,8,3,10
31.10.2019 09:00:00,27.0,65.0,23.7,0,0.19,0,-0.1,3.6,3.5,95.0,0,88.0,1.4,0,40.0,36.0,6.4,7.1,302,9,3,10
31.10.2019 10:00:00,27.0,64.0,23.8,0,0.18,0,1.181,5.654,6.821,98.0,0,90.0,1.5,0,37.0,36.0,5.1,5.6,302,10,3,10
31.10.2019 11:00:00,23.681,63.0,23.9,0,0.0,0,1.18,5.595,6.725,78.306,0.2,91.0,2.285,0,41.0,31.0,5.4,5.8,302,11,3,10
31.10.2019 12:00:00,25.0,63.236,24.1,0,0.19,0,0.9,5.6,6.5,88.0,0.6,92.0,1.2,0,33.0,27.0,6.0,5.2,302,12,3,10
31.10.2019 13:00:00,22.0,60.0,24.2,0,0.18,0,0.6,4.8,5.4,79.0,0.6,91.0,1.3,0,39.0,48.0,7.2,6.0,302,13,3,10
31.10.2019 14:00:00,21.0,61.0,24.4,0,0.17,0,0.6,2.7,3.3,71.0,0.2,90.0,1.3,0,42.0,35.0,7.3,6.4,302,14,3,10
31.10.2019 15:00:00,24.0,59.0,24.5,0,0.17,0,0.8,4.5,5.3,76.0,0.2,90.0,1.2,0,42.0,37.0,5.7,6.2,302,15,3,10
31.10.2019 16:00:00,23.0,59.0,24.4,0,0.18,0,0.7,4.3,5.1,78.0,0.2,91.0,1.2,0,39.0,43.0,6.9,6.0,302,16,3,10
31.10.2019 17:00:00,24.0,57.0,24.2,0,0.18,0,0.7,5.2,5.8,79.0,0.2,91.0,1.5,0,41.0,39.0,5.4,5.5,302,17,3,10
31.10.2019 18:00:00,21.0,58.0,24.3,0,0.17,0,0.3,3.8,4.2,88.0,0,91.0,1.4,0,39.0,39.0,5.0,4.7,302,18,3,10
31.10.2019 19:00:00,24.0,58.0,24.5,0,0.17,0,0.6,4.0,4.6,95.0,0,89.0,1.1,0,35.0,38.0,5.3,4.7,302,19,3,10
31.10.2019 20:00:00,21.0,58.0,24.5,0,0.16,0,0.9,2.9,3.8,84.0,0,88.0,1.3,0,40.0,36.0,5.1,4.9,302,20,3,10
31.10.2019 21:00:00,19.0,58.0,24.5,0,0.16,0,0.7,3.2,3.8,72.0,0,88.0,1.1,0,42.0,45.0,5.2,5.3,302,21,3,10
31.10.2019 22:00:00,17.0,57.0,24.6,0,0.15,0,0.3,3.5,3.8,65.0,0,87.0,1.5,0,46.0,48.0,5.8,6.4,302,22,3,10
31.10.2019 23:00:00,15.0,58.0,24.7,0,0.15,0,0.3,2.1,2.4,63.0,0.2,86.0,1.3,0,50.0,51.0,7.7,7.3,302,23,3,10
31.10.2019 24:00:00,20.0,58.0,24.8,0,0.14,0,0.3,1.7,2.0,61.0,0,85.0,1.0,0,51.0,53.0,7.3,7.5,302,24,3,10
01.11.2019 01:00:00,18.0,56.0,24.9,0,0.13,0,0.3,2.1,2.4,70.0,0,85.0,1.3,0,54.0,53.0,4.9,5.2,303,1,4,11
01.11.2019 02:00:00,18.0,56.0,24.8,0,0.15,0,0.6,1.6,2.3,65.0,0,86.0,1.3,0,51.0,51.0,3.2,3.9,303,2,4,11
01.11.2019 03:00:00,16.0,55.0,24.7,0,0.15,0,0.6,2.2,2.8,61.0,0,84.0,1.5,0,51.0,50.0,3.1,3.4,303,3,4,11
01.11.2019 04:00:00,14.0,53.0,24.6,0,0.14,0,0.5,2.3,2.8,64.0,0,84.0,1.4,0,42.0,42.0,3.0,2.8,303,4,4,11
01.11.2019 05:00:00,14.0,51.0,24.6,0,0.13,0,0.9,3.0,3.9,66.0,0,85.0,1.3,0,43.0,46.0,3.8,3.1,303,5,4,11
01.11.2019 06:00:00,10.0,49.0,24.5,0,0.13,0,0.6,3.2,3.8,56.0,0,85.0,1.3,0,43.0,37.0,2.9,3.4,303,6,4,11
01.11.2019 07:00:00,13.0,43.0,24.4,0,0.14,0,1.4,7.4,8.8,70.0,0,86.0,1.9,0,28.0,26.0,4.3,3.8,303,7,4,11
01.11.2019 08:00:00,11.0,41.0,24.3,0,0.17,0,1.9,9.7,12.0,74.0,0,85.0,1.4,0,26.0,25.0,3.8,3.8,303,8,4,11
01.11.2019 09:00:00,11.0,41.0,24.3,0,0.16,0,2.1,8.7,11.0,74.0,0,85.0,1.7,0,34.0,37.0,2.9,3.3,303,9,4,11
01.11.2019 10:00:00,10.0,43.0,24.4,0,0.14,0,2.3,7.3,9.6,55.0,0,83.0,1.8,0,43.0,47.0,4.7,3.9,303,10,4,11
01.11.2019 11:00:00,9.0,47.0,24.5,0,0.11,0,1.2,4.7,5.9,42.0,0,81.0,1.3,0,47.0,46.0,4.6,5.2,303,11,4,11
01.11.2019 12:00:00,9.0,47.0,24.9,0,0.11,0,2.0,4.1,6.1,41.0,0,78.0,1.4,0,48.0,48.0,4.8,5.1,303,12,4,11
01.11.2019 13:00:00,11.0,47.0,24.9,0,0.11,0,1.6,3.1,4.7,37.0,0,77.0,1.1,0,50.0,48.0,4.2,4.5,303,13,4,11
01.11.2019 14:00:00,9.0,49.0,24.8,0,0.1,0,1.6,3.3,4.9,36.0,0,78.0,1.2,0,50.0,49.0,6.3,5.3,303,14,4,11
01.11.2019 15:00:00,10.0,47.0,24.6,0,0.1,0,1.5,5.8,7.3,41.0,0,78.0,1.2,0,51.0,50.0,5.8,5.7,303,15,4,11
01.11.2019 16:00:00,10.0,43.0,24.5,0,0.1,0,1.5,5.9,7.4,38.0,0,78.0,1.2,0,50.0,50.0,5.7,5.9,303,16,4,11
01.11.2019 17:00:00,11.0,46.0,24.4,0,0.09,0,1.1,4.0,5.1,35.0,0,78.0,1.3,0,50.0,52.0,6.7,6.3,303,17,4,11
01.11.2019 18:00:00,8.0,47.0,24.2,0,0.09,0,0.8,5.2,6.1,42.0,0,79.0,1.1,0,51.0,52.0,6.4,6.2,303,18,4,11
01.11.2019 19:00:00,10.0,47.0,24.1,0,0.09,0,0.9,4.7,5.6,45.0,0,79.0,1.2,0,51.0,50.0,5.3,5.5,303,19,4,11
01.11.2019 20:00:00,12.0,49.0,24.0,0,0.09,0,0.7,2.4,3.1,49.0,0,80.0,1.3,0,51.0,50.0,5.6,5.3,303,20,4,11
01.11.2019 21:00:00,8.0,48.0,24.0,0,0.08,0,0.7,3.1,3.8,38.0,0,80.0,1.2,0,51.0,52.0,5.4,5.9,303,21,4,11
01.11.2019 22:00:00,9.0,48.0,24.1,0,0.09,0,0.6,1.8,2.4,41.0,0,78.0,1.1,0,53.0,52.0,6.3,5.2,303,22,4,11
01.11.2019 23:00:00,9.0,47.0,24.1,0,0.09,0,0.7,4.0,4.7,41.0,0,77.0,1.2,0,53.0,52.0,6.0,5.1,303,23,4,11
01.11.2019 24:00:00,7.0,49.0,24.0,0,0.0,0,0.8,2.7,3.5,52.0,0,78.0,1.2,0,53.0,53.0,4.3,4.7,303,24,4,11
02.11.2019 01:00:00,7.0,49.0,24.1,0,0.08,0,0.6,2.0,2.6,52.0,0,76.0,0.7,0,54.0,54.0,4.7,4.5,304,1,5,11
02.11.2019 02:00:00,6.0,49.0,24.1,0,0.11,0,1.0,2.1,3.1,40.0,0,76.0,2.0,0,53.0,53.0,4.0,4.5,304,2,5,11
02.11.2019 03:00:00,7.0,47.0,24.0,0,0.11,0,0.7,2.7,3.4,49.0,0,78.0,2.3,0,54.0,51.0,3.6,3.1,304,3,5,11
02.11.2019 04:00:00,9.0,47.0,23.9,0,0.11,0,0.6,2.7,3.3,44.0,0,78.0,2.1,0,53.0,54.0,3.5,2.9,304,4,5,11
02.11.2019 05:00:00,9.0,46.0,24.0,0,0.11,0,0.8,3.8,4.6,44.0,0,78.0,2.0,0,52.0,49.0,2.7,3.4,304,5,5,11
02.11.2019 06:00:00,8.0,46.0,24.1,0,0.11,0,0.9,3.7,4.6,48.0,0,78.0,2.2,0,56.0,74.0,2.1,3.0,304,6,5,11
02.11.2019 07:00:00,11.0,44.0,24.2,0,0.13,0,0.8,4.8,5.6,30.0,0,77.0,2.4,0,97.0,65.0,2.4,1.0,304,7,5,11
02.11.2019 08:00:00,12.0,41.0,24.3,0,0.15,0,1.6,10.0,12.0,45.0,0,77.0,2.3,0,58.0,52.0,3.5,2.6,304,8,5,11
02.11.2019 09:00:00,10.0,43.0,24.3,0,0.15,0,1.4,8.2,9.6,37.0,0,76.0,2.3,0,81.0,147.0,1.2,1.9,304,9,5,11
02.11.2019 10:00:00,9.0,42.0,24.3,0,0.15,0,1.5,8.2,9.7,53.0,0,78.0,2.6,0,56.0,73.0,2.2,2.8,304,10,5,11
02.11.2019 11:00:00,8.0,43.0,24.4,0,0.13,0,1.6,6.8,8.4,29.0,0,77.0,2.4,0,75.0,84.0,2.5,2.4,304,11,5,11
02.11.2019 12:00:00,7.0,44.0,24.4,0,0.14,0,1.3,5.0,6.3,21.0,0.4,78.0,2.4,0,123.0,113.0,2.7,1.3,304,12,5,11
02.11.2019 13:00:00,6.0,43.0,24.5,0,0.13,0,1.3,4.9,6.1,22.0,0.4,80.0,2.3,0,110.0,75.0,3.0,2.3,304,13,5,11
02.11.2019 14:00:00,8.0,39.0,24.3,0,0.15,0,1.5,7.3,8.7,35.0,0.6,82.0,2.2,0,70.0,151.0,1.1,1.2,304,14,5,11
02.11.2019 15:00:00,11.0,37.0,24.4,0,0.16,0,2.2,10.0,13.0,39.0,0,82.0,2.4,0,67.0,103.0,1.1,0.6,304,15,5,11
02.11.2019 16:00:00,10.0,39.0,24.5,0,0.15,0,1.2,8.2,9.3,35.0,0,81.0,2.3,0,74.0,87.0,2.7,1.6,304,16,5,11
02.11.2019 17:00:00,8.0,40.0,24.5,0,0.14,0,1.1,6.9,8.1,31.0,0,80.0,2.7,0,81.0,78.0,1.3,1.9,304,17,5,11
02.11.2019 18:00:00,12.0,40.0,24.4,0,0.16,0,1.2,6.8,8.0,38.0,0,80.0,2.2,0,78.0,67.0,2.0,1.5,304,18,5,11
02.11.2019 19:00:00,14.0,42.0,24.4,0,0.16,0,1.0,6.7,7.7,45.0,0,80.0,2.1,0,82.0,74.0,2.2,0.9,304,19,5,11
02.11.2019 20:00:00,17.0,44.0,24.4,0,0.19,0,0.8,8.1,8.9,64.0,0,82.0,2.5,0,61.0,47.0,2.0,1.2,304,20,5,11
02.11.2019 21:00:00,25.0,53.0,24.2,0,0.19,0,0.9,6.2,7.1,89.0,0,83.0,2.3,0,53.0,56.0,1.5,1.7,304,21,5,11
02.11.2019 22:00:00,20.0,45.0,23.9,0,0.21,0,1.0,7.4,8.4,68.0,0,85.0,2.2,0,60.0,77.0,2.2,0.3,304,22,5,11
02.11.2019 23:00:00,21.0,48.0,24.2,0,0.16,0,0.8,3.6,4.5,58.0,0.2,84.0,2.4,0,73.0,239.0,1.5,1.0,304,23,5,11
02.11.2019 24:00:00,16.0,39.0,23.7,0,0.18,0,0.6,6.1,6.8,43.0,0,87.0,2.6,0,60.0,57.0,3.3,0.6,304,24,5,11
03.11.2019 01:00:00,22.0,55.0,24.5,0,0.16,0,0.7,2.6,3.3,59.0,0,81.0,3.1,0,99.0,138.0,2.5,1.8,305,1,6,11
03.11.2019 02:00:00,20.0,56.0,24.5,0,0.15,0,0.4,1.8,2.2,52.0,0.4,83.0,2.1,0,108.0,124.0,2.5,1.9,305,2,6,11
03.11.2019 03:00:00,22.0,51.0,24.1,0,0.15,0,0.3,2.4,2.6,59.0,0.4,86.0,2.4,0,186.0,198.0,1.5,0.3,305,3,6,11
03.11.2019 04:00:00,23.0,44.0,23.7,0,0.15,0,0.3,2.7,3.0,51.0,0,91.0,2.1,0,206.0,196.0,1.5,0.9,305,4,6,11
03.11.2019 05:00:00,22.0,47.0,23.8,0,0.16,0,0.5,2.9,3.4,65.0,0,91.0,2.5,0,28.0,27.0,2.3,1.4,305,5,6,11
03.11.2019 06:00:00,23.0,44.0,24.0,0,0.16,0,0.8,8.1,8.8,95.0,0,89.0,2.9,0,26.0,25.0,1.6,2.2,305,6,6,11
03.11.2019 07:00:00,27.0,45.0,24.0,0,0.17,0,0.6,8.3,8.8,125.0,0,89.0,2.3,0,19.0,16.0,1.9,2.0,305,7,6,11
03.11.2019 08:00:00,25.0,43.0,24.1,0,0.21,0,1.3,12.0,14.0,91.0,0.2,88.0,2.8,0,1.2,10.0,4.8,2.6,305,8,6,11
03.11.2019 09:00:00,33.0,68.0,23.8,0,0.19,0,0.8,2.4,3.2,95.0,0.2,88.0,2.25,0,12.0,14.0,6.8,5.9,305,9,6,11
03.11.2019 10:00:00,32.0,68.0,23.8,0,0.19,0,0.7,2.6,3.3,98.0,0,87.0,1.5,0,17.0,19.0,6.7,6.0,305,10,6,11
03.11.2019 11:00:00,36.0,69.0,23.7,0,0.19,0,0.7,2.3,2.9,99.0,0,85.0,0.9,0,20.0,20.0,6.2,6.5,305,11,6,11
03.11.2019 12:00:00,32.0,66.0,23.9,0,0.2,0,0.7,3.0,3.7,113.0,0,86.0,1.0,0,18.0,18.0,4.8,5.0,305,12,6,11
03.11.2019 13:00:00,28.0,62.0,24.0,0,0.21,0,0.7,3.4,4.2,111.0,0,84.0,1.3,0,10.0,6.0,3.7,4.0,305,13,6,11
03.11.2019 14:00:00,33.0,59.0,24.1,0,0.22,0,0.9,4.3,5.2,113.0,0,85.0,1.1,0,4.8,8.1,3.4,3.2,305,14,6,11
03.11.2019 15:00:00,31.0,51.0,24.2,0,0.18,0,1.1,5.3,6.4,98.0,0,86.0,1.1,0,19.0,19.0,4.9,4.1,305,15,6,11
03.11.2019 16:00:00,30.0,50.0,24.3,0,0.17,0,0.7,6.4,7.1,85.0,0,85.0,1.3,0,20.0,20.0,5.4,5.3,305,16,6,11
03.11.2019 17:00:00,33.0,59.0,24.2,0,0.18,0,0.6,3.2,3.8,84.0,0,85.0,1.3,0,20.0,21.0,9.1,6.7,305,17,6,11
03.11.2019 18:00:00,32.0,61.0,23.9,0,0.19,0,0.5,3.2,3.7,83.0,0,83.0,1.0,0,21.0,21.0,9.9,8.5,305,18,6,11
03.11.2019 19:00:00,30.0,63.0,23.8,0,0.19,0,0.2,3.8,4.0,83.0,0,81.0,1.4,0,21.0,20.0,9.6,9.4,305,19,6,11
03.11.2019 20:00:00,33.0,67.0,23.7,0,0.19,0,0.3,3.2,3.5,88.0,0,81.0,1.4,0,21.0,21.0,9.3,8.9,305,20,6,11
03.11.2019 21:00:00,35.0,72.0,23.7,0,0.2,0,0.3,2.6,2.9,106.0,0,81.0,1.1,0,22.0,22.0,9.4,9.3,305,21,6,11
03.11.2019 22:00:00,33.0,74.0,23.7,0,0.21,0,0.4,2.0,2.3,118.0,0,81.0,0.9,0,23.0,26.0,7.2,8.0,305,22,6,11
03.11.2019 23:00:00,31.0,70.0,23.8,0,0.19,0,0.2,1.8,2.0,126.0,0,77.0,1.0,0,24.0,25.0,6.6,6.0,305,23,6,11
03.11.2019 24:00:00,35.0,69.0,23.8,0,0.19,0,0.4,2.1,2.5,131.0,0,76.0,1.0,0,32.0,27.0,5.4,4.8,305,24,6,11
04.11.2019 01:00:00,34.0,68.0,23.8,0,0.19,0,0.6,2.7,3.2,122.0,0,77.0,1.2,0,28.0,35.0,5.4,5.4,306,1,0,11
04.11.2019 02:00:00,29.0,68.0,23.7,0,0.18,0,1.3,1.6,2.9,107.0,0,75.0,1.0,0,33.0,28.0,5.3,5.3,306,2,0,11
04.11.2019 03:00:00,30.0,66.0,23.7,0,0.17,0,1.1,2.2,3.3,96.0,0,72.0,1.1,0,22.0,20.0,8.6,7.6,306,3,0,11
04.11.2019 04:00:00,19.0,65.0,23.8,0,0.16,0,1.1,2.1,3.1,86.0,0,71.0,0.7,0,22.0,22.0,8.9,8.8,306,4,0,11
04.11.2019 05:00:00,31.0,65.0,23.7,0,0.18,0,1.4,2.4,3.8,98.0,0,73.0,0.7,0,25.0,27.0,5.5,6.7,306,5,0,11
04.11.2019 06:00:00,33.0,64.0,23.6,0,0.17,0,1.4,2.6,4.0,93.0,0,75.0,0.9,0,22.0,21.0,11.0,8.9,306,6,0,11
04.11.2019 07:00:00,22.0,59.0,23.4,0,0.15,0,1.4,2.8,4.2,87.0,0,78.0,0.8,0,21.0,21.0,11.0,10.0,306,7,0,11
04.11.2019 08:00:00,27.0,58.0,23.4,0,0.15,0,1.3,2.7,4.1,93.0,0,77.0,0.8,0,21.0,21.0,10.0,10.0,306,8,0,11
04.11.2019 09:00:00,18.0,57.0,23.3,0,0.14,0,1.3,2.0,3.3,79.0,0,76.0,1.0,0,21.0,21.0,12.0,11.0,306,9,0,11
04.11.2019 10:00:00,18.0,56.0,23.2,0,0.13,0,1.4,2.3,3.7,74.0,0,76.0,1.4,0,21.0,21.0,11.0,11.0,306,10,0,11
04.11.2019 11:00:00,17.0,56.0,23.2,0,0.12,0,1.4,2.5,3.9,67.0,0,73.0,0.9,0,21.0,22.0,11.0,11.0,306,11,0,11
04.11.2019 12:00:00,19.0,58.0,23.3,0,0.13,0,1.4,2.2,3.6,80.0,0,71.0,0.8,0,21.0,23.0,9.9,9.8,306,12,0,11
04.11.2019 13:00:00,23.0,58.0,23.3,0,0.15,0,1.5,2.3,3.7,79.0,0,74.0,1.0,0,21.0,21.0,9.6,9.5,306,13,0,11
04.11.2019 14:00:00,20.0,61.0,23.2,0,0.16,0,1.5,2.4,3.9,83.0,0,72.0,0.7,0,22.0,21.0,9.4,9.3,306,14,0,11
04.11.2019 15:00:00,24.0,62.0,23.3,0,0.17,0,1.4,2.7,4.1,90.0,0,72.0,0.5,0,23.0,22.0,8.9,8.2,306,15,0,11
04.11.2019 16:00:00,24.0,62.0,23.4,0,0.16,0,1.2,1.9,3.1,84.0,0,75.0,0.7,0,21.0,21.0,10.0,9.6,306,16,0,11
04.11.2019 17:00:00,21.0,60.0,23.3,0,0.15,0,1.3,2.2,3.5,74.0,0,76.0,0.8,0,22.0,23.0,11.0,11.0,306,17,0,11
04.11.2019 18:00:00,20.0,59.0,23.3,0,0.15,0,1.3,2.6,3.9,68.0,0,75.0,0.6,0,21.0,22.0,11.0,11.0,306,18,0,11
04.11.2019 19:00:00,17.0,60.0,23.4,0,0.14,0,1.2,2.0,3.2,63.0,0,73.0,0.6,0,22.0,21.0,11.0,11.0,306,19,0,11
04.11.2019 20:00:00,15.0,61.0,23.5,0,0.13,0,1.3,1.6,2.9,70.0,0,73.0,0.8,0,22.0,22.0,11.0,11.0,306,20,0,11
04.11.2019 21:00:00,17.0,61.0,23.5,0,0.14,0,1.2,1.6,2.8,78.0,0,75.0,0.4,0,22.0,22.0,11.0,10.0,306,21,0,11
04.11.2019 22:00:00,20.0,59.0,23.5,0,0.15,0,1.4,1.9,3.2,87.0,0,75.0,0.4,0,24.0,23.0,10.0,9.2,306,22,0,11
04.11.2019 23:00:00,23.0,59.0,23.7,0,0.14,0,1.2,1.7,2.9,102.0,0,75.0,0.7,0,26.0,26.0,7.3,7.1,306,23,0,11
04.11.2019 24:00:00,25.0,58.0,23.8,0,0.15,0,1.4,1.7,3.1,92.0,0,75.0,0.5,0,24.0,22.0,9.9,7.9,306,24,0,11
05.11.2019 01:00:00,22.0,60.0,23.8,0,0.15,0,1.2,1.5,2.7,86.0,0,76.0,0.8,0,23.0,22.0,12.0,9.6,307,1,1,11
05.11.2019 02:00:00,22.0,62.0,23.4,0,0.16,0,0.5,1.4,1.9,75.0,0,79.0,3.4,0,24.0,43.0,9.3,12.0,307,2,1,11
05.11.2019 03:00:00,18.0,62.0,23.5,0,0.14,0,0.1,1.4,1.5,70.0,0,72.0,2.9,0,47.0,46.0,9.6,9.4,307,3,1,11
05.11.2019 04:00:00,29.0,64.0,23.5,0,0.15,0,0.4,1.3,1.8,98.0,0,77.0,2.3,0,30.0,44.0,7.2,7.7,307,4,1,11
05.11.2019 05:00:00,22.0,63.0,23.7,0,0.15,0,0.2,1.5,1.7,74.0,0,73.0,2.6,0,49.0,51.0,8.8,8.6,307,5,1,11
05.11.2019 06:00:00,28.0,64.0,23.7,0,0.17,0,0.3,1.5,1.8,93.0,0,75.0,2.9,0,30.0,29.0,7.9,8.0,307,6,1,11
05.11.2019 07:00:00,26.0,64.0,23.2,0,0.18,0,0.4,2.2,2.5,87.0,0.8,79.0,2.6,0,34.0,31.0,8.3,7.6,307,7,1,11
05.11.2019 08:00:00,25.0,64.0,23.3,0,0.2,0,0.5,2.9,3.3,97.0,0,76.0,2.5,0,25.0,28.0,8.0,8.4,307,8,1,11
05.11.2019 09:00:00,30.0,64.0,23.2,0,0.19,0,0.7,3.2,3.9,105.0,0,74.0,2.7,0,30.0,31.0,8.2,7.2,307,9,1,11
05.11.2019 10:00:00,23.0,63.0,23.2,0,0.19,0,0.8,3.6,4.4,97.0,0,74.0,2.5,0,34.0,35.0,6.8,6.6,307,10,1,11
05.11.2019 11:00:00,24.0,63.0,23.3,0,0.18,0,0.8,3.0,3.7,94.0,0,72.0,2.6,0,35.0,42.0,8.1,6.8,307,11,1,11
05.11.2019 12:00:00,30.0,60.0,23.3,0,0.18,0,2.1,6.9,9.0,86.0,0,71.0,2.5,0,41.0,45.0,8.4,7.3,307,12,1,11
05.11.2019 13:00:00,21.0,59.0,23.2,0,0.18,0,2.7,8.0,11.0,91.0,0,70.0,2.8,0,43.0,40.0,6.5,7.0,307,13,1,11
05.11.2019 14:00:00,22.0,62.0,23.3,0,0.18,0,2.0,6.2,8.2,96.0,0,70.0,2.4,0,45.0,48.0,7.7,7.3,307,14,1,11
05.11.2019 15:00:00,20.0,66.0,23.2,0,0.18,0,0.5,2.8,3.4,96.0,0,70.0,2.6,0,42.0,43.0,7.0,6.7,307,15,1,11
05.11.2019 16:00:00,19.0,67.0,23.2,0,0.19,0,0.8,2.8,3.6,88.0,0,70.0,2.6,0,43.0,40.0,6.8,7.2,307,16,1,11
05.11.2019 17:00:00,22.0,69.0,23.1,0,0.2,0,0.5,2.7,3.2,83.0,0,70.0,2.6,0,44.0,44.0,9.0,7.7,307,17,1,11
05.11.2019 18:00:00,26.0,70.0,23.1,0,0.21,0,0.5,2.6,3.1,81.0,0,71.0,2.4,0,45.0,46.0,8.6,8.4,307,18,1,11
05.11.2019 19:00:00,25.0,70.0,23.1,0,0.2,0,0.5,2.0,2.4,67.0,0,70.0,2.5,0,47.0,48.0,10.0,9.6,307,19,1,11
05.11.2019 20:00:00,23.0,70.0,23.1,0,0.2,0,0.5,1.5,2.0,66.0,0,69.0,2.4,0,48.0,50.0,9.5,9.3,307,20,1,11
05.11.2019 21:00:00,20.0,68.0,23.1,0,0.19,0,0.1,1.5,1.6,67.0,0,68.0,2.2,0,50.0,50.0,8.5,8.9,307,21,1,11
05.11.2019 22:00:00,17.0,68.0,23.1,0,0.2,0,0.3,1.6,1.9,62.0,0,69.0,2.2,0,50.0,50.0,8.8,8.8,307,22,1,11
05.11.2019 23:00:00,24.0,69.0,23.0,0,0.21,0,0.2,1.8,2.0,64.0,0,69.0,2.4,0,49.0,49.0,11.0,9.3,307,23,1,11
05.11.2019 24:00:00,16.0,68.0,23.0,0,0.2,0,0.4,1.7,2.1,65.0,0,67.0,2.5,0,50.0,50.0,8.3,9.2,307,24,1,11
06.11.2019 01:00:00,19.0,67.0,22.9,0,0.2,0,0.1,1.7,1.8,88.0,0,66.0,2.7,0,53.0,57.0,5.4,6.9,308,1,2,11
06.11.2019 02:00:00,19.0,66.0,22.9,0,0.2,0,0.0,2.0,2.1,75.0,0,66.0,2.7,0,53.0,52.0,6.9,6.6,308,2,2,11
06.11.2019 03:00:00,19.0,66.0,22.9,0,0.2,0,0.2,1.8,2.0,68.0,0,67.0,2.3,0,51.0,51.0,8.2,7.5,308,3,2,11
06.11.2019 04:00:00,16.0,65.0,22.9,0,0.2,0,0.4,1.9,2.3,59.0,0,68.0,2.4,0,51.0,49.0,8.0,7.4,308,4,2,11
06.11.2019 05:00:00,15.0,66.0,22.9,0,0.2,0,0.6,1.8,2.4,54.0,0,68.0,2.2,0,55.0,54.0,6.4,6.8,308,5,2,11
06.11.2019 06:00:00,19.0,66.0,22.9,0,0.2,0,0.5,1.7,2.1,65.0,0,68.0,2.4,0,53.0,51.0,7.1,6.7,308,6,2,11
06.11.2019 07:00:00,16.0,65.0,22.9,0,0.2,0,0.5,2.5,2.9,56.0,0,68.0,2.4,0,50.0,49.0,7.6,7.4,308,7,2,11
06.11.2019 08:00:00,17.0,65.0,23.1,0,0.2,0,0.5,2.8,3.3,60.0,0,68.0,2.5,0,49.0,51.0,6.3,7.1,308,8,2,11
06.11.2019 09:00:00,18.0,64.0,23.3,0,0.19,0,0.4,2.8,3.2,62.0,0,67.0,2.3,0,52.0,52.0,6.6,6.2,308,9,2,11
06.11.2019 10:00:00,16.0,64.0,23.5,0,0.19,0,0.4,2.6,3.0,63.0,0,67.0,2.1,0,50.0,50.0,7.1,6.2,308,10,2,11
06.11.2019 11:00:00,16.0,64.0,23.5,0,0.18,0,0.3,2.3,2.6,55.0,0,69.0,2.4,0,51.0,58.0,4.3,6.2,308,11,2,11
06.11.2019 12:00:00,14.0,63.0,23.7,0,0.18,0,0.8,4.3,5.1,53.0,0,67.0,2.3,0,57.0,55.0,5.9,4.9,308,12,2,11
06.11.2019 13:00:00,17.0,64.0,23.6,0,0.18,0,0.5,3.4,3.9,60.0,0,69.0,2.3,0,55.0,57.0,5.4,5.3,308,13,2,11
06.11.2019 14:00:00,23.292,63.319,24.767,0,0.0,0,1.161,5.327,6.65,82.958,0,73.528,2.081,0,25.0,34.91,7.4,0.4,308,14,2,11
06.11.2019 15:00:00,23.133,63.293,24.765,0,0.0,0,1.162,5.325,6.651,82.449,9.572,73.426,2.079,0,33.806,34.849,7.412,6.63,308,15,2,11
06.11.2019 16:00:00,23.002,63.378,23.6,0,0.0,0,1.162,5.324,6.651,82.148,0,71.0,2.078,0,52.0,52.0,5.4,5.5,308,16,2,11
06.11.2019 17:00:00,10.0,59.0,23.6,0,0.16,0,-0.1,3.6,3.5,49.0,0,70.0,2.076,0,51.0,52.0,6.5,5.4,308,17,2,11
06.11.2019 18:00:00,9.0,61.0,23.6,0,0.16,0,0.0,3.5,3.5,47.0,0,70.0,2.074,0,52.0,51.0,6.3,5.8,308,18,2,11
06.11.2019 19:00:00,11.0,61.0,23.6,0,0.16,0,0.2,3.6,3.8,47.0,0,71.0,2.089,0,50.0,51.0,4.8,4.9,308,19,2,11
06.11.2019 20:00:00,14.0,59.0,23.5,0,0.16,0,0.2,5.4,5.6,50.0,0,72.0,2.088,0,46.0,41.0,4.0,4.1,308,20,2,11
06.11.2019 21:00:00,15.0,56.0,23.5,0,0.17,0,0.3,5.9,6.2,66.0,0,72.0,2.086,0,44.0,46.0,2.7,2.9,308,21,2,11
06.11.2019 22:00:00,12.0,59.0,23.5,0,0.17,0,0.3,3.8,4.0,67.0,0,73.0,2.084,0,43.0,51.0,2.8,2.7,308,22,2,11
06.11.2019 23:00:00,12.0,39.0,22.5,0,0.19,0,0.5,7.3,7.8,46.0,0,79.0,2.082,0,67.0,67.0,1.3,0.7,308,23,2,11
06.11.2019 24:00:00,10.0,34.0,21.7,0,0.19,0,0.4,5.7,6.1,33.0,0,83.0,2.098,0,151.0,191.0,0.6,0.2,308,24,2,11
07.11.2019 01:00:00,10.0,35.0,21.5,0,0.18,0,0.3,4.3,4.6,39.0,0,84.0,2.113,0,190.0,199.0,1.6,0.6,309,1,3,11
07.11.2019 02:00:00,8.0,35.0,20.6,0,0.15,0,0.2,2.2,2.3,15.0,0,87.0,2.112,0,200.0,198.0,2.4,2.3,309,2,3,11
07.11.2019 03:00:00,11.0,33.0,19.8,0,0.15,0,0.3,1.8,2.1,14.0,0,89.0,2.127,0,204.0,207.0,3.2,3.0,309,3,3,11
07.11.2019 04:00:00,10.0,30.0,19.7,0,0.15,0,0.4,1.8,2.2,12.0,0,90.0,2.126,0,205.0,200.0,3.4,3.4,309,4,3,11
07.11.2019 05:00:00,7.0,29.0,19.8,0,0.15,0,0.2,1.9,2.1,13.0,0,90.0,2.124,0,202.0,203.0,3.4,3.3,309,5,3,11
07.11.2019 06:00:00,9.0,29.0,20.1,0,0.16,0,0.4,2.4,2.8,13.0,0,90.0,2.123,0,205.0,208.0,2.9,2.9,309,6,3,11
07.11.2019 07:00:00,9.0,21.0,20.6,0,0.27,0,2.9,10.0,13.0,19.0,0,90.0,2.121,0,200.0,210.0,1.1,1.9,309,7,3,11
07.11.2019 08:00:00,12.0,26.0,22.6,0,0.29,0,6.0,15.0,21.0,35.0,0,85.0,2.12,0,23.0,22.0,2.3,0.4,309,8,3,11
07.11.2019 09:00:00,11.0,42.0,24.7,0,0.17,0,3.3,12.0,15.0,56.0,0,78.0,2.118,0,29.0,25.0,2.3,2.3,309,9,3,11
07.11.2019 10:00:00,13.0,51.0,24.8,0,0.15,0,1.2,4.7,5.9,46.0,0,76.0,2.134,0,33.0,50.0,5.6,3.1,309,10,3,11
07.11.2019 11:00:00,17.0,56.0,24.7,0,0.14,0,0.4,2.0,2.4,39.0,0,78.0,2.132,0,50.0,49.0,5.1,5.1,309,11,3,11
07.11.2019 12:00:00,18.302,54.0,24.8,0,0.14,0,1.212,5.622,7.126,66.541,0,75.0,2.131,0,50.0,49.0,7.7,7.3,309,12,3,11
07.11.2019 13:00:00,13.0,59.0,25.4,0,0.14,0,0.1,1.2,1.3,53.0,0,74.0,2.129,0,49.0,49.0,7.8,6.9,309,13,3,11
07.11.2019 14:00:00,12.0,60.0,25.7,0,0.14,0,0.5,1.9,2.4,52.0,0,73.0,1.7,0,48.0,50.0,8.4,7.6,309,14,3,11
07.11.2019 15:00:00,14.0,62.0,25.3,0,0.14,0,0.7,1.7,2.3,64.0,0,73.0,1.7,0,49.0,48.0,9.9,8.1,309,15,3,11
07.11.2019 16:00:00,16.0,56.0,25.2,0,0.14,0,0.8,3.3,4.1,55.0,0,73.0,1.5,0,43.0,47.0,8.0,7.0,309,16,3,11
07.11.2019 17:00:00,14.0,60.0,25.0,0,0.0,0,0.9,1.9,2.8,48.0,0,72.0,1.2,0,48.0,48.0,9.1,8.9,309,17,3,11
07.11.2019 18:00:00,16.0,65.0,24.7,0,0.15,0,0.5,2.9,3.3,61.0,0.2,75.0,1.2,0,43.0,45.0,8.6,8.5,309,18,3,11
07.11.2019 19:00:00,16.0,65.0,24.7,0,0.16,0,0.3,2.7,3.0,65.0,0,72.0,1.3,0,42.0,41.0,7.4,7.2,309,19,3,11
07.11.2019 20:00:00,15.0,63.0,24.6,0,0.15,0,0.5,3.4,3.9,60.0,0,70.0,1.3,0,43.0,44.0,9.4,7.9,309,20,3,11
07.11.2019 21:00:00,18.0,62.0,24.5,0,0.15,0,0.4,1.7,2.2,58.0,0,70.0,1.2,0,46.0,41.0,7.4,8.4,309,21,3,11
07.11.2019 22:00:00,16.0,61.0,24.5,0,0.15,0,0.4,2.2,2.7,55.0,0,70.0,1.1,0,48.0,48.0,9.6,9.2,309,22,3,11
07.11.2019 23:00:00,12.0,61.0,24.2,0,0.15,0,0.4,1.7,2.0,57.0,0,74.0,0.9,0,50.0,50.0,11.0,9.5,309,23,3,11
07.11.2019 24:00:00,13.0,59.0,24.1,0,0.15,0,0.5,1.7,2.1,52.0,0,75.0,1.2,0,47.0,47.0,9.2,9.1,309,24,3,11
08.11.2019 01:00:00,20.0,57.0,23.8,0,0.14,0,0.4,1.8,2.2,79.0,0,76.0,3.0,0,46.0,49.0,8.7,7.6,310,1,4,11
08.11.2019 02:00:00,13.0,57.0,23.8,0,0.14,0,1.0,1.1,2.1,56.0,0,76.0,2.6,0,47.0,49.0,8.1,7.6,310,2,4,11
08.11.2019 03:00:00,17.0,56.0,24.0,0,0.0,0,0.9,1.3,2.1,66.0,0,77.0,2.6,0,50.0,50.0,6.6,7.0,310,3,4,11
08.11.2019 04:00:00,16.0,56.0,23.1,0,0.14,0,1.0,1.6,2.6,48.0,2.2,82.0,2.6,0,57.0,42.0,5.1,6.4,310,4,4,11
08.11.2019 05:00:00,14.0,57.0,23.7,0,0.14,0,1.3,1.5,2.8,69.0,0.4,76.0,2.4,0,41.0,23.0,8.5,7.2,310,5,4,11
08.11.2019 06:00:00,20.0,56.0,24.0,0,0.15,0,1.4,1.6,3.0,73.0,0,70.0,2.2,0,40.0,43.0,8.0,6.6,310,6,4,11
08.11.2019 07:00:00,18.0,54.0,23.8,0,0.16,0,1.5,2.7,4.2,77.0,0,69.0,2.4,0,34.0,28.0,6.5,6.2,310,7,4,11
08.11.2019 08:00:00,13.0,53.0,23.8,0,0.16,0,1.5,2.9,4.4,84.0,0,68.0,2.2,0,39.0,44.0,6.5,5.8,310,8,4,11
08.11.2019 09:00:00,17.0,53.0,24.0,0,0.16,0,1.8,3.4,5.1,79.0,0,66.0,2.4,0,39.0,41.0,4.8,5.6,310,9,4,11
08.11.2019 10:00:00,18.0,51.0,24.6,0,0.18,0,2.0,4.4,6.4,108.0,0,64.0,2.4,0,35.0,41.0,6.0,4.4,310,10,4,11
08.11.2019 11:00:00,18.0,53.0,24.7,0,0.17,0,2.0,3.5,5.4,81.0,0,62.0,2.2,0,40.0,43.0,5.4,5.2,310,11,4,11
08.11.2019 12:00:00,12.0,56.0,25.2,0,0.17,0,1.9,2.8,4.6,88.0,0,58.0,2.3,0,44.0,42.0,4.8,4.9,310,12,4,11
08.11.2019 13:00:00,17.0,59.0,24.8,0,0.21,0,2.1,4.1,6.2,94.0,0,63.0,2.0,0,38.0,47.0,4.3,4.3,310,13,4,11
08.11.2019 14:00:00,15.84,56.713,24.687,0,0.0,0,1.23,5.643,6.805,60.422,0,37.0,2.131,0,33.0,64.197,7.152,2.2,310,14,4,11
08.11.2019 15:00:00,15.794,56.667,24.686,0,0.0,0,1.219,5.643,6.804,60.037,0,9.4,2.13,0,34.0,64.271,7.166,0.6,310,15,4,11
08.11.2019 16:00:00,15.775,56.566,24.686,0,0.0,0,1.22,5.643,6.802,59.652,9.568,72.475,2.129,0,62.435,64.414,7.172,6.228,310,16,4,11
08.11.2019 17:00:00,15.771,54.0,23.8,0,0.44,0,1.22,5.644,6.801,59.377,0,77.0,2.8,0,29.0,43.0,7.186,8.3,310,17,4,11
08.11.2019 18:00:00,10.0,58.0,23.8,0,0.21,0,1.2,3.3,4.5,62.0,0,75.0,4.4,0,43.0,42.0,7.1,6.7,310,18,4,11
08.11.2019 19:00:00,11.0,58.0,23.9,0,0.2,0,1.2,2.7,3.9,58.0,0,73.0,4.9,0,39.0,32.0,7.2,7.9,310,19,4,11
08.11.2019 20:00:00,15.308,55.909,24.683,0,0.0,0,1.221,5.694,6.796,58.784,9.568,72.724,2.126,0,62.208,30.0,7.0,6.264,310,20,4,11
08.11.2019 21:00:00,18.0,58.0,23.7,0,0.2,0,1.2,2.4,3.6,75.0,0,71.0,4.6,0,38.0,42.0,8.1,7.2,310,21,4,11
08.11.2019 22:00:00,15.0,57.0,23.6,0,0.17,0,1.1,2.4,3.5,75.0,0,73.0,4.6,0,29.0,26.0,8.2,7.9,310,22,4,11
08.11.2019 23:00:00,17.0,56.0,23.4,0,0.15,0,1.5,2.0,3.5,79.0,0,73.0,4.6,0,35.0,33.0,7.2,6.3,310,23,4,11
08.11.2019 24:00:00,15.0,57.0,23.1,0,0.15,0,1.4,1.7,3.0,73.0,0.4,74.0,4.5,0,40.0,44.0,8.3,7.6,310,24,4,11
09.11.2019 01:00:00,15.0,57.0,22.9,0,0.15,0,1.3,1.7,3.0,87.0,0,73.0,2.5,0,27.0,23.0,9.7,7.3,311,1,5,11
09.11.2019 02:00:00,15.0,56.0,22.6,0,0.14,0,0.5,1.6,2.2,68.0,0,70.0,2.0,0,22.0,24.0,10.0,10.0,311,2,5,11
09.11.2019 03:00:00,13.0,55.0,22.4,0,0.13,0,0.8,1.9,2.7,74.0,0,69.0,1.8,0,26.0,25.0,7.9,7.7,311,3,5,11
09.11.2019 04:00:00,18.0,54.0,22.2,0,0.12,0,0.6,1.8,2.4,84.0,0,66.0,1.9,0,32.0,33.0,6.3,6.5,311,4,5,11
09.11.2019 05:00:00,17.0,54.0,22.1,0,0.13,0,0.5,2.0,2.5,96.0,0,63.0,1.7,0,26.0,29.0,5.5,5.2,311,5,5,11
09.11.2019 06:00:00,16.0,52.0,22.1,0,0.13,0,0.9,1.9,2.8,90.0,0,66.0,1.8,0,26.0,21.0,6.8,5.3,311,6,5,11
09.11.2019 07:00:00,11.0,50.0,22.1,0,0.13,0,0.7,3.1,3.7,84.0,0,66.0,1.8,0,24.0,26.0,5.3,5.8,311,7,5,11
09.11.2019 08:00:00,12.0,51.0,22.4,0,0.13,0,1.1,3.2,4.2,75.0,0,64.0,1.6,0,24.0,21.0,7.9,6.2,311,8,5,11
09.11.2019 09:00:00,11.0,50.0,22.7,0,0.13,0,0.9,3.1,4.0,60.0,0,63.0,1.3,0,22.0,23.0,6.6,6.7,311,9,5,11
09.11.2019 10:00:00,12.0,49.0,22.8,0,0.12,0,1.4,3.6,5.0,67.0,0,64.0,1.7,0,23.0,21.0,6.2,6.3,311,10,5,11
09.11.2019 11:00:00,12.0,49.0,22.9,0,0.12,0,1.5,4.2,5.7,75.0,0,62.0,1.9,0,24.0,31.0,5.3,5.3,311,11,5,11
09.11.2019 12:00:00,11.0,52.0,22.9,0,0.12,0,1.5,3.8,5.3,72.0,0,64.0,2.1,0,27.0,25.0,7.1,5.5,311,12,5,11
09.11.2019 13:00:00,10.0,51.0,22.8,0,0.12,0,1.5,4.7,6.1,73.0,0,66.0,1.7,0,29.0,25.0,5.9,5.3,311,13,5,11
09.11.2019 14:00:00,11.0,51.0,22.8,0,0.12,0,1.6,4.6,6.2,66.0,0,63.0,1.6,0,36.0,46.0,6.2,5.6,311,14,5,11
09.11.2019 15:00:00,10.0,53.0,22.9,0,0.11,0,1.5,3.8,5.3,56.0,0,60.0,1.3,0,47.0,48.0,7.5,6.7,311,15,5,11
09.11.2019 16:00:00,10.0,54.0,22.7,0,0.1,0,0.9,3.6,4.5,47.0,0,62.0,1.2,0,48.0,47.0,7.2,7.5,311,16,5,11
09.11.2019 17:00:00,9.0,54.0,22.6,0,0.12,0,1.1,3.1,4.2,60.0,0,66.0,0.9,0,44.0,47.0,8.1,6.6,311,17,5,11
09.11.2019 18:00:00,7.0,57.0,22.6,0,0.1,0,0.5,2.2,2.6,41.0,0,62.0,0.9,0,47.0,49.0,7.4,7.9,311,18,5,11
09.11.2019 19:00:00,9.0,55.0,22.5,0,0.11,0,0.7,2.5,3.2,50.0,0,64.0,0.5,0,45.0,43.0,7.3,7.2,311,19,5,11
09.11.2019 20:00:00,10.0,53.0,22.5,0,0.12,0,0.9,2.6,3.5,58.0,0,65.0,0.6,0,37.0,38.0,5.5,5.4,311,20,5,11
09.11.2019 21:00:00,11.0,53.0,22.6,0,0.11,0,0.8,2.1,2.9,51.0,0,66.0,0.8,0,44.0,54.0,6.7,6.2,311,21,5,11
09.11.2019 22:00:00,8.0,52.0,22.7,0,0.11,0,0.8,2.3,3.1,40.0,0,61.0,0.3,0,65.0,67.0,5.0,4.4,311,22,5,11
09.11.2019 23:00:00,6.0,52.0,22.6,0,0.11,0,0.9,2.2,3.2,32.0,0,60.0,0.4,0,63.0,59.0,6.2,5.3,311,23,5,11
09.11.2019 24:00:00,8.0,52.0,22.4,0,0.1,0,0.7,1.9,2.6,39.0,0,59.0,0.5,0,55.0,52.0,6.4,6.2,311,24,5,11
10.11.2019 01:00:00,9.0,50.0,22.0,0,0.1,0,0.6,1.8,2.3,43.0,0,61.0,1.7,0,65.0,156.0,1.3,2.6,312,1,6,11
10.11.2019 02:00:00,8.0,36.0,19.6,0,0.12,0,0.2,2.0,2.2,17.0,0,74.0,3.0,0,195.0,198.0,3.0,1.9,312,2,6,11
10.11.2019 03:00:00,8.0,33.0,19.1,0,0.12,0,0.3,1.6,1.9,11.0,0,78.0,3.4,0,188.0,188.0,2.5,2.4,312,3,6,11
10.11.2019 04:00:00,9.0,30.0,18.5,0,0.12,0,0.3,1.7,2.0,15.0,0,82.0,3.4,0,198.0,195.0,3.3,2.8,312,4,6,11
10.11.2019 05:00:00,9.0,31.0,18.2,0,0.12,0,0.3,1.8,2.1,16.0,0,83.0,3.4,0,202.0,210.0,2.8,2.9,312,5,6,11
10.11.2019 06:00:00,7.0,29.0,17.7,0,0.11,0,0.2,1.5,1.7,14.0,0,85.0,3.2,0,211.0,209.0,3.9,3.4,312,6,6,11
10.11.2019 07:00:00,6.0,27.0,17.4,0,0.12,0,0.4,2.3,2.7,13.0,0,87.0,3.2,0,209.0,208.0,4.5,4.4,312,7,6,11
10.11.2019 08:00:00,6.0,25.0,19.0,0,0.16,0,1.3,5.0,6.3,12.0,0,83.0,3.1,0,202.0,190.0,2.1,3.2,312,8,6,11
10.11.2019 09:00:00,7.0,36.0,22.2,0,0.19,0,2.5,6.0,8.5,26.0,0,70.0,3.1,0,58.0,46.0,3.6,1.1,312,9,6,11
10.11.2019 10:00:00,5.0,52.0,23.7,0,0.13,0,0.4,1.5,1.9,32.0,0,60.0,2.9,0,48.0,49.0,4.2,3.9,312,10,6,11
10.11.2019 11:00:00,9.0,51.0,24.0,0,0.14,0,0.8,2.3,3.1,36.0,0,58.0,2.5,0,50.0,52.0,4.0,3.8,312,11,6,11
10.11.2019 12:00:00,10.0,52.0,24.1,0,0.15,0,0.6,1.7,2.3,29.0,0,57.0,2.7,0,54.0,63.0,2.8,3.5,312,12,6,11
10.11.2019 13:00:00,10.0,51.0,24.2,0,0.16,0,0.6,2.7,3.3,39.0,0,57.0,2.4,0,63.0,68.0,3.1,2.9,312,13,6,11
10.11.2019 14:00:00,7.0,52.0,24.2,0,0.15,0,0.5,1.8,2.3,33.0,0,58.0,2.1,0,53.0,49.0,4.7,3.5,312,14,6,11
10.11.2019 15:00:00,7.0,52.0,24.1,0,0.15,0,0.9,2.1,3.0,40.0,0,61.0,2.139,0,48.0,47.0,4.5,4.5,312,15,6,11
10.11.2019 16:00:00,10.0,48.0,24.1,0,0.18,0,1.0,6.3,7.3,59.0,0,62.0,3.5,0,43.0,28.0,3.3,3.0,312,16,6,11
10.11.2019 17:00:00,9.0,48.0,23.8,0,0.19,0,0.9,6.2,7.2,79.0,0,63.0,3.9,0,36.0,49.0,2.8,2.8,312,17,6,11
10.11.2019 18:00:00,12.0,39.0,22.7,0,0.24,0,0.6,9.1,9.7,45.0,0,68.0,4.0,0,167.0,217.0,2.2,0.4,312,18,6,11
10.11.2019 19:00:00,13.0,28.0,20.5,0,0.22,0,0.9,6.8,7.7,22.0,0,81.0,4.0,0,211.0,210.0,4.0,3.4,312,19,6,11
10.11.2019 20:00:00,12.0,29.0,19.7,0,0.18,0,0.8,3.9,4.7,14.0,0,84.0,3.9,0,211.0,208.0,4.0,4.2,312,20,6,11
10.11.2019 21:00:00,12.0,28.0,19.3,0,0.17,0,0.5,4.6,5.1,20.0,0,86.0,3.7,0,208.0,209.0,4.1,4.4,312,21,6,11
10.11.2019 22:00:00,10.0,27.0,18.7,0,0.17,0,0.5,3.5,4.1,13.0,0,88.0,3.6,0,214.0,216.0,4.2,4.0,312,22,6,11
10.11.2019 23:00:00,8.0,29.0,18.4,0,0.15,0,0.4,2.3,2.7,17.0,0,88.0,3.7,0,213.0,213.0,3.9,4.1,312,23,6,11
10.11.2019 24:00:00,9.0,31.0,18.3,0,0.15,0,0.5,2.1,2.7,13.0,0,88.0,3.6,0,213.0,211.0,4.3,4.1,312,24,6,11
11.11.2019 01:00:00,10.0,31.0,18.2,0,0.15,0,0.2,2.1,2.3,23.0,0,88.0,3.2,0,213.0,212.0,4.2,4.2,313,1,0,11
11.11.2019 02:00:00,13.0,30.0,17.9,0,0.14,0,0.7,2.9,3.6,15.0,0,88.0,3.4,0,212.0,211.0,4.6,3.9,313,2,0,11
11.11.2019 03:00:00,10.0,32.0,17.2,0,0.13,0,0.6,2.0,2.5,11.0,0,86.0,2.8,0,213.0,212.0,4.8,4.6,313,3,0,11
11.11.2019 04:00:00,7.0,31.0,17.1,0,0.13,0,0.7,1.2,1.9,17.0,0,87.0,2.8,0,211.0,211.0,5.1,5.1,313,4,0,11
11.11.2019 05:00:00,7.0,28.0,17.5,0,0.13,0,0.7,1.5,2.2,13.0,0,89.0,2.4,0,211.0,212.0,4.4,4.4,313,5,0,11
11.11.2019 06:00:00,8.0,26.0,17.9,0,0.14,0,0.8,1.3,2.1,15.0,0,91.0,2.4,0,211.0,206.0,3.6,3.9,313,6,0,11
11.11.2019 07:00:00,9.0,21.0,18.1,0,0.2,0,1.8,5.0,6.8,17.0,0,91.0,2.4,0,207.0,203.0,3.6,3.5,313,7,0,11
11.11.2019 08:00:00,9.0,17.0,19.5,0,0.3,0,6.0,10.0,16.0,18.0,0,89.0,2.7,0,199.0,192.0,0.9,2.2,313,8,0,11
11.11.2019 09:00:00,9.0,37.0,22.8,0,0.22,0,4.7,10.0,15.0,27.0,0,73.0,3.2,0,46.0,51.0,3.5,1.8,313,9,0,11
11.11.2019 10:00:00,7.0,54.0,24.1,0,0.13,0,0.9,1.9,2.8,22.0,0,64.0,2.6,0,50.0,50.0,2.5,2.9,313,10,0,11
11.11.2019 11:00:00,9.0,62.0,24.7,0,0.17,0,1.0,3.5,4.4,26.0,0,58.0,2.3,0,46.0,48.0,4.1,2.9,313,11,0,11
11.11.2019 12:00:00,15.0,70.0,25.0,0,0.2,0,1.0,3.5,4.5,28.0,0,54.0,2.5,0,51.0,52.0,5.1,4.3,313,12,0,11
11.11.2019 13:00:00,14.0,72.0,24.9,0,0.2,0,0.9,3.7,4.6,32.0,0,56.0,2.3,0,53.0,54.0,4.8,4.9,313,13,0,11
11.11.2019 14:00:00,14.0,72.0,24.9,0,0.18,0,0.9,2.8,3.7,29.0,0,58.0,2.3,0,53.0,55.0,4.3,4.8,313,14,0,11
11.11.2019 15:00:00,14.0,72.0,24.8,0,0.18,0,0.7,4.1,4.8,29.0,0,60.0,2.0,0,53.0,50.0,4.9,4.5,313,15,0,11
11.11.2019 16:00:00,15.0,71.0,24.6,0,0.19,0,1.1,5.5,6.6,29.0,0,60.0,2.1,0,55.0,56.0,4.2,4.1,313,16,0,11
11.11.2019 17:00:00,17.0,73.0,24.3,0,0.21,0,1.0,5.4,6.3,36.0,0,60.0,2.1,0,64.0,102.0,1.8,2.8,313,17,0,11
11.11.2019 18:00:00,19.0,62.0,23.4,0,0.29,0,0.8,11.0,11.0,34.0,0,65.0,2.2,0,182.0,209.0,2.0,0.8,313,18,0,11
11.11.2019 19:00:00,21.0,44.0,21.5,0,0.31,0,1.0,11.0,12.0,35.0,0,75.0,2.2,0,196.0,195.0,2.5,2.1,313,19,0,11
11.11.2019 20:00:00,17.0,41.0,20.4,0,0.26,0,1.1,9.3,10.0,23.0,0,81.0,1.8,0,197.0,203.0,3.9,2.9,313,20,0,11
11.11.2019 21:00:00,20.0,40.0,19.5,0,0.24,0,0.6,6.4,7.0,26.0,0,86.0,1.8,0,204.0,196.0,3.4,3.7,313,21,0,11
11.11.2019 22:00:00,19.0,38.0,19.3,0,0.22,0,0.8,5.2,6.0,24.0,0,87.0,1.5,0,203.0,202.0,3.4,3.5,313,22,0,11
11.11.2019 23:00:00,15.0,37.0,19.4,0,0.21,0,0.8,4.8,5.7,22.0,0,88.0,1.7,0,195.0,196.0,3.3,3.1,313,23,0,11
11.11.2019 24:00:00,15.0,38.0,19.6,0,0.21,0,0.8,4.1,4.8,21.0,0,87.0,1.7,0,188.0,192.0,3.2,2.6,313,24,0,11
12.11.2019 01:00:00,19.0,40.0,19.1,0,0.23,0,0.6,3.8,4.4,23.0,0,88.0,2.7,0,201.0,202.0,3.6,3.4,314,1,1,11
12.11.2019 02:00:00,20.0,43.0,18.9,0,0.23,0,0.5,1.6,2.1,23.0,0,88.0,1.1,0,206.0,204.0,3.7,3.7,314,2,1,11
12.11.2019 03:00:00,19.0,43.0,18.8,0,0.23,0,0.5,1.2,1.7,24.0,0,89.0,1.1,0,203.0,204.0,3.6,3.6,314,3,1,11
12.11.2019 04:00:00,20.0,42.0,18.6,0,0.24,0,0.6,0.9,1.5,28.0,0,90.0,0.9,0,208.0,210.0,4.4,4.0,314,4,1,11
12.11.2019 05:00:00,20.0,43.0,18.6,0,0.23,0,0.5,0.9,1.4,26.0,0,90.0,0.8,0,208.0,212.0,4.0,4.2,314,5,1,11
12.11.2019 06:00:00,21.0,42.0,18.6,0,0.24,0,0.6,1.2,1.8,30.0,0,90.0,0.7,0,205.0,205.0,4.0,3.7,314,6,1,11
12.11.2019 07:00:00,20.0,40.0,18.8,0,0.27,0,0.8,4.3,5.1,28.0,0,89.0,0.8,0,204.0,197.0,3.5,3.9,314,7,1,11
12.11.2019 08:00:00,24.0,35.0,20.2,0,0.34,0,2.1,9.5,12.0,35.0,0,86.0,1.2,0,198.0,204.0,3.1,2.9,314,8,1,11
12.11.2019 09:00:00,27.0,45.0,22.4,0,0.34,0,2.1,8.9,11.0,36.0,0,79.0,1.3,0,188.0,142.0,1.6,1.7,314,9,1,11
12.11.2019 10:00:00,27.0,69.0,24.5,0,0.28,0,1.5,8.6,10.0,60.0,0,68.0,1.7,0,87.0,70.0,3.8,2.2,314,10,1,11
12.11.2019 11:00:00,25.0,80.0,25.0,0,0.25,0,1.0,4.3,5.4,67.0,0,65.0,1.4,0,62.0,56.0,5.5,3.9,314,11,1,11
12.11.2019 12:00:00,23.0,83.0,25.1,0,0.25,0,1.0,2.8,3.8,71.0,0,66.0,1.0,0,57.0,58.0,5.8,5.2,314,12,1,11
12.11.2019 13:00:00,22.0,83.0,25.4,0,0.24,0,0.9,2.6,3.5,71.0,0,66.0,0.9,0,56.0,56.0,5.4,5.0,314,13,1,11
12.11.2019 14:00:00,22.0,83.0,25.4,0,0.24,0,1.0,2.8,3.7,72.0,0,67.0,0.9,0,58.0,52.0,5.9,4.7,314,14,1,11
12.11.2019 15:00:00,26.0,82.0,25.2,0,0.23,0,0.7,4.7,5.4,65.0,0,70.0,1.0,0,51.0,48.0,7.0,6.4,314,15,1,11
12.11.2019 16:00:00,29.0,80.0,24.9,0,0.23,0,0.8,4.4,5.2,63.0,0,72.0,0.6,0,51.0,51.0,6.1,6.4,314,16,1,11
12.11.2019 17:00:00,27.0,78.0,24.9,0,0.25,0,0.7,4.6,5.4,70.0,0,74.0,0.4,0,55.0,60.0,3.5,4.3,314,17,1,11
12.11.2019 18:00:00,30.0,74.0,24.6,0,0.27,0,0.8,7.9,8.6,63.0,0,75.0,0.9,0,67.0,72.0,2.4,2.5,314,18,1,11
12.11.2019 19:00:00,32.0,58.0,23.9,0,0.32,0,0.7,9.9,11.0,58.0,0,77.0,0.4,0,163.0,194.0,2.5,1.0,314,19,1,11
12.11.2019 20:00:00,27.0,36.0,22.1,0,0.32,0,1.2,11.0,12.0,44.0,0,85.0,0.9,0,189.0,184.0,2.7,2.4,314,20,1,11
12.11.2019 21:00:00,26.0,35.0,21.4,0,0.29,0,1.3,9.2,10.0,41.0,0,86.0,1.1,0,183.0,181.0,2.6,2.4,314,21,1,11
12.11.2019 22:00:00,26.0,37.0,21.2,0,0.27,0,0.9,8.1,8.9,37.0,0,84.0,1.5,0,187.0,181.0,2.9,2.4,314,22,1,11
12.11.2019 23:00:00,23.0,38.0,20.6,0,0.26,0,0.7,5.8,6.5,34.0,0,85.0,0.9,0,183.0,169.0,3.1,2.8,314,23,1,11
12.11.2019 24:00:00,22.0,45.0,21.0,0,0.24,0,0.8,3.1,4.0,36.0,0,82.0,0.6,0,186.0,187.0,2.9,3.0,314,24,1,11
13.11.2019 01:00:00,18.0,43.0,20.7,0,0.23,0,0.8,2.2,3.0,38.0,0,83.0,1.6,0,190.0,195.0,3.0,2.9,315,1,2,11
13.11.2019 02:00:00,19.0,44.0,20.2,0,0.22,0,0.1,1.3,1.4,26.0,0,85.0,2.1,0,201.0,208.0,4.4,4.0,315,2,2,11
13.11.2019 03:00:00,19.0,45.0,20.1,0,0.2,0,0.3,1.0,1.3,32.0,0,86.0,2.0,0,208.0,211.0,4.3,4.4,315,3,2,11
13.11.2019 04:00:00,17.0,45.0,20.0,0,0.2,0,0.3,0.9,1.3,25.0,0,86.0,1.7,0,211.0,210.0,4.0,4.1,315,4,2,11
13.11.2019 05:00:00,17.0,43.0,19.8,0,0.2,0,0.3,0.9,1.2,28.0,0,87.0,1.5,0,211.0,213.0,4.1,3.9,315,5,2,11
13.11.2019 06:00:00,20.0,40.0,19.7,0,0.21,0,0.5,1.1,1.6,26.0,0,88.0,1.7,0,209.0,211.0,4.1,4.0,315,6,2,11
13.11.2019 07:00:00,18.0,39.0,19.9,0,0.23,0,0.3,3.0,3.3,27.0,0,87.0,1.7,0,211.0,210.0,4.6,4.4,315,7,2,11
13.11.2019 08:00:00,18.0,35.0,21.2,0,0.27,0,1.4,6.6,8.0,27.0,0,84.0,1.9,0,206.0,198.0,2.9,3.7,315,8,2,11
13.11.2019 09:00:00,17.0,33.0,23.7,0,0.33,0,2.9,9.4,12.0,24.0,0,77.0,2.1,0,194.0,313.0,0.5,1.5,315,9,2,11
13.11.2019 10:00:00,21.0,56.0,25.9,0,0.28,0,2.2,10.0,12.0,40.0,0,66.0,2.3,0,24.0,15.0,2.0,1.4,315,10,2,11
13.11.2019 11:00:00,15.0,63.0,26.2,0,0.23,0,1.0,6.6,7.6,49.0,0,71.0,2.3,0,26.0,49.0,2.7,1.8,315,11,2,11
13.11.2019 12:00:00,16.917,47.681,26.2,0,0.0,0,1.292,5.875,7.626,33.917,0,72.0,2.183,0,47.0,35.0,2.7,3.1,315,12,2,11
13.11.2019 13:00:00,22.0,66.0,26.5,0,0.24,0,0.8,4.2,4.9,43.0,0,74.0,2.183,0,24.0,23.0,2.9,2.4,315,13,2,11
13.11.2019 14:00:00,22.0,57.0,26.3,0,0.2,0,1.8,9.0,11.0,53.0,0,75.0,2.184,0,20.0,19.0,4.4,3.5,315,14,2,11
13.11.2019 15:00:00,18.0,58.0,26.0,0,0.18,0,1.3,5.4,6.7,53.0,0,75.0,1.7,0,17.0,9.3,2.0,2.8,315,15,2,11
13.11.2019 16:00:00,17.0,52.0,25.8,0,0.19,0,1.4,7.8,9.2,50.0,0,75.0,1.6,0,15.0,10.0,1.5,1.4,315,16,2,11
13.11.2019 17:00:00,19.0,42.0,25.5,0,0.25,0,1.8,15.0,17.0,45.0,0,76.0,1.9,0,358.0,0.4,1.3,1.2,315,17,2,11
13.11.2019 18:00:00,31.0,26.0,24.4,0,0.36,0,1.4,18.0,20.0,52.0,0,81.0,2.1,0,177.0,263.0,1.1,0.5,315,18,2,11
13.11.2019 19:00:00,20.0,38.0,24.2,0,0.29,0,0.8,10.0,11.0,38.0,0,84.0,2.4,0,52.0,48.0,4.1,1.6,315,19,2,11
13.11.2019 20:00:00,14.0,56.0,25.1,0,0.22,0,0.3,3.0,3.3,41.0,0,84.0,2.1,0,41.0,36.0,3.9,3.7,315,20,2,11
13.11.2019 21:00:00,18.0,56.0,24.9,0,0.22,0,0.0,2.9,3.0,42.0,0,84.0,1.7,0,41.0,36.0,3.8,3.9,315,21,2,11
13.11.2019 22:00:00,18.0,59.0,24.7,0,0.21,0,0.1,2.0,2.1,44.0,0,83.0,1.7,0,32.0,27.0,6.0,4.5,315,22,2,11
13.11.2019 23:00:00,20.0,64.0,24.6,0,0.21,0,0.2,1.5,1.7,51.0,0,80.0,1.6,0,30.0,32.0,7.0,6.2,315,23,2,11
13.11.2019 24:00:00,28.0,73.0,24.2,0,0.27,0,0.1,2.2,2.3,61.0,0,75.0,1.7,0,26.0,25.0,8.5,8.4,315,24,2,11
14.11.2019 01:00:00,29.0,64.0,23.9,0,0.28,0,0.0,2.5,2.6,74.0,0,74.0,1.7,0,26.0,26.0,8.6,8.9,316,1,3,11
14.11.2019 02:00:00,33.0,59.0,23.6,0,0.32,0,0.3,3.8,4.0,79.0,0,73.0,2.1,0,23.0,21.0,13.0,11.0,316,2,3,11
14.11.2019 03:00:00,32.0,60.0,23.3,0,0.36,0,0.5,4.3,4.8,100.0,0,72.0,2.0,0,27.0,29.0,7.4,8.5,316,3,3,11
14.11.2019 04:00:00,35.0,63.0,23.2,0,0.37,0,0.3,4.6,5.0,89.0,0,71.0,2.0,0,30.0,36.0,7.9,8.1,316,4,3,11
14.11.2019 05:00:00,32.0,62.0,23.1,0,0.34,0,0.6,4.4,5.0,89.0,0,71.0,2.0,0,32.0,29.0,8.4,7.3,316,5,3,11
14.11.2019 06:00:00,35.0,59.0,23.2,0,0.34,0,0.6,4.4,5.0,92.0,0,70.0,2.0,0,26.0,27.0,9.0,8.4,316,6,3,11
14.11.2019 07:00:00,35.0,57.0,23.1,0,0.32,0,0.8,4.6,5.5,106.0,0,70.0,2.1,0,28.0,29.0,8.8,9.1,316,7,3,11
14.11.2019 08:00:00,36.0,53.0,23.0,0,0.34,0,1.2,5.7,6.8,113.0,0,68.0,2.3,0,30.0,28.0,9.1,7.7,316,8,3,11
14.11.2019 09:00:00,38.0,49.0,22.7,0,0.35,0,1.0,6.0,7.0,124.0,0,68.0,2.4,0,30.0,30.0,9.3,8.5,316,9,3,11
14.11.2019 10:00:00,38.0,48.0,22.4,0,0.33,0,1.1,6.3,7.4,124.0,0,68.0,2.5,0,28.0,29.0,8.7,8.0,316,10,3,11
14.11.2019 11:00:00,35.0,50.0,22.3,0,0.28,0,1.6,7.1,8.7,119.0,0,67.0,2.0,0,29.0,31.0,6.7,6.7,316,11,3,11
14.11.2019 12:00:00,35.0,54.0,22.2,0,0.29,0,1.7,7.7,9.5,130.0,0,69.0,2.1,0,28.0,24.0,7.8,6.4,316,12,3,11
14.11.2019 13:00:00,40.0,58.0,22.2,0,0.27,0,1.1,5.2,6.3,110.0,0,69.0,1.8,0,25.0,25.0,8.7,8.0,316,13,3,11
14.11.2019 14:00:00,30.0,56.0,22.4,0,0.23,0,1.3,6.1,7.3,124.0,0,66.0,1.7,0,30.0,41.0,6.9,6.6,316,14,3,11
14.11.2019 15:00:00,23.0,55.0,22.6,0,0.21,0,1.3,4.0,5.3,124.0,0,67.0,1.4,0,43.0,44.0,7.6,6.2,316,15,3,11
14.11.2019 16:00:00,27.0,53.0,23.0,0,0.21,0,0.9,3.4,4.3,122.0,0,69.0,1.4,0,48.0,49.0,8.9,7.7,316,16,3,11
14.11.2019 17:00:00,28.0,53.0,23.2,0,0.2,0,0.8,2.5,3.3,92.0,0,68.0,1.2,0,50.0,51.0,11.0,9.7,316,17,3,11
14.11.2019 18:00:00,32.0,50.0,22.9,0,0.2,0,0.9,3.3,4.2,114.0,0,73.0,1.5,0,43.0,38.0,7.4,8.1,316,18,3,11
14.11.2019 19:00:00,33.0,51.0,22.8,0,0.19,0,0.7,2.6,3.2,114.0,0,74.0,1.4,0,41.0,43.0,7.6,8.1,316,19,3,11
14.11.2019 20:00:00,28.0,50.0,22.8,0,0.17,0,0.5,2.7,3.2,111.0,0,74.0,1.3,0,44.0,45.0,8.7,7.7,316,20,3,11
14.11.2019 21:00:00,24.0,50.0,22.7,0,0.16,0,0.6,2.6,3.2,97.0,0,72.0,1.3,0,45.0,47.0,9.8,8.0,316,21,3,11
14.11.2019 22:00:00,18.0,50.0,22.7,0,0.15,0,0.7,2.1,2.8,85.0,0,69.0,1.2,0,49.0,50.0,9.3,9.5,316,22,3,11
14.11.2019 23:00:00,22.0,50.0,22.6,0,0.14,0,0.7,2.1,2.7,82.0,0,68.0,1.2,0,50.0,49.0,8.5,9.1,316,23,3,11
14.11.2019 24:00:00,16.0,50.0,22.4,0,0.14,0,0.5,2.1,2.6,87.0,0,68.0,1.1,0,50.0,53.0,7.2,8.0,316,24,3,11
15.11.2019 01:00:00,16.0,49.0,22.4,0,0.14,0,0.5,1.9,2.4,76.0,0,66.0,1.5,0,54.0,53.0,6.6,6.5,317,1,4,11
15.11.2019 02:00:00,15.0,49.0,22.3,0,0.12,0,0.2,1.1,1.3,74.0,0,65.0,2.5,0,54.0,55.0,6.9,6.4,317,2,4,11
15.11.2019 03:00:00,8.0,48.0,22.2,0,0.12,0,0.5,1.3,1.8,52.0,0,65.0,2.3,0,55.0,58.0,5.9,6.9,317,3,4,11
15.11.2019 04:00:00,10.0,48.0,22.3,0,0.12,0,0.4,1.2,1.6,45.0,0,63.0,2.4,0,58.0,55.0,6.5,6.0,317,4,4,11
15.11.2019 05:00:00,10.0,47.0,22.3,0,0.12,0,0.5,1.4,1.8,47.0,0,68.0,2.4,0,52.0,50.0,8.0,7.2,317,5,4,11
15.11.2019 06:00:00,13.0,48.0,22.3,0,0.11,0,0.5,1.1,1.6,48.0,0,68.0,2.8,0,52.0,54.0,6.9,7.5,317,6,4,11
15.11.2019 07:00:00,10.0,47.0,22.1,0,0.11,0,0.5,1.7,2.2,46.0,0,68.0,2.5,0,50.0,51.0,8.0,8.0,317,7,4,11
15.11.2019 08:00:00,9.0,47.0,22.2,0,0.12,0,0.7,1.9,2.6,42.0,0,65.0,2.4,0,56.0,66.0,5.1,5.7,317,8,4,11
15.11.2019 09:00:00,7.0,46.0,22.5,0,0.12,0,0.7,2.3,3.0,42.0,0,64.0,2.4,0,56.0,56.0,6.3,6.0,317,9,4,11
15.11.2019 10:00:00,5.0,46.0,23.0,0,0.13,0,1.2,3.3,4.5,35.0,0,61.0,2.2,0,69.0,75.0,4.6,4.7,317,10,4,11
15.11.2019 11:00:00,7.0,47.0,23.7,0,0.12,0,1.4,3.0,4.3,32.0,0,61.0,2.6,0,75.0,69.0,5.2,4.3,317,11,4,11
15.11.2019 12:00:00,9.0,48.0,23.6,0,0.12,0,1.4,3.5,4.9,32.0,0,61.0,2.7,0,73.0,77.0,5.0,4.7,317,12,4,11
15.11.2019 13:00:00,11.0,49.0,23.9,0,0.12,0,1.3,3.0,4.3,33.0,0,60.0,2.5,0,73.0,80.0,5.5,4.8,317,13,4,11
15.11.2019 14:00:00,9.0,48.0,24.1,0,0.12,0,1.4,3.8,5.2,35.0,0,62.0,2.5,0,67.0,63.0,4.4,4.5,317,14,4,11
15.11.2019 15:00:00,8.0,46.0,23.9,0,0.12,0,1.6,3.5,5.0,35.0,0,64.0,2.6,0,55.0,55.0,6.1,5.7,317,15,4,11
15.11.2019 16:00:00,9.0,46.0,23.8,0,0.13,0,1.1,3.8,5.0,33.0,0,67.0,2.5,0,61.0,62.0,4.4,4.3,317,16,4,11
15.11.2019 17:00:00,9.0,44.0,23.6,0,0.13,0,1.3,4.8,6.1,33.0,0,67.0,2.6,0,65.0,63.0,3.3,3.3,317,17,4,11
15.11.2019 18:00:00,11.0,46.0,23.6,0,0.14,0,1.0,3.8,4.7,36.0,0,69.0,2.8,0,62.0,58.0,3.6,3.2,317,18,4,11
15.11.2019 19:00:00,12.0,34.0,22.9,0,0.2,0,1.4,9.4,11.0,28.0,0,73.0,2.5,0,121.0,187.0,1.5,0.9,317,19,4,11
15.11.2019 20:00:00,13.0,26.0,21.7,0,0.2,0,1.5,8.9,10.0,20.0,0,79.0,2.7,0,193.0,197.0,2.1,2.1,317,20,4,11
15.11.2019 21:00:00,13.0,24.0,21.0,0,0.17,0,1.5,6.7,8.1,22.0,0,83.0,2.5,0,188.0,188.0,2.5,2.5,317,21,4,11
15.11.2019 22:00:00,9.0,24.0,21.3,0,0.15,0,1.5,6.3,7.8,18.0,0,83.0,3.0,0,186.0,187.0,2.2,1.9,317,22,4,11
15.11.2019 23:00:00,7.0,28.0,22.0,0,0.15,0,1.0,6.0,7.0,20.0,0,82.0,3.1,0,178.0,177.0,2.0,1.4,317,23,4,11
15.11.2019 24:00:00,9.0,26.0,21.4,0,0.14,0,1.1,5.7,6.8,22.0,0,85.0,2.8,0,195.0,192.0,2.3,1.8,317,24,4,11
16.11.2019 01:00:00,7.0,24.0,21.2,0,0.13,0,0.7,4.8,5.5,17.0,0,87.0,3.6,0,190.0,187.0,2.3,2.1,318,1,5,11
16.11.2019 02:00:00,6.0,33.0,22.4,0,0.13,0,0.6,4.4,4.9,21.0,0,85.0,2.5,0,185.0,136.0,1.2,1.1,318,2,5,11
16.11.2019 03:00:00,6.0,30.0,22.2,0,0.13,0,0.7,4.2,4.9,18.0,0,85.0,2.1,0,200.0,208.0,3.4,2.0,318,3,5,11
16.11.2019 04:00:00,6.0,24.0,21.1,0,0.13,0,0.8,5.0,5.8,13.0,0,89.0,2.5,0,190.0,187.0,2.7,2.6,318,4,5,11
16.11.2019 05:00:00,7.0,23.0,20.7,0,0.13,0,0.8,4.5,5.3,12.0,0,88.0,2.1,0,190.0,186.0,2.7,2.8,318,5,5,11
16.11.2019 06:00:00,6.0,23.0,20.3,0,0.14,0,0.7,4.5,5.2,14.0,0,88.0,2.0,0,189.0,187.0,2.9,2.9,318,6,5,11
16.11.2019 07:00:00,6.0,20.0,20.1,0,0.18,0,1.6,6.2,7.8,12.0,0,88.0,1.8,0,190.0,194.0,3.1,3.0,318,7,5,11
16.11.2019 08:00:00,7.0,17.0,21.0,0,0.22,0,4.3,8.6,13.0,14.0,0,86.0,2.1,0,189.0,203.0,1.5,2.2,318,8,5,11
16.11.2019 09:00:00,7.0,33.0,24.0,0,0.17,0,4.0,9.5,13.0,27.0,0,73.0,2.6,0,107.0,86.0,2.4,1.1,318,9,5,11
16.11.2019 10:00:00,8.0,40.0,25.0,0,0.14,0,2.6,7.0,9.6,30.0,0,68.0,2.4,0,77.0,102.0,3.3,2.2,318,10,5,11
16.11.2019 11:00:00,6.0,43.0,25.9,0,0.14,0,2.6,6.4,8.9,20.0,0,61.0,2.7,0,85.0,74.0,3.9,3.3,318,11,5,11
16.11.2019 12:00:00,4.0,45.0,26.0,0,0.13,0,2.3,5.3,7.6,19.0,0,60.0,1.9,0,79.0,84.0,3.9,3.6,318,12,5,11
16.11.2019 13:00:00,6.0,45.0,25.9,0,0.13,0,2.1,6.0,8.1,23.0,0,63.0,1.8,0,79.0,83.0,3.8,3.8,318,13,5,11
16.11.2019 14:00:00,8.0,46.0,26.0,0,0.13,0,1.6,5.2,6.9,23.0,0,63.0,1.6,0,79.0,77.0,2.9,3.3,318,14,5,11
16.11.2019 15:00:00,5.0,44.0,26.0,0,0.13,0,1.8,4.9,6.7,22.0,0,63.0,1.6,0,93.0,116.0,3.4,2.8,318,15,5,11
16.11.2019 16:00:00,6.0,44.0,26.2,0,0.13,0,1.6,4.5,6.1,14.0,0,61.0,2.3,0,111.0,133.0,4.1,3.5,318,16,5,11
16.11.2019 17:00:00,6.0,44.0,25.5,0,0.13,0,1.0,3.1,4.2,15.0,0,63.0,2.1,0,139.0,141.0,3.8,3.4,318,17,5,11
16.11.2019 18:00:00,10.0,39.0,24.7,0,0.16,0,1.0,5.6,6.6,20.0,0,66.0,2.2,0,149.0,157.0,2.5,2.0,318,18,5,11
16.11.2019 19:00:00,13.0,24.0,23.2,0,0.24,0,2.0,12.0,14.0,23.0,0,75.0,1.8,0,186.0,201.0,2.4,1.9,318,19,5,11
16.11.2019 20:00:00,10.0,24.0,22.1,0,0.19,0,1.9,8.8,11.0,12.0,0,80.0,2.0,0,197.0,199.0,2.9,2.6,318,20,5,11
16.11.2019 21:00:00,11.0,25.0,21.9,0,0.19,0,1.3,7.6,8.9,18.0,0,80.0,1.6,0,186.0,196.0,2.5,2.3,318,21,5,11
16.11.2019 22:00:00,11.0,26.0,22.5,0,0.2,0,1.4,8.3,9.7,22.0,0,78.0,1.9,0,192.0,192.0,3.1,2.4,318,22,5,11
16.11.2019 23:00:00,11.0,35.0,23.8,0,0.16,0,1.0,5.0,6.0,28.0,0,74.0,1.9,0,191.0,186.0,2.4,2.9,318,23,5,11
16.11.2019 24:00:00,12.0,29.0,22.2,0,0.15,0,0.8,3.5,4.3,23.0,0,81.0,2.1,0,202.0,205.0,4.0,3.3,318,24,5,11
17.11.2019 01:00:00,9.0,26.0,21.3,0,0.15,0,0.8,2.9,3.7,27.0,0,86.0,2.0,0,206.0,208.0,4.2,4.3,319,1,6,11
17.11.2019 02:00:00,11.0,25.0,21.1,0,0.13,0,-0.1,1.3,1.2,18.0,0,88.0,2.1,0,211.0,211.0,4.0,4.2,319,2,6,11
17.11.2019 03:00:00,10.0,26.0,21.3,0,0.13,0,0.2,1.2,1.3,17.0,0,86.0,2.2,0,215.0,213.0,4.9,4.2,319,3,6,11
17.11.2019 04:00:00,9.0,31.0,21.1,0,0.15,0,0.1,1.3,1.5,11.0,0,84.0,2.2,0,217.0,224.0,3.4,4.1,319,4,6,11
17.11.2019 05:00:00,24.0,47.0,21.1,0,0.27,0,0.1,2.4,2.6,33.0,0,84.0,2.3,0,217.0,214.0,3.8,3.2,319,5,6,11
17.11.2019 06:00:00,27.0,49.0,20.9,0,0.28,0,0.1,2.8,2.9,33.0,0,86.0,2.4,0,215.0,215.0,4.0,3.8,319,6,6,11
17.11.2019 07:00:00,24.0,43.0,20.7,0,0.29,0,0.1,3.6,3.7,37.0,0,87.0,2.4,0,215.0,210.0,3.9,3.7,319,7,6,11
17.11.2019 08:00:00,25.0,40.0,22.0,0,0.31,0,0.3,5.3,5.6,30.0,0,83.0,2.5,0,210.0,208.0,2.7,3.5,319,8,6,11
17.11.2019 09:00:00,24.0,35.0,24.2,0,0.37,0,3.2,14.0,17.0,47.0,0,77.0,2.8,0,128.0,31.0,1.6,0.1,319,9,6,11
17.11.2019 10:00:00,26.0,55.0,24.9,0,0.3,0,1.8,10.0,12.0,58.0,0,73.0,3.7,0,36.0,36.0,1.5,1.4,319,10,6,11
17.11.2019 11:00:00,25.0,66.0,25.7,0,0.26,0,1.3,6.9,8.2,50.0,0,71.0,4.8,0,46.0,52.0,2.8,2.6,319,11,6,11
17.11.2019 12:00:00,25.0,68.0,25.8,0,0.26,0,0.9,7.9,8.7,45.0,0,72.0,5.2,0,52.0,53.0,2.5,2.8,319,12,6,11
17.11.2019 13:00:00,27.0,60.0,26.0,0,0.27,0,2.0,11.0,13.0,49.0,0,75.0,5.0,0,53.0,50.0,2.6,2.8,319,13,6,11
17.11.2019 14:00:00,29.0,80.0,26.0,0,0.29,0,0.9,10.0,11.0,51.0,0,74.0,7.6,0,43.0,43.0,2.1,2.0,319,14,6,11
17.11.2019 15:00:00,31.0,91.0,26.0,0,0.28,0,0.5,7.5,7.9,48.0,0,74.0,6.5,0,44.0,29.0,1.8,2.1,319,15,6,11
17.11.2019 16:00:00,32.0,88.0,25.9,0,0.28,0,0.7,10.0,11.0,51.0,0,76.0,4.3,0,44.0,43.0,1.7,1.9,319,16,6,11
17.11.2019 17:00:00,33.0,84.0,25.5,0,0.31,0,0.1,9.5,9.6,51.0,0,81.0,5.2,0,57.0,134.0,0.8,0.8,319,17,6,11
17.11.2019 18:00:00,35.0,55.0,24.3,0,0.38,0,0.6,12.0,13.0,43.0,0,85.0,3.1,0,203.0,206.0,2.5,1.8,319,18,6,11
17.11.2019 19:00:00,33.0,36.0,23.2,0,0.32,0,0.6,9.3,9.9,33.0,0,88.0,2.6,0,209.0,209.0,3.7,3.3,319,19,6,11
17.11.2019 20:00:00,16.0,22.0,23.2,0,0.25,0,0.6,7.5,8.1,24.0,0,89.0,2.8,0,212.0,208.0,3.1,2.7,319,20,6,11
17.11.2019 21:00:00,10.0,17.0,23.7,0,0.22,0,0.7,6.6,7.3,17.0,0,88.0,2.8,0,212.0,209.0,2.1,1.7,319,21,6,11
17.11.2019 22:00:00,12.0,16.0,23.5,0,0.19,0,1.0,4.6,5.7,13.0,0,89.0,2.7,0,211.0,212.0,3.0,2.9,319,22,6,11
17.11.2019 23:00:00,9.0,18.0,23.2,0,0.16,0,0.4,3.4,3.8,12.0,0,90.0,2.9,0,212.0,209.0,2.1,2.4,319,23,6,11
17.11.2019 24:00:00,9.0,15.0,23.1,0,0.17,0,0.5,4.1,4.6,13.0,0,89.0,2.8,0,208.0,215.0,3.6,2.4,319,24,6,11
18.11.2019 01:00:00,6.0,18.0,22.8,0,0.15,0,0.1,2.0,2.1,20.0,0,90.0,1.3,0,214.0,215.0,2.5,3.0,320,1,0,11
18.11.2019 02:00:00,10.0,22.0,22.8,0,0.16,0,0.3,1.2,1.5,15.0,0,89.0,1.8,0,213.0,220.0,1.9,2.9,320,2,0,11
18.11.2019 03:00:00,9.0,18.0,22.8,0,0.17,0,0.6,1.4,2.0,14.0,0,89.0,1.9,0,206.0,208.0,2.1,1.8,320,3,0,11
18.11.2019 04:00:00,9.0,20.0,22.6,0,0.17,0,0.3,1.1,1.4,11.0,0,90.0,1.8,0,211.0,208.0,3.5,3.0,320,4,0,11
18.11.2019 05:00:00,10.0,21.0,22.8,0,0.17,0,0.5,1.1,1.6,11.0,0,89.0,1.9,0,212.0,212.0,3.0,2.8,320,5,0,11
18.11.2019 06:00:00,13.0,16.0,23.3,0,0.2,0,0.7,3.4,4.2,11.0,0,88.0,2.2,0,201.0,187.0,1.5,1.6,320,6,0,11
18.11.2019 07:00:00,12.0,11.0,23.6,0,0.29,0,4.9,9.0,14.0,12.0,0,89.0,2.3,0,189.0,68.0,1.1,0.9,320,7,0,11
18.11.2019 08:00:00,12.0,7.4,24.5,0,0.43,0,17.0,16.0,33.0,29.0,0,90.0,3.3,0,30.0,41.0,1.0,0.2,320,8,0,11
18.11.2019 09:00:00,10.0,23.0,25.3,0,0.2,0,5.9,13.0,19.0,55.0,0,90.0,3.6,0,23.0,19.0,3.4,2.6,320,9,0,11
18.11.2019 10:00:00,51.0,35.0,25.6,0,0.59,0,1.5,10.0,12.0,108.0,0,88.0,2.8,0,26.0,25.0,9.6,8.4,320,10,0,11
18.11.2019 11:00:00,62.0,49.0,25.4,0,0.6,0,0.7,7.7,8.4,117.0,9.569,87.0,2.4,0,23.0,22.0,12.0,11.0,320,11,0,11
18.11.2019 12:00:00,14.347,49.0,25.2,0,0.52,0,0.7,6.4,7.1,28.347,0,87.0,2.2,0,25.0,25.0,12.0,11.0,320,12,0,11
18.11.2019 13:00:00,25.0,50.0,24.1,0,0.39,0,0.4,4.3,4.7,66.0,0,86.0,2.0,0,25.0,24.0,11.0,11.0,320,13,0,11
18.11.2019 14:00:00,27.0,49.0,24.0,0,0.41,0,0.4,4.1,4.5,73.0,0,85.0,2.2,0,24.0,21.0,12.0,10.0,320,14,0,11
18.11.2019 15:00:00,22.0,49.0,24.0,0,0.4,0,0.9,3.8,4.6,79.0,0,84.0,1.8,0,25.0,24.0,11.0,9.6,320,15,0,11
18.11.2019 16:00:00,19.0,53.0,24.1,0,0.39,0,0.7,3.3,4.0,69.0,0,84.0,1.9,0,23.0,21.0,13.0,11.0,320,16,0,11
18.11.2019 17:00:00,19.0,52.0,24.0,0,0.39,0,0.5,3.1,3.6,62.0,0.4,87.0,1.7,0,22.0,23.0,12.0,12.0,320,17,0,11
18.11.2019 18:00:00,14.0,49.0,22.9,0,0.35,0,0.5,2.6,3.1,57.0,0.2,90.0,1.5,0,22.0,21.0,13.0,11.0,320,18,0,11
18.11.2019 19:00:00,19.0,44.0,22.5,0,0.31,0,0.4,2.9,3.3,60.0,1.0,89.0,1.6,0,22.0,22.0,12.0,11.0,320,19,0,11
18.11.2019 20:00:00,21.0,43.0,22.3,0,0.32,0,0.2,3.4,3.6,78.0,2.8,87.0,1.7,0,23.0,23.0,11.0,11.0,320,20,0,11
18.11.2019 21:00:00,25.0,45.0,21.8,0,0.34,0,0.3,3.2,3.5,90.0,2.6,88.0,1.8,0,23.0,23.0,9.7,10.0,320,21,0,11
18.11.2019 22:00:00,28.0,41.0,21.4,0,0.37,0,0.4,3.4,3.8,110.0,2.0,90.0,2.0,0,24.0,26.0,9.1,9.8,320,22,0,11
18.11.2019 23:00:00,29.0,39.0,21.0,0,0.39,0,0.4,3.7,4.1,102.0,1.6,91.0,1.7,0,22.0,20.0,10.0,10.0,320,23,0,11
18.11.2019 24:00:00,29.0,39.0,20.8,0,0.34,0,0.3,3.0,3.3,105.0,1.8,92.0,1.8,0,23.0,26.0,10.0,9.5,320,24,0,11
19.11.2019 01:00:00,30.0,40.0,21.2,0,0.3,0,0.4,2.3,2.8,116.0,1.4,91.0,2.6,0,35.0,43.0,8.7,7.6,321,1,1,11
19.11.2019 02:00:00,35.0,42.0,21.5,0,0.25,0,1.0,1.9,2.9,123.0,0,88.0,1.5,0,22.0,19.0,8.8,9.8,321,2,1,11
19.11.2019 03:00:00,39.0,43.0,21.9,0,0.22,0,0.8,1.9,2.7,127.0,0,84.0,1.6,0,23.0,22.0,11.0,11.0,321,3,1,11
19.11.2019 04:00:00,37.0,44.0,21.7,0,0.2,0,1.1,1.6,2.7,123.0,0,82.0,1.5,0,24.0,21.0,12.0,11.0,321,4,1,11
19.11.2019 05:00:00,40.0,45.0,21.8,0,0.19,0,0.9,1.3,2.2,133.0,0.2,78.0,1.6,0,25.0,24.0,11.0,10.0,321,5,1,11
19.11.2019 06:00:00,35.0,46.0,21.3,0,0.19,0,1.0,1.3,2.3,116.0,0,79.0,1.5,0,24.0,23.0,13.0,11.0,321,6,1,11
19.11.2019 07:00:00,28.0,46.0,21.2,0,0.2,0,1.2,1.6,2.8,100.0,0,77.0,1.4,0,27.0,35.0,8.3,9.6,321,7,1,11
19.11.2019 08:00:00,29.0,45.0,21.3,0,0.19,0,1.4,2.2,3.6,104.0,0,76.0,1.4,0,29.0,28.0,9.3,8.6,321,8,1,11
19.11.2019 09:00:00,25.0,46.0,21.0,0,0.17,0,1.5,2.0,3.5,108.0,0,74.0,1.3,0,40.0,42.0,8.2,8.0,321,9,1,11
19.11.2019 10:00:00,24.0,44.0,20.8,0,0.16,0,1.7,2.6,4.2,107.0,0,73.0,1.4,0,32.0,41.0,8.2,7.4,321,10,1,11
19.11.2019 11:00:00,22.0,43.0,20.9,0,0.16,0,1.5,2.3,3.8,94.0,0,73.0,1.4,0,37.0,36.0,8.7,7.6,321,11,1,11
19.11.2019 12:00:00,23.0,44.0,21.0,0,0.0,0,1.494,6.905,9.104,98.0,0,72.0,2.196,0,34.0,28.0,9.6,7.9,321,12,1,11
19.11.2019 13:00:00,21.0,40.62,20.9,0,0.16,0,1.6,1.9,3.6,90.0,0,72.0,1.5,0,43.0,45.0,8.0,8.3,321,13,1,11
19.11.2019 14:00:00,21.0,46.0,21.0,0,0.15,0,1.6,2.0,3.6,86.0,0,69.0,1.4,0,46.0,47.0,10.0,8.8,321,14,1,11
19.11.2019 15:00:00,17.0,43.0,21.0,0,0.15,0,1.7,2.4,4.0,93.0,0,72.0,1.6,0,37.0,29.0,8.4,7.7,321,15,1,11
19.11.2019 16:00:00,18.0,43.0,21.2,0,0.15,0,1.7,2.3,4.0,85.0,0,72.0,1.6,0,31.0,32.0,7.4,7.8,321,16,1,11
19.11.2019 17:00:00,18.0,45.0,21.5,0,0.14,0,1.5,2.1,3.6,83.0,0,69.0,1.5,0,41.0,41.0,9.0,7.9,321,17,1,11
19.11.2019 18:00:00,17.0,46.0,21.6,0,0.15,0,1.2,1.9,3.1,85.0,0,70.0,1.4,0,40.0,36.0,9.2,8.1,321,18,1,11
19.11.2019 19:00:00,15.0,46.0,21.6,0,0.14,0,1.1,1.8,2.9,83.0,0,70.0,1.3,0,33.0,30.0,8.4,7.6,321,19,1,11
19.11.2019 20:00:00,17.0,46.0,21.5,0,0.14,0,1.3,1.6,2.9,88.0,0,70.0,1.3,0,39.0,42.0,8.6,7.8,321,20,1,11
19.11.2019 21:00:00,15.0,46.0,21.4,0,0.14,0,1.1,1.4,2.5,76.0,0,70.0,1.4,0,42.0,39.0,9.0,8.5,321,21,1,11
19.11.2019 22:00:00,19.0,46.0,21.4,0,0.15,0,0.9,1.1,2.0,69.0,0,74.0,1.1,0,43.0,44.0,9.9,9.2,321,22,1,11
19.11.2019 23:00:00,21.0,44.0,21.3,0,0.14,0,0.9,1.3,2.2,63.0,0,81.0,1.1,0,41.0,26.0,8.9,9.0,321,23,1,11
19.11.2019 24:00:00,18.0,46.0,21.8,0,0.13,0,1.0,1.0,2.0,74.0,0,76.0,1.7,0,47.0,49.0,13.0,9.9,321,24,1,11
20.11.2019 01:00:00,13.0,47.0,21.7,0,0.13,0,0.9,0.9,1.8,56.0,0,72.0,0.8,0,48.0,47.0,12.0,12.0,322,1,2,11
20.11.2019 02:00:00,17.0,47.0,21.6,0,0.15,0,0.1,1.0,1.1,65.0,0,74.0,1.8,0,44.0,42.0,10.0,9.1,322,2,2,11
20.11.2019 03:00:00,12.0,48.0,21.6,0,0.15,0,0.1,1.2,1.3,50.0,0,69.0,1.6,0,49.0,47.0,10.0,12.0,322,3,2,11
20.11.2019 04:00:00,16.0,48.0,21.7,0,0.15,0,0.2,1.1,1.3,60.0,0,72.0,1.5,0,45.0,43.0,10.0,9.4,322,4,2,11
20.11.2019 05:00:00,19.0,48.0,21.6,0,0.15,0,0.5,1.2,1.7,69.0,0,69.0,1.3,0,47.0,48.0,11.0,9.5,322,5,2,11
20.11.2019 06:00:00,15.0,47.0,21.6,0,0.16,0,0.0,1.2,1.2,69.0,0,70.0,1.4,0,45.0,44.0,9.6,9.3,322,6,2,11
20.11.2019 07:00:00,14.0,47.0,21.6,0,0.16,0,0.3,1.4,1.7,62.0,0,70.0,1.4,0,47.0,50.0,12.0,11.0,322,7,2,11
20.11.2019 08:00:00,15.0,46.0,21.7,0,0.16,0,0.4,1.4,1.8,64.0,0,68.0,1.7,0,47.0,47.0,9.9,11.0,322,8,2,11
20.11.2019 09:00:00,14.0,46.0,21.8,0,0.15,0,0.3,1.4,1.7,63.0,0,69.0,1.6,0,48.0,50.0,12.0,11.0,322,9,2,11
20.11.2019 10:00:00,16.0,45.0,21.8,0,0.15,0,0.2,1.3,1.4,66.0,0,71.0,1.4,0,48.0,46.0,12.0,11.0,322,10,2,11
20.11.2019 11:00:00,15.0,46.0,21.8,0,0.15,0,0.3,1.3,1.6,61.0,0,71.0,1.5,0,49.0,49.0,11.0,11.0,322,11,2,11
20.11.2019 12:00:00,17.0,46.0,21.9,0,0.15,0,0.4,1.5,1.9,70.0,0,70.0,1.5,0,47.0,52.0,11.0,9.7,322,12,2,11
20.11.2019 13:00:00,15.0,46.0,21.6,0,0.15,0,0.5,1.6,2.1,67.0,0,70.0,1.7,0,49.0,47.0,8.5,8.3,322,13,2,11
20.11.2019 14:00:00,15.0,46.0,21.5,0,0.15,0,0.3,1.5,1.8,68.0,0,71.0,1.4,0,50.0,51.0,9.3,8.2,322,14,2,11
20.11.2019 15:00:00,14.0,46.0,21.7,0,0.16,0,0.2,1.3,1.5,68.0,0,73.0,1.5,0,49.0,49.0,9.8,9.1,322,15,2,11
20.11.2019 16:00:00,17.0,46.0,21.9,0,0.16,0,0.6,1.9,2.5,70.0,0,75.0,1.6,0,45.0,44.0,7.4,7.4,322,16,2,11
20.11.2019 17:00:00,14.0,46.0,22.2,0,0.15,0,0.5,1.4,1.9,58.0,0,80.0,1.5,0,49.0,50.0,10.0,10.0,322,17,2,11
20.11.2019 18:00:00,12.0,46.0,22.1,0,0.16,0,0.4,1.4,1.8,53.0,0,81.0,1.6,0,49.0,50.0,11.0,9.9,322,18,2,11
20.11.2019 19:00:00,13.0,46.0,22.3,0,0.15,0,0.1,1.2,1.3,50.0,0,79.0,2.0,0,49.0,48.0,10.0,10.0,322,19,2,11
20.11.2019 20:00:00,13.0,46.0,22.3,0,0.16,0,0.0,1.1,1.1,55.0,0,80.0,1.8,0,48.0,48.0,8.7,9.6,322,20,2,11
20.11.2019 21:00:00,11.0,45.0,22.8,0,0.16,0,0.4,1.4,1.8,70.0,0.2,78.0,2.0,0,47.0,52.0,9.2,8.5,322,21,2,11
20.11.2019 22:00:00,12.0,46.0,22.5,0,0.16,0,0.3,1.3,1.6,63.0,0.2,78.0,2.0,0,49.0,50.0,10.0,9.2,322,22,2,11
20.11.2019 23:00:00,11.0,46.0,22.5,0,0.16,0,0.1,1.1,1.3,66.0,0,78.0,2.1,0,50.0,50.0,11.0,9.2,322,23,2,11
20.11.2019 24:00:00,14.0,45.0,22.7,0,0.16,0,0.5,1.2,1.7,57.0,0,78.0,1.7,0,54.0,52.0,8.9,8.4,322,24,2,11
21.11.2019 01:00:00,15.0,43.0,23.2,0,0.16,0,0.0,1.1,1.1,76.0,0,75.0,3.3,0,50.0,49.0,10.0,9.2,323,1,3,11
21.11.2019 02:00:00,14.0,45.0,23.4,0,0.14,0,0.5,0.9,1.4,64.0,0,73.0,1.6,0,51.0,53.0,10.0,10.0,323,2,3,11
21.11.2019 03:00:00,18.0,44.0,23.5,0,0.14,0,0.4,1.0,1.3,62.0,0,75.0,1.4,0,50.0,48.0,8.9,9.5,323,3,3,11
21.11.2019 04:00:00,15.0,45.0,23.5,0,0.13,0,0.2,1.1,1.3,61.0,0,76.0,1.6,0,49.0,49.0,9.9,9.6,323,4,3,11
21.11.2019 05:00:00,17.0,45.0,23.6,0,0.13,0,0.3,0.9,1.2,64.0,0,76.0,1.7,0,51.0,52.0,8.9,9.0,323,5,3,11
21.11.2019 06:00:00,14.0,46.0,23.7,0,0.14,0,0.1,1.2,1.4,61.0,0,76.0,1.7,0,51.0,51.0,9.4,9.3,323,6,3,11
21.11.2019 07:00:00,17.0,46.0,23.7,0,0.14,0,0.2,1.6,1.8,59.0,0,77.0,1.8,0,51.0,51.0,9.3,8.7,323,7,3,11
21.11.2019 08:00:00,15.0,45.0,23.9,0,0.13,0,0.1,2.1,2.2,61.0,0,79.0,1.8,0,49.0,48.0,9.1,8.3,323,8,3,11
21.11.2019 09:00:00,10.0,46.0,23.8,0,0.13,0,0.0,1.9,2.0,42.0,0,82.0,1.9,0,50.0,48.0,10.0,10.0,323,9,3,11
21.11.2019 10:00:00,10.0,45.0,23.4,0,0.13,0,0.4,2.2,2.6,32.0,0,89.0,1.9,0,49.0,31.0,5.1,7.3,323,10,3,11
21.11.2019 11:00:00,14.0,42.0,22.8,0,0.14,0,1.4,4.1,5.4,47.0,1.0,93.0,1.8,0,26.0,25.0,6.0,5.4,323,11,3,11
21.11.2019 12:00:00,12.0,43.0,22.3,0,0.14,0,1.1,3.3,4.5,34.0,1.4,95.0,1.8,0,17.0,13.0,5.3,5.8,323,12,3,11
21.11.2019 13:00:00,11.0,44.0,22.2,0,0.13,0,0.8,2.5,3.3,37.0,2.4,95.0,1.9,0,21.0,21.0,7.6,6.8,323,13,3,11
21.11.2019 14:00:00,15.0,43.0,22.2,0,0.14,0,0.8,3.2,4.0,40.0,2.8,95.0,2.0,0,17.0,10.0,5.4,5.8,323,14,3,11
21.11.2019 15:00:00,11.0,43.0,22.2,0,0.14,0,0.8,4.1,4.9,18.0,5.4,95.0,1.9,0,2.9,12.0,6.1,4.4,323,15,3,11
21.11.2019 16:00:00,8.0,44.0,22.6,0,0.14,0,0.6,3.3,4.0,31.0,0.8,96.0,2.2,0,19.0,17.0,9.7,8.3,323,16,3,11
21.11.2019 17:00:00,8.0,45.0,22.5,0,0.14,0,0.8,3.3,4.1,26.0,1.6,96.0,2.4,0,17.0,17.0,9.8,8.8,323,17,3,11
21.11.2019 18:00:00,7.0,46.0,22.4,0,0.13,0,0.7,2.3,3.0,26.0,2.4,96.0,2.6,0,17.0,14.0,9.2,8.7,323,18,3,11
21.11.2019 19:00:00,6.0,44.0,22.6,0,0.14,0,0.6,2.7,3.2,24.0,1.0,96.0,2.6,0,14.0,14.0,7.8,7.8,323,19,3,11
21.11.2019 20:00:00,6.0,45.0,22.8,0,0.13,0,0.6,2.0,2.6,20.0,1.4,96.0,2.6,0,15.0,18.0,8.7,7.5,323,20,3,11
21.11.2019 21:00:00,6.0,44.0,22.8,0,0.13,0,0.3,2.3,2.5,22.0,2.4,96.0,2.5,0,13.0,5.9,7.6,7.6,323,21,3,11
21.11.2019 22:00:00,6.0,44.0,22.9,0,0.13,0,0.5,2.2,2.7,13.0,1.6,96.0,2.4,0,0.7,6.1,6.9,6.2,323,22,3,11
21.11.2019 23:00:00,4.0,43.0,22.9,0,0.13,0,0.4,2.0,2.4,23.0,1.4,96.0,2.3,0,6.4,3.1,6.9,6.1,323,23,3,11
21.11.2019 24:00:00,4.0,43.0,22.7,0,0.13,0,0.3,2.3,2.6,13.0,2.2,96.0,2.5,0,353.0,339.0,5.2,4.5,323,24,3,11
22.11.2019 01:00:00,4.0,42.0,22.5,0,0.13,0,0.2,2.5,2.7,21.0,1.8,96.0,1.8,0,355.0,357.0,4.3,4.5,324,1,4,11
22.11.2019 02:00:00,3.0,42.0,22.5,0,0.12,0,0.6,0.9,1.4,19.0,1.8,96.0,2.3,0,359.0,7.2,5.8,4.5,324,2,4,11
22.11.2019 03:00:00,5.0,41.0,22.5,0,0.13,0,0.9,1.0,1.8,23.0,1.4,96.0,2.4,0,5.8,2.0,5.4,5.7,324,3,4,11
22.11.2019 04:00:00,6.0,39.0,22.5,0,0.13,0,0.9,1.5,2.4,6.0,24.0,96.0,2.7,0,327.0,307.0,3.0,3.7,324,4,4,11
22.11.2019 05:00:00,5.0,38.0,22.8,0,0.13,0,1.0,2.1,3.0,10.0,0.2,94.0,3.1,0,307.0,319.0,2.9,1.8,324,5,4,11
22.11.2019 06:00:00,3.0,37.0,23.1,0,0.13,0,1.0,1.7,2.7,15.0,0,94.0,3.0,0,312.0,267.0,2.2,2.1,324,6,4,11
22.11.2019 07:00:00,5.0,38.0,23.6,0,0.15,0,0.9,3.0,3.9,22.0,0.2,94.0,2.8,0,323.0,9.5,4.0,1.1,324,7,4,11
22.11.2019 08:00:00,6.0,42.0,24.1,0,0.14,0,0.9,1.1,2.0,45.0,0,93.0,2.7,0,16.0,19.0,7.4,6.2,324,8,4,11
22.11.2019 09:00:00,6.0,39.0,24.4,0,0.14,0,1.6,2.9,4.5,61.0,0,92.0,2.7,0,15.0,16.0,5.6,5.8,324,9,4,11
22.11.2019 10:00:00,13.0,39.0,24.5,0,0.14,0,2.0,2.4,4.4,77.0,0,91.0,2.8,0,18.0,23.0,6.0,5.9,324,10,4,11
22.11.2019 11:00:00,15.0,39.0,24.7,0,0.14,0,1.7,3.2,4.8,84.0,0.2,91.0,2.8,0,18.0,20.0,6.9,5.3,324,11,4,11
22.11.2019 12:00:00,15.0,41.0,24.6,0,0.14,0,2.2,3.4,5.6,90.0,0,91.0,2.9,0,18.0,19.0,5.9,5.7,324,12,4,11
22.11.2019 13:00:00,17.0,40.0,24.5,0,0.13,0,1.8,3.3,5.1,90.0,0,91.0,3.0,0,11.0,339.0,2.6,4.4,324,13,4,11
22.11.2019 14:00:00,10.0,36.0,24.4,0,0.14,0,2.0,4.7,6.7,24.0,6.0,93.0,2.8,0,335.0,292.0,2.7,2.4,324,14,4,11
22.11.2019 15:00:00,10.0,35.0,24.2,0,0.13,0,1.7,4.5,6.2,51.0,4.6,94.0,2.9,0,353.0,332.0,3.1,2.8,324,15,4,11
22.11.2019 16:00:00,7.0,35.0,24.1,0,0.13,0,1.8,3.4,5.2,59.0,0.2,94.0,2.9,0,12.0,16.0,4.6,4.3,324,16,4,11
22.11.2019 17:00:00,10.0,38.0,24.1,0,0.13,0,1.7,2.3,4.0,80.0,0,93.0,2.7,0,18.0,4.3,3.9,4.6,324,17,4,11
22.11.2019 18:00:00,12.0,33.0,24.3,0,0.17,0,1.9,5.6,7.5,78.0,0,91.0,2.8,0,0.2,343.0,1.3,2.3,324,18,4,11
22.11.2019 19:00:00,10.0,32.0,24.6,0,0.18,0,2.1,6.9,9.1,43.0,0.2,91.0,3.5,0,347.0,5.9,2.4,1.9,324,19,4,11
22.11.2019 20:00:00,15.0,34.0,24.6,0,0.16,0,1.3,3.8,5.1,65.0,0,91.0,3.1,0,0.9,360.0,2.5,2.5,324,20,4,11
22.11.2019 21:00:00,9.0,32.0,24.5,0,0.16,0,1.3,4.2,5.4,45.0,0,91.0,3.2,0,346.0,334.0,3.1,2.6,324,21,4,11
22.11.2019 22:00:00,6.0,35.0,24.5,0,0.13,0,1.4,2.2,3.6,24.0,0,91.0,3.1,0,323.0,323.0,3.2,2.9,324,22,4,11
22.11.2019 23:00:00,4.0,36.0,24.4,0,0.12,0,1.4,2.1,3.5,19.0,0,92.0,3.1,0,320.0,331.0,2.0,2.0,324,23,4,11
22.11.2019 24:00:00,6.0,36.0,24.5,0,0.12,0,1.2,1.4,2.6,42.0,0,91.0,3.0,0,339.0,354.0,2.4,1.9,324,24,4,11
23.11.2019 01:00:00,9.0,36.0,24.5,0,0.12,0,0.8,0.6,1.4,34.0,0,92.0,1.7,0,329.0,330.0,2.0,1.8,325,1,5,11
23.11.2019 02:00:00,8.0,36.0,24.5,0,0.1,0,0.4,1.1,1.5,21.0,0.4,93.0,1.7,0,319.0,310.0,2.7,2.2,325,2,5,11
23.11.2019 03:00:00,12.0,36.0,24.4,0,0.1,0,0.5,1.6,2.1,27.0,0,94.0,1.8,0,346.0,359.0,2.5,1.8,325,3,5,11
23.11.2019 04:00:00,8.0,35.0,24.5,0,0.1,0,0.8,1.7,2.4,17.0,0,94.0,1.8,0,331.0,336.0,2.7,2.3,325,4,5,11
23.11.2019 05:00:00,5.0,35.0,24.4,0,0.1,0,0.5,1.4,1.9,27.0,0,95.0,1.9,0,346.0,14.0,2.3,1.8,325,5,5,11
23.11.2019 06:00:00,19.0,33.0,24.3,0,0.11,0,0.4,2.1,2.5,102.0,0,95.0,1.9,0,32.0,21.0,0.5,1.2,325,6,5,11
23.11.2019 07:00:00,21.0,24.0,24.2,0,0.16,0,0.8,8.5,9.3,90.0,0.2,96.0,1.8,0,311.0,176.0,0.5,0.2,325,7,5,11
23.11.2019 08:00:00,6.0,26.0,24.5,0,0.15,0,1.4,6.1,7.5,19.0,0.2,96.0,2.2,0,320.0,331.0,3.0,1.6,325,8,5,11
23.11.2019 09:00:00,6.0,28.0,24.5,0,0.12,0,1.3,4.2,5.5,12.0,0.2,96.0,2.1,0,327.0,319.0,2.6,2.5,325,9,5,11
23.11.2019 10:00:00,5.0,30.0,24.6,0,0.11,0,1.2,4.1,5.3,8.0,0.6,95.0,2.2,0,325.0,322.0,2.7,2.7,325,10,5,11
23.11.2019 11:00:00,1.0,33.0,24.7,0,0.12,0,1.8,4.8,6.5,5.0,0.6,94.0,2.4,0,325.0,327.0,3.7,3.0,325,11,5,11
23.11.2019 12:00:00,1.0,37.0,24.6,0,0.12,0,1.3,4.0,5.3,6.0,1.0,94.0,2.3,0,324.0,324.0,3.4,2.8,325,12,5,11
23.11.2019 13:00:00,5.0,40.0,24.5,0,0.11,0,1.0,3.5,4.5,13.0,0.4,94.0,2.2,0,313.0,325.0,3.0,2.4,325,13,5,11
23.11.2019 14:00:00,14.0,38.0,24.5,0,0.13,0,1.5,5.7,7.2,36.0,0,94.0,2.3,0,342.0,350.0,2.1,2.2,325,14,5,11
23.11.2019 15:00:00,14.0,38.0,24.4,0,0.15,0,1.4,7.1,8.5,38.0,0,95.0,2.3,0,341.0,333.0,1.8,2.1,325,15,5,11
23.11.2019 16:00:00,11.0,38.0,24.4,0,0.14,0,1.3,7.2,8.5,41.0,0,94.0,2.2,0,341.0,319.0,2.4,2.0,325,16,5,11
23.11.2019 17:00:00,9.0,38.0,24.5,0,0.16,0,1.4,6.5,7.9,31.0,0,93.0,2.1,0,337.0,336.0,2.2,2.0,325,17,5,11
23.11.2019 18:00:00,9.0,32.0,24.5,0,0.18,0,1.2,9.6,11.0,50.0,0,93.0,2.4,0,329.0,325.0,2.3,1.5,325,18,5,11
23.11.2019 19:00:00,19.0,27.0,24.4,0,0.2,0,1.4,11.0,12.0,88.0,0.2,94.0,2.7,0,343.0,317.0,1.7,1.0,325,19,5,11
23.11.2019 20:00:00,16.0,27.0,24.3,0,0.19,0,1.4,10.0,12.0,76.0,0,94.0,2.6,0,335.0,346.0,1.1,1.0,325,20,5,11
23.11.2019 21:00:00,20.0,27.0,24.2,0,0.18,0,1.1,9.2,10.0,100.0,0.2,94.0,2.2,0,9.3,9.8,0.5,0.4,325,21,5,11
23.11.2019 22:00:00,6.0,20.0,24.1,0,0.21,0,1.6,10.0,12.0,39.0,0,95.0,2.4,0,208.0,210.0,1.1,0.2,325,22,5,11
23.11.2019 23:00:00,6.0,13.0,23.6,0,0.22,0,2.2,7.4,9.5,13.0,0,96.0,2.5,0,215.0,208.0,1.1,0.9,325,23,5,11
23.11.2019 24:00:00,7.0,8.4,23.2,0,0.16,0,2.0,4.2,6.2,11.0,0,96.0,2.6,0,213.0,215.0,2.0,1.6,325,24,5,11
24.11.2019 01:00:00,5.0,13.0,22.8,0,0.13,0,0.8,1.4,2.2,12.0,0,94.0,1.3,0,212.0,210.0,2.0,2.3,326,1,6,11
24.11.2019 02:00:00,5.0,11.0,23.0,0,0.13,0,0.7,1.3,2.0,13.0,0,94.0,2.2,0,210.0,214.0,1.3,1.6,326,2,6,11
24.11.2019 03:00:00,5.0,10.0,23.0,0,0.15,0,0.7,1.7,2.5,14.0,0,94.0,2.2,0,210.0,225.0,1.4,1.1,326,3,6,11
24.11.2019 04:00:00,4.0,13.0,23.0,0,0.15,0,0.8,1.4,2.2,11.0,0,94.0,2.3,0,222.0,250.0,1.3,1.3,326,4,6,11
24.11.2019 05:00:00,5.0,12.0,22.6,0,0.15,0,0.7,1.6,2.3,11.0,0,93.0,2.2,0,219.0,217.0,2.0,1.6,326,5,6,11
24.11.2019 06:00:00,5.0,12.0,22.2,0,0.14,0,0.9,1.4,2.3,11.0,0,93.0,2.2,0,217.0,222.0,1.7,2.0,326,6,6,11
24.11.2019 07:00:00,7.0,12.0,22.3,0,0.15,0,1.2,2.5,3.7,11.0,0,92.0,2.2,0,213.0,191.0,1.2,1.7,326,7,6,11
24.11.2019 08:00:00,8.0,22.0,23.8,0,0.16,0,2.1,6.1,8.2,20.0,0,93.0,2.5,0,356.0,356.0,2.1,1.6,326,8,6,11
24.11.2019 09:00:00,8.0,25.0,24.3,0,0.15,0,1.8,6.1,7.9,32.0,0,92.0,3.1,0,5.7,19.0,2.7,2.5,326,9,6,11
24.11.2019 10:00:00,8.0,28.0,24.7,0,0.14,0,2.7,6.0,8.7,27.0,0,90.0,2.8,0,31.0,27.0,2.3,2.5,326,10,6,11
24.11.2019 11:00:00,7.0,34.0,25.3,0,0.15,0,2.7,5.1,7.8,33.0,0,87.0,2.6,0,36.0,43.0,2.2,2.3,326,11,6,11
24.11.2019 12:00:00,7.0,40.0,25.3,0,0.14,0,1.4,4.0,5.4,31.0,0,87.0,2.6,0,39.0,45.0,1.3,1.5,326,12,6,11
24.11.2019 13:00:00,7.0,45.0,25.6,0,0.13,0,1.2,3.4,4.6,35.0,0,85.0,2.3,0,40.0,46.0,1.6,1.5,326,13,6,11
24.11.2019 14:00:00,20.0,45.0,25.5,0,0.15,0,1.5,4.4,5.9,44.0,0,84.0,2.8,0,29.0,44.0,1.5,1.4,326,14,6,11
24.11.2019 15:00:00,10.0,46.0,25.2,0,0.16,0,1.0,2.7,3.7,25.0,0,84.0,2.5,0,20.0,28.0,1.9,1.7,326,15,6,11
24.11.2019 16:00:00,9.0,40.0,25.1,0,0.21,0,1.2,6.7,7.9,54.0,0,85.0,2.7,0,20.0,25.0,2.9,2.0,326,16,6,11
24.11.2019 17:00:00,9.0,37.0,24.7,0,0.16,0,1.6,11.0,13.0,31.0,0,88.0,2.9,0,29.0,25.0,2.5,2.0,326,17,6,11
24.11.2019 18:00:00,13.0,35.0,24.5,0,0.17,0,1.3,12.0,13.0,38.0,0,90.0,3.2,0,20.0,20.0,4.7,3.7,326,18,6,11
24.11.2019 19:00:00,13.0,39.0,24.5,0,0.15,0,1.0,6.9,7.8,24.0,0,89.0,2.8,0,38.0,46.0,3.0,2.7,326,19,6,11
24.11.2019 20:00:00,10.0,39.0,24.4,0,0.16,0,0.9,6.9,7.8,26.0,0,89.0,3.1,0,32.0,29.0,2.1,2.1,326,20,6,11
24.11.2019 21:00:00,9.0,40.0,24.3,0,0.15,0,0.6,3.7,4.3,33.0,0,90.0,2.8,0,22.0,22.0,1.6,2.8,326,21,6,11
24.11.2019 22:00:00,9.0,37.0,24.3,0,0.14,0,0.5,5.0,5.5,37.0,0,90.0,3.6,0,19.0,19.0,4.3,3.9,326,22,6,11
24.11.2019 23:00:00,12.0,34.0,24.3,0,0.12,0,0.6,4.4,5.0,41.0,0,89.0,3.1,0,5.6,347.0,2.5,2.1,326,23,6,11
24.11.2019 24:00:00,9.0,33.0,24.2,0,0.13,0,1.1,6.4,7.5,28.0,0,89.0,2.9,0,353.0,3.6,2.7,2.2,326,24,6,11
25.11.2019 01:00:00,16.0,35.0,24.1,0,0.11,0,0.7,3.4,4.1,57.0,0,89.0,3.0,0,20.0,26.0,6.0,3.9,327,1,0,11
25.11.2019 02:00:00,9.0,39.0,24.2,0,0.1,0,-0.2,2.7,2.5,49.0,0,87.0,2.0,0,26.0,27.0,6.1,5.8,327,2,0,11
25.11.2019 03:00:00,10.0,43.0,24.1,0,0.11,0,-0.1,1.9,1.8,55.0,0,85.0,2.0,0,25.0,24.0,6.5,6.0,327,3,0,11
25.11.2019 04:00:00,11.0,41.0,24.1,0,0.11,0,-0.2,2.2,2.0,58.0,0,85.0,2.1,0,27.0,32.0,4.4,5.0,327,4,0,11
25.11.2019 05:00:00,14.0,42.0,24.1,0,0.11,0,-0.1,1.8,1.8,58.0,0,84.0,1.9,0,25.0,26.0,7.0,5.9,327,5,0,11
25.11.2019 06:00:00,16.0,43.0,24.1,0,0.12,0,-0.4,2.2,1.8,51.0,0,84.0,2.3,0,25.0,26.0,5.6,6.5,327,6,0,11
25.11.2019 07:00:00,18.0,41.0,24.2,0,0.13,0,0.1,4.5,4.5,60.0,0,84.0,2.3,0,26.0,25.0,6.4,5.5,327,7,0,11
25.11.2019 08:00:00,18.0,42.0,24.1,0,0.15,0,0.4,3.1,3.5,53.0,0,86.0,1.8,0,22.0,21.0,8.4,7.1,327,8,0,11
25.11.2019 09:00:00,18.0,45.0,23.4,0,0.15,0,0.4,2.3,2.7,36.0,0,88.0,2.2,0,22.0,23.0,8.3,8.9,327,9,0,11
25.11.2019 10:00:00,20.0,46.0,23.1,0,0.2,0,0.6,3.0,3.5,52.0,0,89.0,2.1,0,16.0,14.0,6.3,6.5,327,10,0,11
25.11.2019 11:00:00,26.0,42.0,23.6,0,0.21,0,1.5,6.6,8.1,70.0,0,88.0,2.2,0,15.0,47.0,4.2,3.7,327,11,0,11
25.11.2019 12:00:00,10.389,33.251,23.9,0,0.21,0,0.6,3.9,4.6,39.653,8.976,86.0,2.2,0,23.0,9.4,5.1,5.4,327,12,0,11
25.11.2019 13:00:00,22.0,42.0,23.9,0,0.0,0,1.422,6.438,8.324,38.923,0,86.0,2.23,0,22.0,27.0,6.6,4.2,327,13,0,11
25.11.2019 14:00:00,16.0,46.0,23.3,0,0.21,0,1.0,2.5,3.6,59.0,1.4,89.0,2.5,0,25.0,23.0,13.0,10.0,327,14,0,11
25.11.2019 15:00:00,17.0,46.0,22.7,0,0.19,0,0.5,2.0,2.6,53.0,0.2,89.0,2.4,0,22.0,22.0,12.0,13.0,327,15,0,11
25.11.2019 16:00:00,20.0,45.0,22.8,0,0.2,0,0.8,2.7,3.5,61.0,0.2,90.0,2.3,0,24.0,20.0,10.0,10.0,327,16,0,11
25.11.2019 17:00:00,17.0,44.0,22.7,0,0.21,0,0.5,2.8,3.3,72.0,0,88.0,2.0,0,26.0,26.0,11.0,9.7,327,17,0,11
25.11.2019 18:00:00,22.0,43.0,22.7,0,0.22,0,0.5,2.5,3.0,66.0,0,84.0,2.0,0,32.0,40.0,10.0,9.3,327,18,0,11
25.11.2019 19:00:00,20.0,42.0,22.7,0,0.21,0,0.4,2.1,2.4,78.0,0,82.0,1.8,0,38.0,40.0,8.2,7.5,327,19,0,11
25.11.2019 20:00:00,19.0,43.0,22.8,0,0.21,0,0.2,2.1,2.3,81.0,0,80.0,1.9,0,40.0,43.0,8.8,8.1,327,20,0,11
25.11.2019 21:00:00,19.0,45.0,22.8,0,0.21,0,0.0,2.0,2.0,82.0,0,78.0,1.9,0,46.0,49.0,9.7,8.7,327,21,0,11
25.11.2019 22:00:00,18.0,46.0,22.7,0,0.2,0,0.1,2.1,2.2,74.0,0.2,77.0,1.8,0,45.0,43.0,8.7,8.6,327,22,0,11
25.11.2019 23:00:00,20.0,46.0,22.6,0,0.2,0,0.3,1.6,1.9,68.0,0,78.0,1.8,0,44.0,47.0,8.8,8.6,327,23,0,11
25.11.2019 24:00:00,18.0,47.0,22.4,0,0.19,0,0.0,1.5,1.5,60.0,0,78.0,1.9,0,47.0,47.0,11.0,9.6,327,24,0,11
26.11.2019 01:00:00,15.0,47.0,22.2,0,0.18,0,-0.1,1.5,1.4,65.0,0,78.0,1.9,0,45.0,44.0,8.8,9.1,328,1,1,11
26.11.2019 02:00:00,14.0,48.0,22.1,0,0.17,0,1.4,1.6,3.0,62.0,0,77.0,2.2,0,46.0,46.0,9.4,9.2,328,2,1,11
26.11.2019 03:00:00,15.0,48.0,22.1,0,0.17,0,1.7,1.7,3.5,54.0,0,74.0,2.4,0,47.0,50.0,10.0,9.2,328,3,1,11
26.11.2019 04:00:00,11.0,49.0,22.2,0,0.16,0,1.5,1.7,3.2,52.0,0,75.0,2.3,0,48.0,48.0,9.1,9.0,328,4,1,11
26.11.2019 05:00:00,16.0,49.0,22.2,0,0.16,0,1.5,1.7,3.2,58.0,0,77.0,2.5,0,48.0,48.0,7.9,8.5,328,5,1,11
26.11.2019 06:00:00,11.0,49.0,22.3,0,0.16,0,1.6,1.5,3.1,50.0,0,75.0,2.3,0,48.0,46.0,9.3,9.4,328,6,1,11
26.11.2019 07:00:00,14.0,49.0,22.3,0,0.16,0,1.5,1.9,3.3,48.0,0,74.0,2.5,0,48.0,45.0,7.3,8.7,328,7,1,11
26.11.2019 08:00:00,17.0,48.0,22.5,0,0.16,0,1.8,2.5,4.3,54.0,0,75.0,2.5,0,48.0,47.0,8.2,8.3,328,8,1,11
26.11.2019 09:00:00,11.0,49.0,22.5,0,0.17,0,1.6,2.2,3.8,42.0,0,73.0,2.4,0,53.0,56.0,6.3,7.6,328,9,1,11
26.11.2019 10:00:00,15.0,49.0,22.5,0,0.17,0,2.1,2.9,4.9,50.0,0,73.0,2.3,0,53.0,51.0,7.4,6.9,328,10,1,11
26.11.2019 11:00:00,12.0,37.054,22.5,0,0.0,0,1.353,6.32,8.109,40.0,0,74.0,2.212,0,50.0,52.0,7.8,8.3,328,11,1,11
26.11.2019 12:00:00,12.576,37.087,22.5,0,0.0,0,1.353,6.322,8.109,44.262,0,76.0,2.212,0,51.0,52.0,7.8,7.7,328,12,1,11
26.11.2019 13:00:00,12.0,39.0,22.5,0,0.0,0,1.8,1.9,3.7,43.0,0,77.0,2.6,0,51.0,50.0,8.7,7.8,328,13,1,11
26.11.2019 14:00:00,8.0,46.0,21.3,0,0.16,0,1.4,1.4,2.7,35.0,0,78.0,2.7,0,49.0,48.0,7.6,8.9,328,14,1,11
26.11.2019 15:00:00,11.0,47.0,21.2,0,0.17,0,1.9,2.4,4.3,43.0,0,81.0,2.6,0,51.0,52.0,8.9,7.7,328,15,1,11
26.11.2019 16:00:00,13.0,49.0,21.2,0,0.17,0,1.8,2.2,4.0,44.0,0,80.0,2.8,0,51.0,51.0,9.0,8.6,328,16,1,11
26.11.2019 17:00:00,11.0,49.0,21.3,0,0.17,0,1.5,2.0,3.5,53.0,0,80.0,2.6,0,53.0,74.0,5.0,7.3,328,17,1,11
26.11.2019 18:00:00,15.0,48.0,21.6,0,0.18,0,2.0,2.8,4.7,39.0,0,80.0,2.4,0,62.0,55.0,5.5,5.0,328,18,1,11
26.11.2019 19:00:00,14.0,47.0,21.7,0,0.17,0,1.8,3.0,4.8,42.0,0,79.0,2.9,0,65.0,62.0,5.8,5.2,328,19,1,11
26.11.2019 20:00:00,11.0,47.0,21.8,0,0.16,0,1.7,2.1,3.7,46.0,0,81.0,2.7,0,57.0,50.0,7.1,5.8,328,20,1,11
26.11.2019 21:00:00,10.0,47.0,21.7,0,0.16,0,1.6,2.1,3.7,38.0,0,82.0,2.6,0,63.0,63.0,5.4,5.2,328,21,1,11
26.11.2019 22:00:00,13.0,46.0,21.7,0,0.15,0,1.7,1.5,3.2,40.0,0,84.0,2.5,0,62.0,57.0,4.9,4.5,328,22,1,11
26.11.2019 23:00:00,11.0,46.0,21.7,0,0.15,0,1.5,1.7,3.2,41.0,0,84.0,2.6,0,57.0,55.0,6.5,5.6,328,23,1,11
26.11.2019 24:00:00,7.0,46.0,21.5,0,0.15,0,1.1,1.6,2.7,43.0,0.4,87.0,2.0,0,54.0,67.0,2.9,5.1,328,24,1,11
27.11.2019 01:00:00,10.0,45.0,21.2,0,0.15,0,1.5,1.8,3.3,42.0,0.2,91.0,2.7,0,49.0,49.0,7.1,5.4,329,1,2,11
27.11.2019 02:00:00,10.0,45.0,21.0,0,0.16,0,-0.3,1.1,0.8,39.0,0,91.0,1.9,0,48.0,49.0,7.8,7.4,329,2,2,11
27.11.2019 03:00:00,7.0,46.0,20.8,0,0.17,0,0.0,1.0,0.9,37.0,0.2,92.0,1.9,0,41.0,26.0,5.6,6.0,329,3,2,11
27.11.2019 04:00:00,7.0,45.0,20.4,0,0.17,0,0.0,1.7,1.7,28.0,1.0,94.0,1.8,0,31.0,32.0,5.2,5.1,329,4,2,11
27.11.2019 05:00:00,6.0,47.0,20.1,0,0.17,0,0.0,1.1,1.1,21.0,0.2,95.0,2.1,0,38.0,38.0,5.7,4.9,329,5,2,11
27.11.2019 06:00:00,8.0,47.0,20.0,0,0.17,0,0.2,1.4,1.6,24.0,0.2,95.0,2.4,0,34.0,36.0,5.1,4.6,329,6,2,11
27.11.2019 07:00:00,8.0,46.0,19.9,0,0.17,0,0.4,2.5,2.8,21.0,0.4,95.0,2.3,0,41.0,41.0,4.8,5.0,329,7,2,11
27.11.2019 08:00:00,6.0,45.0,19.9,0,0.18,0,0.6,2.9,3.5,25.0,0,94.0,2.7,0,44.0,43.0,5.0,5.3,329,8,2,11
27.11.2019 09:00:00,7.0,46.0,20.1,0,0.17,0,0.1,2.5,2.6,26.0,0.2,93.0,2.5,0,47.0,50.0,5.4,5.7,329,9,2,11
27.11.2019 10:00:00,6.0,45.0,20.4,0,0.18,0,0.4,3.5,3.9,26.0,0,91.0,2.3,0,52.0,59.0,4.6,4.2,329,10,2,11
27.11.2019 11:00:00,8.0,44.0,20.8,0,0.18,0,0.3,3.2,3.5,26.0,0,86.0,2.6,0,65.0,70.0,3.6,3.9,329,11,2,11
27.11.2019 12:00:00,7.0,46.0,21.2,0,0.18,0,0.4,3.7,4.1,26.0,0,84.0,2.6,0,68.0,69.0,3.5,3.6,329,12,2,11
27.11.2019 13:00:00,10.0,49.0,21.3,0,0.18,0,0.2,2.7,2.8,34.0,0,83.0,2.8,0,55.0,50.0,6.2,4.7,329,13,2,11
27.11.2019 14:00:00,9.0,50.0,21.3,0,0.17,0,-0.1,2.2,2.1,39.0,0,82.0,2.5,0,50.0,50.0,6.8,6.4,329,14,2,11
27.11.2019 15:00:00,11.0,49.0,20.9,0,0.18,0,0.1,1.9,2.0,38.0,0,83.0,2.2,0,50.0,44.0,5.1,6.1,329,15,2,11
27.11.2019 16:00:00,10.0,47.0,20.6,0,0.19,0,0.3,3.6,3.9,39.0,0.2,88.0,2.5,0,48.0,40.0,4.2,5.2,329,16,2,11
27.11.2019 17:00:00,11.0,49.0,20.7,0,0.2,0,0.4,2.9,3.3,47.0,0,85.0,2.6,0,49.0,51.0,5.6,5.2,329,17,2,11
27.11.2019 18:00:00,12.0,49.0,20.9,0,0.2,0,0.5,2.4,2.9,49.0,0,83.0,2.5,0,47.0,51.0,6.0,5.6,329,18,2,11
27.11.2019 19:00:00,13.0,51.0,20.9,0,0.19,0,0.1,2.3,2.4,58.0,0,83.0,2.5,0,44.0,37.0,4.0,4.5,329,19,2,11
27.11.2019 20:00:00,13.0,52.0,21.1,0,0.2,0,0.4,3.7,4.0,75.0,0,81.0,2.6,0,34.0,25.0,4.6,3.9,329,20,2,11
27.11.2019 21:00:00,19.0,54.0,21.0,0,0.19,0,0.1,2.8,2.9,76.0,0,80.0,2.7,0,24.0,24.0,6.2,5.5,329,21,2,11
27.11.2019 22:00:00,14.0,54.0,20.6,0,0.19,0,0.2,1.8,2.0,68.0,0,81.0,2.4,0,30.0,32.0,4.9,4.2,329,22,2,11
27.11.2019 23:00:00,11.0,53.0,20.8,0,0.2,0,0.0,1.6,1.6,64.0,0,78.0,2.6,0,28.0,26.0,4.0,4.5,329,23,2,11
27.11.2019 24:00:00,13.0,51.0,21.0,0,0.21,0,0.1,1.7,1.8,63.0,0,79.0,2.5,0,22.0,20.0,8.1,6.7,329,24,2,11
28.11.2019 01:00:00,11.0,47.0,20.7,0,0.2,0,0.2,1.4,1.6,47.0,0,81.0,2.4,0,21.0,22.0,9.0,8.7,330,1,3,11
28.11.2019 02:00:00,10.0,46.0,20.6,0,0.18,0,0.1,1.0,1.0,47.0,0,80.0,2.5,0,22.0,22.0,9.7,9.3,330,2,3,11
28.11.2019 03:00:00,7.0,43.0,20.4,0,0.18,0,0.1,1.4,1.5,47.0,0,80.0,2.5,0,21.0,20.0,9.5,9.6,330,3,3,11
28.11.2019 04:00:00,7.0,40.0,19.9,0,0.16,0,0.0,1.2,1.2,40.0,0,85.0,2.3,0,21.0,22.0,12.0,12.0,330,4,3,11
28.11.2019 05:00:00,11.0,40.0,19.7,0,0.17,0,0.0,1.4,1.4,44.0,0,85.0,2.4,0,22.0,21.0,13.0,11.0,330,5,3,11
28.11.2019 06:00:00,16.0,42.0,19.8,0,0.19,0,0.2,1.2,1.4,53.0,0,84.0,2.1,0,22.0,21.0,14.0,12.0,330,6,3,11
28.11.2019 07:00:00,11.0,43.0,19.5,0,0.22,0,0.0,1.4,1.5,53.0,0,86.0,2.1,0,21.0,20.0,14.0,13.0,330,7,3,11
28.11.2019 08:00:00,11.0,40.0,19.1,0,0.22,0,0.3,1.8,2.2,46.0,0,87.0,2.0,0,22.0,21.0,13.0,13.0,330,8,3,11
28.11.2019 09:00:00,16.0,39.0,19.4,0,0.25,0,0.4,2.2,2.6,54.0,0,82.0,2.3,0,23.0,25.0,11.0,11.0,330,9,3,11
28.11.2019 10:00:00,13.0,38.0,19.4,0,0.25,0,0.4,2.4,2.8,50.0,0,81.0,2.4,0,22.0,25.0,11.0,11.0,330,10,3,11
28.11.2019 11:00:00,15.0,37.0,19.4,0,0.24,0,0.7,2.4,3.1,51.0,0,82.0,2.6,0,22.0,19.0,12.0,12.0,330,11,3,11
28.11.2019 12:00:00,6.0,38.0,19.2,0,0.21,0,0.6,2.1,2.7,43.0,0,87.0,2.5,0,24.0,24.0,11.0,10.0,330,12,3,11
28.11.2019 13:00:00,9.0,40.0,19.0,0,0.18,0,0.2,1.9,2.2,42.0,0.2,86.0,2.5,0,21.0,21.0,11.0,11.0,330,13,3,11
28.11.2019 14:00:00,9.0,42.0,18.6,0,0.17,0,0.6,2.2,2.9,48.0,0,82.0,2.6,0,22.0,22.0,12.0,12.0,330,14,3,11
28.11.2019 15:00:00,11.0,42.0,18.1,0,0.17,0,0.4,2.0,2.4,50.0,0,83.0,2.5,0,21.0,23.0,12.0,12.0,330,15,3,11
28.11.2019 16:00:00,15.0,42.0,18.4,0,0.18,0,0.6,2.0,2.5,64.0,0.2,81.0,2.4,0,25.0,23.0,13.0,9.5,330,16,3,11
28.11.2019 17:00:00,15.0,43.0,18.2,0,0.18,0,0.3,2.1,2.4,64.0,0.2,82.0,2.6,0,27.0,43.0,8.0,10.0,330,17,3,11
28.11.2019 18:00:00,16.0,46.0,18.1,0,0.19,0,0.4,2.3,2.7,75.0,0,79.0,2.9,0,25.0,22.0,12.0,9.2,330,18,3,11
28.11.2019 19:00:00,18.0,49.0,18.2,0,0.16,0,0.5,1.8,2.3,79.0,0,76.0,2.8,0,24.0,23.0,11.0,11.0,330,19,3,11
28.11.2019 20:00:00,23.0,48.0,18.6,0,0.16,0,0.1,1.7,1.8,84.0,0.4,77.0,2.8,0,27.0,46.0,11.0,10.0,330,20,3,11
28.11.2019 21:00:00,18.0,48.0,18.2,0,0.15,0,0.3,1.5,1.8,64.0,0.2,82.0,2.7,0,32.0,25.0,11.0,9.7,330,21,3,11
28.11.2019 22:00:00,18.0,46.0,18.3,0,0.15,0,0.1,1.8,1.9,83.0,0,82.0,2.7,0,37.0,37.0,8.9,6.9,330,22,3,11
28.11.2019 23:00:00,14.0,45.0,18.4,0,0.15,0,-0.1,1.3,1.2,58.0,0,79.0,2.5,0,35.0,30.0,7.7,8.4,330,23,3,11
28.11.2019 24:00:00,14.0,45.0,18.7,0,0.15,0,0.1,1.2,1.3,67.0,0,74.0,2.8,0,33.0,41.0,6.9,7.1,330,24,3,11
29.11.2019 01:00:00,19.0,45.0,18.9,0,0.16,0,-0.1,1.0,0.9,65.0,0,72.0,2.3,0,34.0,31.0,7.9,6.9,331,1,4,11
29.11.2019 02:00:00,11.0,46.0,18.8,0,0.0,0,0.1,1.0,1.1,52.0,0,74.0,1.5,0,48.0,50.0,10.0,9.8,331,2,4,11
29.11.2019 03:00:00,11.0,47.0,18.5,0,0.13,0,0.3,0.9,1.2,55.0,0,72.0,1.6,0,45.0,43.0,7.8,8.5,331,3,4,11
29.11.2019 04:00:00,18.0,47.0,18.6,0,0.12,0,0.6,1.2,1.7,78.0,0,72.0,1.5,0,40.0,51.0,8.6,7.2,331,4,4,11
29.11.2019 05:00:00,14.0,47.0,18.7,0,0.12,0,0.7,1.1,1.8,71.0,0,70.0,1.5,0,39.0,43.0,6.8,6.8,331,5,4,11
29.11.2019 06:00:00,15.0,47.0,18.8,0,0.12,0,0.6,1.2,1.8,74.0,0,70.0,1.5,0,38.0,40.0,6.6,7.2,331,6,4,11
29.11.2019 07:00:00,12.0,47.0,19.0,0,0.12,0,0.7,1.6,2.3,68.0,0,68.0,1.4,0,42.0,41.0,5.6,6.5,331,7,4,11
29.11.2019 08:00:00,11.0,47.0,18.8,0,0.13,0,0.7,2.2,2.9,64.0,0,71.0,1.5,0,44.0,42.0,6.3,7.2,331,8,4,11
29.11.2019 09:00:00,13.0,48.0,19.2,0,0.12,0,0.6,1.6,2.2,80.0,0,64.0,1.5,0,47.0,48.0,6.9,6.8,331,9,4,11
29.11.2019 10:00:00,11.0,49.0,19.7,0,0.13,0,0.6,1.3,2.0,61.0,0,62.0,1.6,0,49.0,48.0,7.8,7.3,331,10,4,11
29.11.2019 11:00:00,12.0,49.0,19.7,0,0.13,0,1.0,2.2,3.2,74.0,0,67.0,1.5,0,47.0,47.0,6.4,6.8,331,11,4,11
29.11.2019 12:00:00,12.0,51.0,20.0,0,0.15,0,1.1,2.0,3.1,74.0,0,67.0,1.7,0,46.0,44.0,8.0,7.5,331,12,4,11
29.11.2019 13:00:00,14.0,53.0,20.2,0,0.15,0,1.1,2.5,3.6,62.0,0,68.0,1.8,0,46.0,46.0,6.8,6.5,331,13,4,11
29.11.2019 14:00:00,15.0,53.0,20.0,0,0.15,0,0.9,1.8,2.7,65.0,0,71.0,1.6,0,47.0,49.0,8.1,6.9,331,14,4,11
29.11.2019 15:00:00,12.0,53.0,20.0,0,0.15,0,0.8,2.1,2.9,65.0,0,72.0,1.9,0,48.0,49.0,7.0,7.0,331,15,4,11
29.11.2019 16:00:00,12.0,50.0,20.1,0,0.15,0,0.4,1.9,2.3,72.0,0,74.0,1.8,0,48.0,47.0,7.6,6.9,331,16,4,11
29.11.2019 17:00:00,15.0,47.0,20.4,0,0.16,0,0.7,2.8,3.5,73.0,0,78.0,1.7,0,46.0,44.0,6.9,6.7,331,17,4,11
29.11.2019 18:00:00,16.0,46.0,20.4,0,0.16,0,1.0,2.3,3.3,67.0,0,81.0,1.9,0,45.0,50.0,9.5,7.3,331,18,4,11
29.11.2019 19:00:00,11.0,46.0,20.5,0,0.14,0,0.4,1.1,1.5,49.0,0,82.0,1.7,0,49.0,51.0,9.1,8.8,331,19,4,11
29.11.2019 20:00:00,13.0,46.0,20.6,0,0.14,0,0.6,1.2,1.8,54.0,0,83.0,1.9,0,46.0,45.0,5.9,7.1,331,20,4,11
29.11.2019 21:00:00,12.0,46.0,20.4,0,0.13,0,0.6,1.8,2.4,45.0,0,86.0,2.0,0,50.0,50.0,7.0,8.1,331,21,4,11
29.11.2019 22:00:00,11.0,47.0,20.6,0,0.11,0,0.3,1.8,2.1,42.0,0,85.0,2.0,0,51.0,55.0,8.4,6.5,331,22,4,11
29.11.2019 23:00:00,6.0,46.0,20.1,0,0.11,0,0.1,2.2,2.4,25.0,0.2,91.0,2.0,0,51.0,55.0,7.6,7.2,331,23,4,11
29.11.2019 24:00:00,4.0,47.0,19.6,0,0.11,0,0.4,1.5,1.9,28.0,0,93.0,1.9,0,46.0,39.0,3.7,5.1,331,24,4,11
30.11.2019 01:00:00,4.0,47.0,20.0,0,0.11,0,0.5,1.5,2.0,38.0,0.2,93.0,1.2,0,47.0,41.0,2.0,3.3,332,1,5,11
30.11.2019 02:00:00,9.0,45.0,19.9,0,0.11,0,0.3,1.3,1.7,20.0,9.2,94.0,3.4,0,43.0,49.0,4.9,2.1,332,2,5,11
30.11.2019 03:00:00,9.0,45.0,20.3,0,0.11,0,0.2,1.2,1.4,58.0,0,93.0,3.5,0,40.0,30.0,3.0,3.7,332,3,5,11
30.11.2019 04:00:00,7.0,44.0,20.6,0,0.11,0,0.4,1.7,2.1,78.0,0.2,92.0,3.5,0,48.0,53.0,3.6,3.1,332,4,5,11
30.11.2019 05:00:00,14.0,42.0,20.4,0,0.0,0,0.2,4.0,4.2,42.0,0,93.0,4.3,0,37.0,341.0,1.8,2.2,332,5,5,11
30.11.2019 06:00:00,10.0,42.0,20.3,0,0.12,0,0.5,3.1,3.6,31.0,0.6,94.0,3.9,0,14.0,43.0,2.2,1.5,332,6,5,11
30.11.2019 07:00:00,16.0,43.0,20.3,0,0.13,0,0.4,3.1,3.6,33.0,0.8,96.0,4.2,0,38.0,28.0,1.8,2.0,332,7,5,11
30.11.2019 08:00:00,11.0,37.0,20.4,0,0.16,0,0.9,7.8,8.7,24.0,0,96.0,4.5,0,50.0,61.0,1.1,1.2,332,8,5,11
30.11.2019 09:00:00,6.0,38.0,20.7,0,0.15,0,0.9,5.8,6.7,13.0,0.2,89.0,4.1,0,147.0,85.0,1.2,1.0,332,9,5,11
30.11.2019 10:00:00,11.0,36.0,21.6,0,0.17,0,1.6,8.4,9.9,50.0,0,85.0,2.199,0,72.0,97.0,1.8,1.2,332,10,5,11
30.11.2019 11:00:00,8.0,38.0,21.9,0,0.12,0,1.3,7.1,8.4,11.0,0,82.0,5.9,0,122.0,142.0,3.4,2.5,332,11,5,11
30.11.2019 12:00:00,6.0,41.0,22.3,0,0.13,0,1.1,4.2,5.3,17.0,0,77.0,3.8,0,112.0,103.0,4.2,2.5,332,12,5,11
30.11.2019 13:00:00,12.0,40.0,22.3,0,0.12,0,1.5,4.9,6.4,21.0,0,78.0,4.2,0,115.0,138.0,3.1,3.3,332,13,5,11
30.11.2019 14:00:00,8.0,42.0,22.8,0,0.11,0,1.0,2.9,3.9,6.0,0,77.0,3.7,0,128.0,148.0,3.2,2.7,332,14,5,11
30.11.2019 15:00:00,5.0,43.0,22.7,0,0.11,0,0.7,3.1,3.9,10.0,0,75.0,3.6,0,123.0,127.0,4.3,2.9,332,15,5,11
30.11.2019 16:00:00,3.0,41.0,22.6,0,0.12,0,0.5,3.2,3.7,10.0,0,73.0,3.2,0,158.0,194.0,2.9,2.3,332,16,5,11
30.11.2019 17:00:00,8.0,34.0,22.4,0,0.17,0,0.4,7.8,8.2,12.0,0,73.0,3.3,0,181.0,184.0,2.3,1.8,332,17,5,11
30.11.2019 18:00:00,6.0,21.0,21.7,0,0.25,0,1.7,15.0,16.0,18.0,0,80.0,3.6,0,198.0,199.0,1.6,1.5,332,18,5,11
30.11.2019 19:00:00,7.0,22.0,21.4,0,0.21,0,2.0,12.0,14.0,15.0,0,83.0,3.9,0,185.0,184.0,2.3,2.0,332,19,5,11
30.11.2019 20:00:00,10.0,32.0,21.8,0,0.16,0,0.8,7.1,7.8,14.0,0,78.0,3.7,0,191.0,195.0,2.3,2.1,332,20,5,11
30.11.2019 21:00:00,7.0,31.0,21.2,0,0.14,0,0.6,5.0,5.6,11.0,0,80.0,3.5,0,201.0,203.0,2.7,2.6,332,21,5,11
30.11.2019 22:00:00,6.0,30.0,21.0,0,0.13,0,0.5,5.2,5.7,20.0,0,82.0,3.3,0,197.0,194.0,2.2,2.4,332,22,5,11
30.11.2019 23:00:00,6.0,25.0,20.1,0,0.12,0,0.6,3.6,4.2,10.0,0,87.0,3.1,0,196.0,205.0,2.7,2.7,332,23,5,11
30.11.2019 24:00:00,5.0,27.0,20.2,0,0.12,0,0.5,2.5,2.9,11.0,0,85.0,3.7,0,200.0,207.0,3.4,3.0,332,24,5,11
01.12.2019 01:00:00,8.0,24.0,19.8,0,0.11,0,0.2,2.0,2.2,15.0,0,87.0,3.8,0,201.0,193.0,2.2,2.5,333,1,6,12
01.12.2019 02:00:00,5.0,22.0,19.4,0,0.13,0,0.6,1.8,2.5,11.0,0,90.0,1.9,0,201.0,197.0,1.7,2.2,333,2,6,12
01.12.2019 03:00:00,2.0,25.0,19.2,0,0.12,0,0.6,1.4,2.0,11.0,0,90.0,2.3,0,202.0,203.0,3.3,2.7,333,3,6,12
01.12.2019 04:00:00,1.0,24.0,19.1,0,0.11,0,0.7,1.2,1.9,11.0,0,89.0,2.2,0,213.0,214.0,3.1,3.4,333,4,6,12
01.12.2019 05:00:00,4.0,23.0,18.8,0,0.12,0,0.7,1.1,1.8,8.0,0,90.0,2.2,0,219.0,219.0,3.4,3.1,333,5,6,12
01.12.2019 06:00:00,4.0,22.0,19.1,0,0.14,0,0.9,1.8,2.8,10.0,0,89.0,2.2,0,223.0,226.0,3.8,3.1,333,6,6,12
01.12.2019 07:00:00,5.0,21.0,18.7,0,0.19,0,0.9,3.8,4.6,14.0,0,91.0,2.4,0,217.0,227.0,3.0,3.7,333,7,6,12
01.12.2019 08:00:00,15.0,22.0,19.6,0,0.29,0,1.8,7.3,9.0,25.0,0,88.0,3.0,0,221.0,217.0,2.9,2.4,333,8,6,12
01.12.2019 09:00:00,20.0,27.0,21.3,0,0.25,0,3.4,7.6,11.0,56.0,0,82.0,3.2,0,88.0,38.0,1.1,0.3,333,9,6,12
01.12.2019 10:00:00,23.0,33.0,22.4,0,0.31,0,3.6,9.4,13.0,103.0,0,79.0,3.3,0,31.0,46.0,2.8,1.5,333,10,6,12
01.12.2019 11:00:00,18.0,44.0,23.1,0,0.25,0,2.8,9.0,12.0,65.0,0,76.0,3.2,0,56.0,45.0,2.4,2.5,333,11,6,12
01.12.2019 12:00:00,18.0,54.0,23.1,0,0.21,0,1.5,4.5,6.0,68.0,0,77.0,2.6,0,41.0,42.0,2.7,2.5,333,12,6,12
01.12.2019 13:00:00,22.0,60.0,23.1,0,0.24,0,1.5,7.4,8.9,77.0,0,78.0,3.3,0,20.0,17.0,4.3,3.7,333,13,6,12
01.12.2019 14:00:00,24.0,67.0,23.1,0,0.23,0,1.3,6.1,7.4,77.0,0,79.0,3.5,0,9.6,350.0,3.7,3.6,333,14,6,12
01.12.2019 15:00:00,24.0,64.0,22.7,0,0.21,0,1.2,4.8,5.9,60.0,0,80.0,2.7,0,0.8,2.2,4.7,3.9,333,15,6,12
01.12.2019 16:00:00,22.0,57.0,22.3,0,0.23,0,0.9,5.6,6.5,61.0,0,80.0,2.8,0,358.0,336.0,2.6,2.9,333,16,6,12
01.12.2019 17:00:00,19.0,54.0,22.0,0,0.22,0,1.3,6.4,7.7,35.0,0,79.0,2.4,0,327.0,324.0,3.6,2.8,333,17,6,12
01.12.2019 18:00:00,17.0,55.0,21.5,0,0.19,0,1.0,5.1,6.1,35.0,0,82.0,2.5,0,326.0,328.0,4.1,3.8,333,18,6,12
01.12.2019 19:00:00,14.0,50.0,21.2,0,0.2,0,0.9,6.1,6.9,26.0,0,84.0,2.3,0,326.0,331.0,1.9,2.4,333,19,6,12
01.12.2019 20:00:00,16.0,46.0,20.8,0,0.19,0,1.0,5.9,6.8,22.0,0,86.0,2.4,0,313.0,348.0,1.9,1.2,333,20,6,12
01.12.2019 21:00:00,12.0,33.0,21.4,0,0.23,0,0.8,8.1,8.9,36.0,0.2,88.0,2.5,0,20.0,21.0,10.0,8.3,333,21,6,12
01.12.2019 22:00:00,14.0,27.0,21.1,0,0.3,0,0.7,10.0,11.0,41.0,0,87.0,2.7,0,21.0,20.0,12.0,11.0,333,22,6,12
01.12.2019 23:00:00,16.0,27.0,20.7,0,0.36,0,0.8,9.1,9.9,43.0,0,86.0,2.6,0,21.0,21.0,11.0,12.0,333,23,6,12
01.12.2019 24:00:00,16.0,30.0,20.2,0,0.32,0,0.8,6.8,7.6,50.0,0,84.0,2.6,0,23.0,20.0,14.0,12.0,333,24,6,12
02.12.2019 01:00:00,21.0,31.0,19.8,0,0.31,0,0.4,5.2,5.6,52.0,0,83.0,2.5,0,24.0,24.0,10.0,11.0,334,1,0,12
02.12.2019 02:00:00,12.0,27.0,19.5,0,0.31,0,0.2,5.6,5.8,49.0,0,81.0,2.3,0,22.0,22.0,13.0,12.0,334,2,0,12
02.12.2019 03:00:00,13.0,23.0,19.1,0,0.33,0,-0.1,7.1,7.1,48.0,0,80.0,2.4,0,21.0,21.0,12.0,13.0,334,3,0,12
02.12.2019 04:00:00,16.0,23.0,18.9,0,0.35,0,0.1,7.1,7.2,53.0,0,80.0,2.4,0,21.0,20.0,12.0,12.0,334,4,0,12
02.12.2019 05:00:00,20.0,23.0,18.5,0,0.37,0,0.1,6.1,6.1,55.0,0,79.0,2.3,0,21.0,22.0,12.0,12.0,334,5,0,12
02.12.2019 06:00:00,25.0,23.0,17.9,0,0.41,0,0.2,6.2,6.4,55.0,0,81.0,2.4,0,21.0,21.0,11.0,12.0,334,6,0,12
02.12.2019 07:00:00,19.0,23.0,17.4,0,0.43,0,0.0,6.8,6.8,58.0,0,78.0,2.4,0,21.0,22.0,12.0,11.0,334,7,0,12
02.12.2019 08:00:00,13.0,29.0,16.8,0,0.42,0,0.4,6.0,6.4,53.0,0,76.0,2.6,0,20.0,21.0,11.0,11.0,334,8,0,12
02.12.2019 09:00:00,19.0,34.0,16.8,0,0.42,0,0.3,3.7,4.0,59.0,0,74.0,2.2,0,21.0,21.0,11.0,11.0,334,9,0,12
02.12.2019 10:00:00,16.0,35.0,16.7,0,0.4,0,0.3,3.8,4.0,54.0,0,75.0,2.3,0,20.0,20.0,9.2,9.8,334,10,0,12
02.12.2019 11:00:00,20.0,35.0,16.6,0,0.41,0,0.6,3.7,4.3,59.0,0,76.0,2.1,0,21.0,20.0,10.0,9.8,334,11,0,12
02.12.2019 12:00:00,12.222,36.0,16.6,0,0.4,0,0.4,3.8,4.3,39.569,0,75.0,2.3,0,21.0,20.0,9.4,9.5,334,12,0,12
02.12.2019 13:00:00,20.0,34.0,16.4,0,0.41,0,0.4,3.7,4.1,61.0,0,72.0,2.2,0,20.0,20.0,9.3,8.6,334,13,0,12
02.12.2019 14:00:00,20.0,40.0,16.5,0,0.4,0,0.1,3.7,3.8,69.0,0,70.0,2.2,0,20.0,20.0,11.0,10.0,334,14,0,12
02.12.2019 15:00:00,27.0,45.0,16.2,0,0.4,0,0.3,3.8,4.1,69.0,0,70.0,2.3,0,19.0,18.0,9.8,10.0,334,15,0,12
02.12.2019 16:00:00,34.0,53.0,15.7,0,0.39,0,0.1,3.5,3.7,70.0,0,66.0,2.3,0,21.0,21.0,12.0,11.0,334,16,0,12
02.12.2019 17:00:00,34.0,51.0,15.7,0,0.43,0,0.1,3.7,3.8,78.0,0,66.0,2.4,0,21.0,23.0,12.0,11.0,334,17,0,12
02.12.2019 18:00:00,35.0,52.0,15.7,0,0.42,0,0.1,4.1,4.3,79.0,0,65.0,2.5,0,21.0,20.0,12.0,11.0,334,18,0,12
02.12.2019 19:00:00,36.0,56.0,16.0,0,0.41,0,0.2,4.4,4.5,87.0,0,62.0,2.8,0,21.0,22.0,13.0,11.0,334,19,0,12
02.12.2019 20:00:00,28.0,56.0,16.2,0,0.31,0,0.1,3.5,3.5,97.0,0,60.0,2.4,0,23.0,29.0,9.8,11.0,334,20,0,12
02.12.2019 21:00:00,24.0,53.0,16.3,0,0.25,0,-0.2,2.8,2.7,94.0,0,57.0,2.4,0,22.0,21.0,12.0,11.0,334,21,0,12
02.12.2019 22:00:00,23.0,50.0,16.2,0,0.27,0,0.4,3.3,3.6,90.0,0,59.0,2.6,0,23.0,23.0,10.0,11.0,334,22,0,12
02.12.2019 23:00:00,27.0,50.0,16.3,0,0.28,0,0.1,3.7,3.8,95.0,0,59.0,2.8,0,30.0,33.0,8.2,8.7,334,23,0,12
02.12.2019 24:00:00,22.0,51.0,16.2,0,0.26,0,-0.1,3.5,3.4,98.0,0,59.0,2.8,0,24.0,22.0,11.0,9.6,334,24,0,12
03.12.2019 01:00:00,23.0,51.0,16.2,0,0.27,0,-0.1,3.1,3.0,95.0,0,61.0,2.4,0,23.0,25.0,9.8,9.8,335,1,1,12
03.12.2019 02:00:00,27.0,48.0,16.2,0,0.28,0,0.6,2.6,3.2,105.0,0,60.0,2.1,0,31.0,40.0,7.7,7.5,335,2,1,12
03.12.2019 03:00:00,26.0,46.0,15.8,0,0.29,0,0.4,2.9,3.2,91.0,0,60.0,2.1,0,28.0,30.0,7.8,7.9,335,3,1,12
03.12.2019 04:00:00,26.0,45.0,15.9,0,0.27,0,0.2,2.6,2.8,97.0,0,59.0,2.0,0,32.0,33.0,7.6,6.7,335,4,1,12
03.12.2019 05:00:00,28.0,44.0,15.8,0,0.28,0,0.5,2.8,3.3,84.0,0,60.0,2.1,0,28.0,23.0,8.9,7.6,335,5,1,12
03.12.2019 06:00:00,24.0,47.0,16.1,0,0.27,0,0.6,2.7,3.2,93.0,0,61.0,1.9,0,28.0,44.0,7.6,8.2,335,6,1,12
03.12.2019 07:00:00,22.0,51.0,16.5,0,0.22,0,0.6,1.5,2.1,76.0,0,57.0,1.6,0,42.0,34.0,7.9,8.1,335,7,1,12
03.12.2019 08:00:00,23.0,51.0,16.7,0,0.21,0,0.6,1.1,1.8,74.0,0,53.0,1.5,0,46.0,48.0,7.8,8.3,335,8,1,12
03.12.2019 09:00:00,18.0,50.0,17.0,0,0.2,0,0.5,1.0,1.4,68.0,0,53.0,1.7,0,50.0,49.0,8.4,8.1,335,9,1,12
03.12.2019 10:00:00,17.0,51.0,17.1,0,0.21,0,0.6,0.9,1.5,63.0,0,54.0,1.7,0,47.0,46.0,9.7,9.1,335,10,1,12
03.12.2019 11:00:00,16.0,50.0,17.3,0,0.2,0,0.7,0.9,1.6,74.0,0,57.0,1.3,0,45.0,47.0,9.1,8.2,335,11,1,12
03.12.2019 12:00:00,14.0,51.0,17.5,0,0.19,0,0.6,0.9,1.5,61.0,0,58.0,1.8,0,46.0,45.0,8.0,9.0,335,12,1,12
03.12.2019 13:00:00,16.0,51.0,17.6,0,0.2,0,0.8,1.6,2.4,65.0,0,61.0,1.5,0,42.0,38.0,7.3,7.6,335,13,1,12
03.12.2019 14:00:00,17.0,51.0,17.6,0,0.2,0,0.8,1.8,2.6,76.0,0,62.0,1.7,0,41.0,43.0,8.7,7.5,335,14,1,12
03.12.2019 15:00:00,21.0,53.0,17.7,0,0.2,0,1.2,1.7,2.9,73.0,0,62.0,1.7,0,43.0,46.0,8.8,7.7,335,15,1,12
03.12.2019 16:00:00,21.0,53.0,17.6,0,0.2,0,0.8,1.5,2.3,64.0,0,63.0,1.7,0,43.0,39.0,7.9,8.2,335,16,1,12
03.12.2019 17:00:00,19.0,53.0,17.8,0,0.18,0,0.8,0.9,1.7,57.0,0,61.0,1.6,0,47.0,48.0,9.6,9.4,335,17,1,12
03.12.2019 18:00:00,17.0,54.0,17.9,0,0.17,0,0.5,0.7,1.2,53.0,0,59.0,1.5,0,49.0,50.0,10.0,10.0,335,18,1,12
03.12.2019 19:00:00,15.0,53.0,18.0,0,0.17,0,0.3,0.7,1.0,52.0,0,61.0,1.5,0,47.0,45.0,9.7,10.0,335,19,1,12
03.12.2019 20:00:00,17.0,52.0,18.0,0,0.17,0,0.4,0.9,1.3,53.0,0,61.0,1.3,0,47.0,47.0,11.0,10.0,335,20,1,12
03.12.2019 21:00:00,16.0,51.0,18.0,0,0.16,0,0.2,0.6,0.8,53.0,0,61.0,1.3,0,48.0,50.0,13.0,11.0,335,21,1,12
03.12.2019 22:00:00,15.0,51.0,18.0,0,0.15,0,0.1,0.6,0.8,52.0,0,59.0,1.4,0,48.0,49.0,11.0,11.0,335,22,1,12
03.12.2019 23:00:00,15.0,51.0,18.1,0,0.15,0,0.6,0.3,0.9,53.0,0,57.0,1.4,0,47.0,47.0,10.0,9.7,335,23,1,12
03.12.2019 24:00:00,14.0,50.0,18.0,0,0.17,0,0.4,0.3,0.7,51.0,0,58.0,1.7,0,47.0,44.0,8.8,9.3,335,24,1,12
04.12.2019 01:00:00,13.0,50.0,18.1,0,0.17,0,0.4,0.3,0.7,52.0,0,54.0,1.8,0,48.0,48.0,9.1,8.8,336,1,2,12
04.12.2019 02:00:00,11.0,50.0,18.1,0,0.18,0,0.3,0.9,1.2,53.0,0,54.0,1.3,0,47.0,45.0,7.4,8.2,336,2,2,12
04.12.2019 03:00:00,11.0,50.0,18.2,0,0.18,0,0.0,1.0,1.0,44.0,0,55.0,1.4,0,49.0,51.0,9.9,9.1,336,3,2,12
04.12.2019 04:00:00,13.0,50.0,18.2,0,0.17,0,0.1,1.1,1.2,46.0,0,57.0,1.3,0,46.0,46.0,8.7,8.1,336,4,2,12
04.12.2019 05:00:00,11.0,47.0,18.0,0,0.16,0,0.1,2.9,3.0,46.0,0,58.0,1.5,0,44.0,38.0,6.7,7.8,336,5,2,12
04.12.2019 06:00:00,10.0,49.0,17.9,0,0.16,0,-0.1,1.1,1.0,46.0,0,60.0,1.3,0,40.0,42.0,7.8,7.5,336,6,2,12
04.12.2019 07:00:00,15.0,47.0,17.9,0,0.16,0,0.2,2.0,2.3,53.0,0,61.0,1.6,0,38.0,34.0,7.8,6.9,336,7,2,12
04.12.2019 08:00:00,12.0,46.0,17.9,0,0.17,0,0.7,2.2,2.9,55.0,0,62.0,1.5,0,31.0,37.0,7.6,7.2,336,8,2,12
04.12.2019 09:00:00,15.0,47.0,18.1,0,0.17,0,0.6,2.1,2.7,57.0,0,62.0,1.6,0,33.0,30.0,7.6,7.2,336,9,2,12
04.12.2019 10:00:00,9.0,48.0,18.2,0,0.15,0,0.5,1.7,2.1,53.0,0,57.0,1.3,0,42.0,48.0,8.8,7.5,336,10,2,12
04.12.2019 11:00:00,9.0,48.0,18.0,0,0.16,0,0.6,2.0,2.6,57.0,0,61.0,1.6,0,42.0,43.0,7.4,6.8,336,11,2,12
04.12.2019 12:00:00,9.0,50.0,18.1,0,0.16,0,0.4,1.8,2.1,51.0,0,58.0,1.3,0,44.0,44.0,6.6,7.3,336,12,2,12
04.12.2019 13:00:00,12.0,50.0,18.0,0,0.18,0,0.5,2.2,2.7,60.0,0,59.0,1.7,0,43.0,44.0,7.8,7.0,336,13,2,12
04.12.2019 14:00:00,20.0,52.0,18.0,0,0.19,0,0.5,2.6,3.1,70.0,0,59.0,1.7,0,40.0,36.0,5.9,5.8,336,14,2,12
04.12.2019 15:00:00,14.0,51.0,18.1,0,0.2,0,0.6,3.3,3.9,65.0,0,61.0,1.8,0,36.0,43.0,7.3,6.5,336,15,2,12
04.12.2019 16:00:00,20.0,54.0,18.1,0,0.2,0,0.7,2.5,3.2,57.0,0,60.0,1.7,0,39.0,26.0,8.3,7.0,336,16,2,12
04.12.2019 17:00:00,20.0,56.0,18.2,0,0.23,0,0.6,3.1,3.7,66.0,0,64.0,2.0,0,29.0,37.0,7.5,7.4,336,17,2,12
04.12.2019 18:00:00,22.0,58.0,18.2,0,0.24,0,0.4,2.6,2.9,68.0,0,63.0,1.7,0,31.0,26.0,9.5,7.9,336,18,2,12
04.12.2019 19:00:00,22.0,58.0,18.1,0,0.24,0,0.1,2.4,2.6,66.0,0,65.0,1.9,0,36.0,37.0,6.9,7.3,336,19,2,12
04.12.2019 20:00:00,22.0,59.0,18.0,0,0.22,0,0.1,2.7,2.9,71.0,0,62.0,1.8,0,37.0,48.0,0.4,0.4,336,20,2,12
04.12.2019 21:00:00,19.0,58.0,17.8,0,0.21,0,0.4,2.2,2.5,72.0,0,62.0,1.6,0,36.0,29.0,0.4,0.4,336,21,2,12
04.12.2019 22:00:00,17.0,57.0,17.9,0,0.19,0,0.3,1.9,2.2,67.0,0,62.0,1.8,0,39.0,35.0,0.4,0.4,336,22,2,12
04.12.2019 23:00:00,16.0,56.0,17.9,0,0.21,0,0.2,1.7,1.9,65.0,0,64.0,1.6,0,42.0,43.0,0.4,0.4,336,23,2,12
04.12.2019 24:00:00,19.0,56.0,17.8,0,0.2,0,0.1,1.6,1.7,63.0,0,66.0,1.6,0,45.0,42.0,0.4,0.4,336,24,2,12
05.12.2019 01:00:00,18.0,55.0,17.7,0,0.19,0,0.3,1.5,1.7,65.0,0,67.0,1.3,0,35.0,25.0,0.4,0.4,337,1,3,12
05.12.2019 02:00:00,17.0,54.0,17.5,0,0.14,0,0.5,1.3,1.8,63.0,0,70.0,2.3,0,33.0,40.0,0.4,0.4,337,2,3,12
05.12.2019 03:00:00,20.0,53.0,18.0,0,0.14,0,0.4,1.5,1.9,72.0,0.2,70.0,2.4,0,29.0,28.0,0.4,0.4,337,3,3,12
05.12.2019 04:00:00,17.0,53.0,17.7,0,0.14,0,0.6,1.4,2.0,53.0,0,71.0,2.5,0,25.0,26.0,0.4,0.4,337,4,3,12
05.12.2019 05:00:00,19.0,52.0,17.8,0,0.14,0,0.4,1.5,1.9,53.0,0,73.0,2.6,0,26.0,25.0,0.4,0.4,337,5,3,12
05.12.2019 06:00:00,16.0,52.0,17.7,0,0.13,0,0.5,1.8,2.3,52.0,1.0,79.0,2.7,0,31.0,28.0,0.4,0.4,337,6,3,12
05.12.2019 07:00:00,16.0,51.0,17.1,0,0.13,0,0.5,2.2,2.6,52.0,2.6,81.0,2.5,0,24.0,22.0,0.4,0.4,337,7,3,12
05.12.2019 08:00:00,14.0,52.0,16.8,0,0.13,0,0.7,2.0,2.7,49.0,3.0,86.0,2.4,0,24.0,28.0,0.4,0.4,337,8,3,12
05.12.2019 09:00:00,12.0,51.0,17.0,0,0.12,0,0.6,1.7,2.2,44.0,0,84.0,2.3,0,40.0,40.0,0.4,0.4,337,9,3,12
05.12.2019 10:00:00,11.0,51.0,17.0,0,0.11,0,1.0,1.8,2.9,48.0,0.8,81.0,2.3,0,44.0,46.0,0.4,0.4,337,10,3,12
05.12.2019 11:00:00,9.0,52.0,17.1,0,0.11,0,0.6,1.4,2.0,37.0,0,81.0,2.4,0,50.0,49.0,0.4,0.4,337,11,3,12
05.12.2019 12:00:00,15.0,50.0,16.9,0,0.13,0,0.9,2.8,3.6,49.0,7.0,85.0,2.5,0,35.0,31.0,0.4,0.4,337,12,3,12
05.12.2019 13:00:00,11.0,51.0,16.9,0,0.14,0,1.0,2.2,3.2,56.0,5.4,85.0,2.4,0,23.0,21.0,0.4,0.4,337,13,3,12
05.12.2019 14:00:00,14.0,51.0,16.8,0,0.12,0,0.7,1.6,2.3,48.0,2.6,85.0,2.5,0,22.0,21.0,0.4,0.4,337,14,3,12
05.12.2019 15:00:00,10.0,51.0,16.6,0,0.11,0,1.0,1.4,2.4,58.0,1.8,84.0,2.3,0,24.0,22.0,0.4,0.4,337,15,3,12
05.12.2019 16:00:00,11.0,51.0,16.7,0,0.11,0,0.8,1.6,2.4,50.0,2.2,85.0,2.4,0,25.0,26.0,0.4,0.4,337,16,3,12
05.12.2019 17:00:00,13.0,51.0,17.1,0,0.13,0,0.5,1.6,2.1,42.0,1.2,84.0,2.5,0,23.0,22.0,0.4,0.4,337,17,3,12
05.12.2019 18:00:00,12.0,52.0,17.1,0,0.13,0,0.8,1.4,2.2,45.0,3.2,86.0,2.3,0,23.0,24.0,0.4,0.4,337,18,3,12
05.12.2019 19:00:00,11.0,53.0,17.1,0,0.13,0,0.5,1.4,1.9,46.0,3.4,86.0,2.6,0,21.0,23.0,0.4,0.4,337,19,3,12
05.12.2019 20:00:00,9.0,51.0,17.1,0,0.11,0,0.8,1.7,2.5,50.0,4.0,86.0,2.5,0,38.0,40.0,0.4,0.4,337,20,3,12
05.12.2019 21:00:00,10.0,51.0,17.4,0,0.11,0,0.7,1.5,2.2,74.0,0,82.0,2.5,0,41.0,46.0,0.4,0.4,337,21,3,12
05.12.2019 22:00:00,11.0,51.0,17.9,0,0.11,0,0.5,1.5,2.0,67.0,0.8,80.0,2.5,0,32.0,21.0,0.4,0.4,337,22,3,12
05.12.2019 23:00:00,10.0,50.0,17.5,0,0.13,0,0.3,1.5,1.8,54.0,6.0,86.0,2.6,0,30.0,33.0,0.4,0.4,337,23,3,12
05.12.2019 24:00:00,13.0,50.0,17.4,0,0.12,0,0.3,1.5,1.8,51.0,2.2,87.0,2.5,0,25.0,24.0,0.4,0.4,337,24,3,12
06.12.2019 01:00:00,13.0,50.0,17.4,0,0.11,0,0.3,1.0,1.3,50.0,1.4,86.0,2.6,0,22.0,23.0,0.4,0.4,338,1,4,12
06.12.2019 02:00:00,11.0,51.0,17.7,0,0.13,0,0.5,1.5,2.0,56.0,3.0,85.0,1.7,0,22.0,23.0,0.4,0.4,338,2,4,12
06.12.2019 03:00:00,10.0,50.0,17.8,0,0.12,0,0.5,1.4,1.9,47.0,1.8,82.0,1.6,0,23.0,23.0,0.4,0.4,338,3,4,12
06.12.2019 04:00:00,10.0,50.0,17.7,0,0.14,0,0.4,1.5,1.9,44.0,0.8,83.0,1.6,0,24.0,22.0,0.4,0.4,338,4,4,12
06.12.2019 05:00:00,8.0,50.0,17.7,0,0.14,0,0.3,1.5,1.8,52.0,2.2,84.0,1.5,0,26.0,27.0,0.4,0.4,338,5,4,12
06.12.2019 06:00:00,10.0,50.0,17.6,0,0.13,0,0.5,1.5,2.0,56.0,4.8,84.0,1.7,0,24.0,21.0,0.4,0.4,338,6,4,12
06.12.2019 07:00:00,11.0,50.0,17.3,0,0.14,0,0.4,1.6,2.0,47.0,3.8,86.0,1.6,0,22.0,25.0,0.4,0.4,338,7,4,12
06.12.2019 08:00:00,10.0,50.0,17.0,0,0.13,0,0.4,1.9,2.3,46.0,2.4,86.0,1.5,0,22.0,21.0,0.4,0.4,338,8,4,12
06.12.2019 09:00:00,11.0,50.0,17.1,0,0.13,0,0.5,1.8,2.3,38.0,2.2,85.0,1.6,0,23.0,27.0,0.4,0.4,338,9,4,12
06.12.2019 10:00:00,8.0,49.0,17.2,0,0.14,0,0.7,2.5,3.2,41.0,1.2,86.0,1.6,0,25.0,23.0,0.4,0.4,338,10,4,12
06.12.2019 11:00:00,5.0,48.0,17.5,0,0.14,0,0.9,2.8,3.7,47.0,0.8,85.0,1.5,0,34.0,42.0,0.4,0.4,338,11,4,12
06.12.2019 12:00:00,5.0,48.0,17.6,0,0.14,0,1.1,2.3,3.3,42.0,5.2,86.0,1.7,0,42.0,47.0,0.4,0.4,338,12,4,12
06.12.2019 13:00:00,5.0,46.0,17.8,0,0.14,0,1.2,2.4,3.7,47.0,1.4,85.0,1.7,0,31.0,28.0,0.4,0.4,338,13,4,12
06.12.2019 14:00:00,11.0,46.0,17.6,0,0.14,0,1.0,2.0,2.9,50.0,0.8,84.0,1.6,0,24.0,35.042,9.678,0.4,338,14,4,12
06.12.2019 15:00:00,10.0,45.0,17.7,0,0.15,0,0.9,2.3,3.2,51.0,0.8,82.0,1.7,0,34.861,34.907,9.688,8.931,338,15,4,12
06.12.2019 16:00:00,8.0,46.0,17.6,0,0.14,0,1.3,1.8,3.1,51.0,1.8,82.0,1.6,0,34.726,32.0,0.4,8.943,338,16,4,12
06.12.2019 17:00:00,11.0,46.0,17.2,0,0.13,0,0.8,1.9,2.8,50.0,1.4,84.0,1.7,0,14.0,4.5,0.4,0.1,338,17,4,12
06.12.2019 18:00:00,10.0,47.0,16.9,0,0.12,0,0.6,1.7,2.3,53.0,1.6,82.0,1.6,0,19.0,12.0,0.4,0.1,338,18,4,12
06.12.2019 19:00:00,10.0,47.0,16.7,0,0.11,0,0.6,1.5,2.1,53.0,0.4,80.0,1.6,0,14.0,352.0,0.4,0.1,338,19,4,12
06.12.2019 20:00:00,13.0,47.0,16.7,0,0.12,0,0.6,1.4,2.0,54.0,1.0,81.0,1.5,0,18.0,30.0,0.4,0.1,338,20,4,12
06.12.2019 21:00:00,12.0,47.0,16.5,0,0.12,0,0.7,1.5,2.2,64.0,1.8,81.0,1.5,0,22.0,26.0,0.4,0.1,338,21,4,12
06.12.2019 22:00:00,15.0,46.0,16.3,0,0.12,0,0.6,1.5,2.1,63.0,0.6,82.0,1.6,0,17.0,29.0,0.4,0.1,338,22,4,12
06.12.2019 23:00:00,10.0,46.0,16.1,0,0.12,0,0.4,1.7,2.1,63.0,0.4,80.0,1.7,0,18.0,7.7,0.4,0.1,338,23,4,12
06.12.2019 24:00:00,8.0,45.0,16.1,0,0.13,0,0.6,1.4,2.0,58.0,1.2,82.0,1.7,0,21.0,4.3,0.4,0.1,338,24,4,12
07.12.2019 01:00:00,9.0,46.0,15.8,0,0.12,0,0.3,1.2,1.6,52.0,1.6,83.0,1.4,0,24.0,1.8,0.4,0.1,339,1,5,12
07.12.2019 02:00:00,10.0,47.0,15.3,0,0.17,0,0.3,0.9,1.3,62.0,0.6,79.0,1.1,0,19.0,9.0,0.4,0.1,339,2,5,12
07.12.2019 03:00:00,10.0,46.0,15.6,0,0.17,0,0.3,0.8,1.1,60.0,0.6,77.0,1.0,0,4.2,16.0,0.4,0.1,339,3,5,12
07.12.2019 04:00:00,10.0,46.0,16.3,0,0.16,0,0.2,0.9,1.1,58.0,0,72.0,1.1,0,21.0,32.0,0.4,0.1,339,4,5,12
07.12.2019 05:00:00,12.0,45.0,16.5,0,0.16,0,0.5,0.8,1.3,57.0,0.2,72.0,1.2,0,16.0,177.0,0.4,0.1,339,5,5,12
07.12.2019 06:00:00,11.0,45.0,16.1,0,0.16,0,-0.1,1.2,1.1,56.0,0,77.0,1.0,0,21.0,31.0,0.4,0.1,339,6,5,12
07.12.2019 07:00:00,15.0,45.0,16.5,0,0.16,0,0.3,1.1,1.4,53.0,0,71.0,1.1,0,2.8,8.1,0.4,0.1,339,7,5,12
07.12.2019 08:00:00,18.0,45.0,16.9,0,0.16,0,0.4,1.1,1.5,74.0,0,66.0,1.0,0,7.5,27.0,0.4,0.1,339,8,5,12
07.12.2019 09:00:00,15.0,45.0,17.0,0,0.16,0,0.2,1.2,1.5,65.0,0,70.0,1.2,0,14.0,20.0,0.4,0.1,339,9,5,12
07.12.2019 10:00:00,18.0,44.0,17.0,0,0.16,0,0.5,1.5,2.0,61.0,0,66.0,1.1,0,13.0,18.0,0.4,0.0,339,10,5,12
07.12.2019 11:00:00,15.0,45.0,16.8,0,0.16,0,0.6,1.5,2.1,57.0,0,66.0,1.2,0,20.0,352.0,5.0,0.3,339,11,5,12
07.12.2019 12:00:00,15.0,47.0,16.7,0,0.17,0,1.159,5.444,6.517,69.0,0,66.0,2.155,0,21.0,20.0,12.0,12.0,339,12,5,12
07.12.2019 13:00:00,13.0,49.0,16.6,0,0.16,0,1.7,0.7,2.4,71.0,0,66.0,1.7,0,21.0,20.0,12.0,12.0,339,13,5,12
07.12.2019 14:00:00,15.0,50.0,16.6,0,0.16,0,0.9,1.5,2.4,67.0,0,66.0,0.6,0,21.0,19.0,13.0,12.0,339,14,5,12
07.12.2019 15:00:00,17.0,50.0,16.7,0,0.16,0,0.6,2.0,2.6,73.0,0,66.0,0.8,0,21.0,20.0,13.0,12.0,339,15,5,12
07.12.2019 16:00:00,13.0,50.0,16.9,0,0.16,0,0.5,1.8,2.3,73.0,0,65.0,0.6,0,22.0,21.0,13.0,12.0,339,16,5,12
07.12.2019 17:00:00,17.0,51.0,16.9,0,0.15,0,0.6,1.3,1.9,70.0,0,62.0,0.7,0,21.0,21.0,13.0,12.0,339,17,5,12
07.12.2019 18:00:00,9.0,51.0,16.8,0,0.16,0,0.7,1.4,2.1,64.0,0,59.0,0.7,0,22.0,22.0,12.0,12.0,339,18,5,12
07.12.2019 19:00:00,11.0,50.0,16.9,0,0.16,0,0.4,1.7,2.1,67.0,0,59.0,0.6,0,22.0,21.0,11.0,11.0,339,19,5,12
07.12.2019 20:00:00,10.0,51.0,17.0,0,0.15,0,0.5,1.5,1.9,61.0,0,54.0,0.5,0,23.0,23.0,12.0,11.0,339,20,5,12
07.12.2019 21:00:00,12.0,51.0,17.2,0,0.16,0,0.5,1.7,2.2,74.0,0,52.0,0.5,0,24.0,23.0,9.7,9.0,339,21,5,12
07.12.2019 22:00:00,10.0,49.0,17.2,0,0.16,0,0.7,1.6,2.3,80.0,0,57.0,0.6,0,28.0,27.0,7.7,7.2,339,22,5,12
07.12.2019 23:00:00,10.0,49.0,17.2,0,0.16,0,0.6,1.5,2.1,70.0,0,58.0,0.6,0,25.0,23.0,10.0,8.4,339,23,5,12
07.12.2019 24:00:00,10.0,50.0,17.2,0,0.16,0,0.6,1.5,2.1,76.0,0,53.0,0.4,0,23.0,22.0,8.8,9.3,339,24,5,12
08.12.2019 01:00:00,14.0,49.0,17.1,0,0.16,0,0.4,1.6,2.0,80.0,0,56.0,0.4,0,26.0,26.0,9.2,7.8,340,1,6,12
08.12.2019 02:00:00,13.0,49.0,16.8,0,0.13,0,0.6,1.5,2.0,66.0,0,58.0,1.6,0,32.0,29.0,6.8,7.1,340,2,6,12
08.12.2019 03:00:00,12.0,49.0,17.0,0,0.13,0,0.7,1.5,2.3,94.0,0,52.0,1.5,0,34.0,38.0,7.1,6.0,340,3,6,12
08.12.2019 04:00:00,14.0,48.0,16.9,0,0.13,0,0.5,1.3,1.8,77.0,0,56.0,1.5,0,29.0,25.0,7.8,6.5,340,4,6,12
08.12.2019 05:00:00,14.0,48.0,17.0,0,0.13,0,0.7,1.3,2.0,86.0,0,57.0,1.4,0,31.0,35.0,6.8,6.1,340,5,6,12
08.12.2019 06:00:00,19.0,48.0,17.2,0,0.13,0,0.8,1.8,2.5,83.0,0,54.0,1.5,0,27.0,27.0,8.1,6.4,340,6,6,12
08.12.2019 07:00:00,18.0,48.0,17.3,0,0.13,0,0.6,1.7,2.3,83.0,0,51.0,1.5,0,29.0,31.0,5.0,5.9,340,7,6,12
08.12.2019 08:00:00,15.0,47.0,17.6,0,0.14,0,0.6,2.4,3.1,81.0,0,50.0,1.4,0,30.0,37.0,5.7,5.8,340,8,6,12
08.12.2019 09:00:00,11.0,47.0,18.0,0,0.14,0,1.0,2.6,3.7,72.0,0,50.0,1.7,0,37.0,34.0,5.0,5.1,340,9,6,12
08.12.2019 10:00:00,10.0,48.0,18.4,0,0.14,0,1.4,2.8,4.2,93.0,0,46.0,1.5,0,36.0,45.0,6.5,5.4,340,10,6,12
08.12.2019 11:00:00,7.0,49.0,18.6,0,0.12,0,1.0,1.6,2.5,63.0,0,44.0,1.5,0,47.0,47.0,6.6,6.6,340,11,6,12
08.12.2019 12:00:00,7.0,49.0,18.5,0,0.15,0,0.8,2.2,3.0,82.0,0,48.0,1.3,0,42.0,39.0,6.6,6.1,340,12,6,12
08.12.2019 13:00:00,14.0,49.0,18.9,0,0.15,0,1.4,2.8,4.2,105.0,0,42.0,1.5,0,40.0,50.0,6.0,5.4,340,13,6,12
08.12.2019 14:00:00,10.0,50.0,18.9,0,0.14,0,1.0,1.9,3.0,80.0,0,44.0,1.5,0,47.0,52.0,5.2,5.2,340,14,6,12
08.12.2019 15:00:00,16.0,53.0,18.6,0,0.17,0,0.8,2.0,2.8,80.0,0,48.0,1.4,0,48.0,48.0,7.1,6.3,340,15,6,12
08.12.2019 16:00:00,15.0,54.0,18.5,0,0.19,0,0.6,2.1,2.7,63.0,0,51.0,1.5,0,49.0,50.0,7.5,6.7,340,16,6,12
08.12.2019 17:00:00,14.0,55.0,18.3,0,0.17,0,0.5,2.1,2.6,61.0,0,50.0,1.6,0,51.0,52.0,5.0,6.3,340,17,6,12
08.12.2019 18:00:00,15.0,53.0,18.4,0,0.2,0,0.6,3.4,4.0,61.0,0,51.0,1.8,0,58.0,61.0,4.0,4.3,340,18,6,12
08.12.2019 19:00:00,16.0,53.0,18.6,0,0.22,0,0.5,3.1,3.6,56.0,0,55.0,1.6,0,54.0,52.0,6.0,5.7,340,19,6,12
08.12.2019 20:00:00,19.0,54.0,18.7,0,0.22,0,0.4,2.7,3.1,51.0,0,55.0,1.8,0,55.0,53.0,6.0,5.8,340,20,6,12
08.12.2019 21:00:00,18.0,54.0,18.8,0,0.22,0,0.4,2.7,3.1,48.0,0,56.0,2.0,0,56.0,56.0,6.7,6.0,340,21,6,12
08.12.2019 22:00:00,17.0,53.0,18.8,0,0.22,0,0.5,3.1,3.6,43.0,0,55.0,2.1,0,58.0,63.0,5.2,5.6,340,22,6,12
08.12.2019 23:00:00,14.0,53.0,18.9,0,0.19,0,0.6,2.8,3.4,39.0,0,51.0,1.9,0,71.0,67.0,4.5,4.6,340,23,6,12
08.12.2019 24:00:00,14.0,52.0,18.7,0,0.18,0,0.7,2.8,3.5,37.0,0,50.0,1.8,0,74.0,85.0,2.3,2.9,340,24,6,12
09.12.2019 01:00:00,10.0,41.0,16.9,0,0.19,0,0.7,2.9,3.5,32.0,0,63.0,1.3,0,129.0,185.0,1.2,0.8,341,1,0,12
09.12.2019 02:00:00,14.0,36.0,16.0,0,0.18,0,-0.1,1.9,1.8,21.0,0,69.0,1.2,0,187.0,190.0,1.9,1.5,341,2,0,12
09.12.2019 03:00:00,15.0,41.0,17.1,0,0.17,0,-0.3,1.8,1.5,22.0,0,68.0,1.4,0,66.0,51.0,6.7,2.4,341,3,0,12
09.12.2019 04:00:00,14.0,52.0,18.9,0,0.16,0,-0.2,1.6,1.4,54.0,0,62.0,1.2,0,48.0,45.0,5.8,6.0,341,4,0,12
09.12.2019 05:00:00,13.0,52.0,18.8,0,0.17,0,-0.1,1.4,1.3,57.0,0,61.0,1.2,0,46.0,47.0,5.7,6.0,341,5,0,12
09.12.2019 06:00:00,13.0,52.0,18.9,0,0.17,0,-0.1,1.7,1.6,45.0,0,59.0,1.3,0,49.0,50.0,6.7,6.4,341,6,0,12
09.12.2019 07:00:00,17.0,51.0,18.9,0,0.17,0,0.0,2.2,2.2,43.0,0,58.0,1.5,0,54.0,62.0,4.4,5.7,341,7,0,12
09.12.2019 08:00:00,9.0,50.0,19.0,0,0.18,0,0.3,3.3,3.5,42.0,0,58.0,1.3,0,55.0,50.0,6.5,5.1,341,8,0,12
09.12.2019 09:00:00,12.0,50.0,19.2,0,0.17,0,0.4,2.9,3.3,45.0,0,59.0,1.4,0,57.0,56.0,5.2,4.6,341,9,0,12
09.12.2019 10:00:00,14.0,50.0,19.5,0,0.17,0,0.8,3.4,4.2,45.0,0,59.0,1.7,0,58.0,59.0,4.1,4.3,341,10,0,12
09.12.2019 11:00:00,15.0,50.0,19.7,0,0.18,0,0.6,4.1,4.6,47.0,0,59.0,1.3,0,63.0,57.0,4.6,4.1,341,11,0,12
09.12.2019 12:00:00,15.0,50.0,19.9,0,0.18,0,0.3,3.2,3.5,47.0,0,60.0,1.3,0,54.0,52.0,5.2,4.7,341,12,0,12
09.12.2019 13:00:00,12.0,49.0,19.8,0,0.19,0,0.4,3.5,3.8,44.0,0,61.0,1.4,0,56.0,63.0,4.6,4.7,341,13,0,12
09.12.2019 14:00:00,17.0,50.0,19.8,0,0.19,0,0.3,4.0,4.3,50.0,0,62.0,1.4,0,53.0,51.0,4.6,4.3,341,14,0,12
09.12.2019 15:00:00,16.0,46.0,19.9,0,0.19,0,0.9,7.8,8.6,59.0,0,66.0,1.4,0,55.0,53.0,3.9,2.9,341,15,0,12
09.12.2019 16:00:00,19.0,50.0,19.8,0,0.18,0,0.1,4.3,4.4,58.0,0,69.0,2.0,0,53.0,53.0,4.7,4.7,341,16,0,12
09.12.2019 17:00:00,17.0,51.0,19.8,0,0.19,0,-0.1,3.0,2.9,55.0,0,70.0,1.5,0,53.0,52.0,5.2,4.8,341,17,0,12
09.12.2019 18:00:00,14.0,51.0,19.9,0,0.19,0,0.1,4.1,4.2,52.0,0,71.0,1.6,0,52.0,49.0,6.1,5.3,341,18,0,12
09.12.2019 19:00:00,16.0,50.0,20.1,0,0.18,0,-0.1,3.2,3.0,56.0,0,72.0,1.7,0,53.0,89.0,1.4,3.7,341,19,0,12
09.12.2019 20:00:00,16.0,45.0,20.3,0,0.21,0,0.5,6.9,7.4,39.0,0,68.0,1.4,0,93.0,164.0,1.6,0.6,341,20,0,12
09.12.2019 21:00:00,11.0,41.0,20.1,0,0.19,0,0.2,7.0,7.2,27.0,0,68.0,1.5,0,136.0,122.0,2.3,0.8,341,21,0,12
09.12.2019 22:00:00,11.0,48.0,20.6,0,0.17,0,-0.2,2.8,2.6,24.0,0,65.0,1.7,0,122.0,130.0,3.7,3.5,341,22,0,12
09.12.2019 23:00:00,11.0,49.0,20.4,0,0.16,0,-0.1,1.6,1.5,26.0,0,68.0,1.2,0,126.0,117.0,3.9,3.2,341,23,0,12
09.12.2019 24:00:00,11.0,48.0,20.4,0,0.16,0,-0.3,1.9,1.6,26.0,0,69.0,1.1,0,131.0,121.0,2.9,2.5,341,24,0,12
10.12.2019 01:00:00,10.0,44.0,20.2,0,0.17,0,-0.1,2.2,2.1,33.0,0,72.0,1.7,0,136.0,158.0,2.0,1.6,342,1,1,12
10.12.2019 02:00:00,13.0,40.0,19.7,0,0.19,0,0.2,2.0,2.2,30.0,0,75.0,2.5,0,173.0,188.0,1.9,1.2,342,2,1,12
10.12.2019 03:00:00,14.0,31.0,18.7,0,0.2,0,0.1,3.0,3.0,19.0,0,80.0,2.8,0,193.0,195.0,1.7,1.7,342,3,1,12
10.12.2019 04:00:00,12.0,27.0,18.3,0,0.19,0,0.4,3.3,3.7,18.0,0,83.0,3.6,0,206.0,207.0,3.6,3.0,342,4,1,12
10.12.2019 05:00:00,15.0,26.0,18.8,0,0.19,0,0.1,3.7,3.8,16.0,0,84.0,3.7,0,208.0,209.0,3.2,3.3,342,5,1,12
10.12.2019 06:00:00,14.0,21.0,18.4,0,0.2,0,0.3,3.8,4.1,18.0,0,86.0,3.4,0,211.0,215.0,3.2,3.5,342,6,1,12
10.12.2019 07:00:00,11.0,17.0,18.2,0,0.23,0,1.0,6.6,7.5,15.0,0,87.0,3.4,0,211.0,210.0,3.9,3.7,342,7,1,12
10.12.2019 08:00:00,11.0,17.0,18.6,0,0.25,0,2.3,7.4,9.7,16.0,0,86.0,3.3,0,210.0,211.0,2.9,3.4,342,8,1,12
10.12.2019 09:00:00,13.0,18.0,20.1,0,0.34,0,6.1,12.0,18.0,30.0,0,82.0,3.5,0,196.0,46.0,2.2,1.0,342,9,1,12
10.12.2019 10:00:00,20.0,25.0,20.7,0,0.31,0,8.6,15.0,23.0,61.0,0,79.0,3.9,0,43.0,45.0,2.2,1.7,342,10,1,12
10.12.2019 11:00:00,19.0,33.0,21.1,0,0.24,0,4.2,9.7,14.0,57.0,0,79.0,4.1,0,35.0,22.0,2.6,1.7,342,11,1,12
10.12.2019 12:00:00,11.0,46.0,22.1,0,0.2,0,1.3,3.1,4.4,38.0,0,76.0,3.5,0,7.6,355.0,3.2,2.7,342,12,1,12
10.12.2019 13:00:00,11.0,45.0,21.7,0,0.2,0,1.1,4.8,5.9,31.0,0,78.0,3.5,0,343.0,327.0,2.7,2.4,342,13,1,12
10.12.2019 14:00:00,11.0,40.0,21.2,0,0.23,0,1.1,8.2,9.3,25.0,0,79.0,3.6,0,331.0,331.0,2.7,2.0,342,14,1,12
10.12.2019 15:00:00,15.0,39.0,21.3,0,0.24,0,0.9,8.4,9.3,34.0,0,77.0,3.5,0,326.0,101.0,1.5,0.3,342,15,1,12
10.12.2019 16:00:00,22.0,34.0,21.0,0,0.3,0,1.6,12.0,14.0,71.0,0,79.0,3.6,0,44.0,45.0,1.2,1.3,342,16,1,12
10.12.2019 17:00:00,23.0,24.0,20.8,0,0.36,0,2.0,20.0,22.0,54.0,0,82.0,3.8,0,232.0,223.0,2.0,0.2,342,17,1,12
10.12.2019 18:00:00,30.0,12.0,20.5,0,0.44,0,4.5,21.0,26.0,38.0,0,83.0,4.7,0,210.0,233.0,0.9,1.3,342,18,1,12
10.12.2019 19:00:00,21.0,9.0,20.1,0,0.46,0,5.9,18.0,24.0,47.0,0,84.0,3.8,0,210.0,216.0,2.9,1.7,342,19,1,12
10.12.2019 20:00:00,22.0,17.0,19.5,0,0.34,0,1.5,8.4,9.9,27.0,0,85.0,3.6,0,217.0,215.0,2.4,2.7,342,20,1,12
10.12.2019 21:00:00,23.0,21.0,19.1,0,0.35,0,1.3,9.1,10.0,25.0,0,83.0,3.9,0,212.0,205.0,2.7,2.5,342,21,1,12
10.12.2019 22:00:00,23.0,22.0,18.8,0,0.36,0,1.1,9.9,11.0,29.0,0,82.0,4.1,0,209.0,198.0,1.5,2.5,342,22,1,12
10.12.2019 23:00:00,18.0,27.0,18.3,0,0.31,0,0.6,6.6,7.2,22.0,0,83.0,3.9,0,225.0,223.0,2.8,2.4,342,23,1,12
10.12.2019 24:00:00,18.0,32.0,18.9,0,0.24,0,0.7,3.6,4.3,16.0,4.0,83.0,3.9,0,217.0,225.0,2.6,2.2,342,24,1,12
11.12.2019 01:00:00,13.0,44.0,20.6,0,0.16,0,0.5,2.2,2.6,12.0,1.0,87.0,2.8,0,322.0,330.0,3.1,3.0,343,1,2,12
11.12.2019 02:00:00,10.0,46.0,20.8,0,0.13,0,0.5,0.8,1.3,18.0,0.4,88.0,1.4,0,350.0,355.0,4.8,2.7,343,2,2,12
11.12.2019 03:00:00,10.0,45.0,20.8,0,0.13,0,0.4,0.8,1.2,23.0,1.0,87.0,1.5,0,356.0,354.0,5.4,4.8,343,3,2,12
11.12.2019 04:00:00,6.0,46.0,20.5,0,0.13,0,0.2,0.8,1.0,19.0,1.6,87.0,1.2,0,0.6,353.0,3.7,4.2,343,4,2,12
11.12.2019 05:00:00,9.0,43.0,20.4,0,0.13,0,0.3,1.9,2.2,26.0,0.4,86.0,1.4,0,346.0,338.0,4.5,2.9,343,5,2,12
11.12.2019 06:00:00,10.0,44.0,20.2,0,0.14,0,0.2,1.6,1.8,17.0,0,83.0,1.5,0,323.0,323.0,4.0,3.8,343,6,2,12
11.12.2019 07:00:00,10.0,40.0,20.2,0,0.16,0,0.5,4.4,4.9,37.0,0,83.0,1.5,0,351.0,18.0,4.1,2.4,343,7,2,12
11.12.2019 08:00:00,15.0,43.0,20.5,0,0.16,0,0.7,3.1,3.8,61.0,0,81.0,1.5,0,19.0,19.0,4.6,4.5,343,8,2,12
11.12.2019 09:00:00,17.0,44.0,20.8,0,0.15,0,0.6,2.6,3.2,65.0,0,79.0,1.5,0,25.0,45.0,5.9,4.5,343,9,2,12
11.12.2019 10:00:00,10.0,45.0,20.7,0,0.16,0,1.0,3.8,4.7,53.0,0,79.0,1.0,0,31.0,23.0,5.7,4.5,343,10,2,12
11.12.2019 11:00:00,17.0,48.0,20.8,0,0.15,0,0.8,3.3,4.1,68.0,0,78.0,0.7,0,21.0,21.0,5.7,4.7,343,11,2,12
11.12.2019 12:00:00,14.0,51.0,20.9,0,0.16,0,0.7,2.9,3.6,68.0,0,75.0,0.6,0,21.0,25.0,6.1,5.3,343,12,2,12
11.12.2019 13:00:00,16.0,53.0,21.2,0,0.16,0,0.9,4.2,5.1,81.0,0,69.0,0.9,0,25.0,23.0,4.0,4.1,343,13,2,12
11.12.2019 14:00:00,16.0,41.611,21.1,0,0.0,0,1.133,6.147,7.559,89.0,0,64.0,2.129,0,22.0,21.0,5.7,4.7,343,14,2,12
11.12.2019 15:00:00,16.0,41.521,20.7,0,0.0,0,1.135,6.154,7.616,41.139,0,65.0,2.128,0,21.0,21.0,6.4,6.7,343,15,2,12
11.12.2019 16:00:00,14.764,58.0,20.6,0,0.16,0,0.5,2.0,2.4,73.0,0,68.0,2.128,0,21.0,23.0,4.4,5.7,343,16,2,12
11.12.2019 17:00:00,15.0,51.0,20.7,0,0.2,0,0.8,8.6,9.4,96.0,0,71.0,1.3,0,27.0,34.0,2.2,2.5,343,17,2,12
11.12.2019 18:00:00,19.0,53.0,20.5,0,0.17,0,0.6,7.6,8.2,79.0,0,73.0,1.4,0,24.0,21.0,7.1,5.1,343,18,2,12
11.12.2019 19:00:00,19.0,61.0,20.3,0,0.15,0,0.6,4.4,5.0,67.0,0,69.0,1.3,0,24.0,24.0,6.6,6.4,343,19,2,12
11.12.2019 20:00:00,17.0,64.0,20.1,0,0.16,0,0.6,3.8,4.4,76.0,0,65.0,1.1,0,30.0,39.0,3.8,4.2,343,20,2,12
11.12.2019 21:00:00,12.0,66.0,20.1,0,0.16,0,0.5,3.9,4.4,65.0,0,64.0,1.6,0,46.0,47.0,6.7,5.4,343,21,2,12
11.12.2019 22:00:00,20.0,75.0,20.1,0,0.21,0,0.3,3.5,3.8,63.0,0,64.0,1.7,0,47.0,48.0,8.4,7.2,343,22,2,12
11.12.2019 23:00:00,26.0,71.0,19.9,0,0.26,0,0.4,3.9,4.3,71.0,0,64.0,2.0,0,49.0,50.0,8.4,8.1,343,23,2,12
11.12.2019 24:00:00,32.0,66.0,19.8,0,0.3,0,0.4,5.0,5.4,74.0,0,64.0,2.3,0,51.0,50.0,8.9,8.6,343,24,2,12
12.12.2019 01:00:00,28.0,68.0,19.6,0,0.29,0,0.2,3.6,3.8,87.0,0,62.0,2.2,0,51.0,51.0,9.7,8.6,344,1,3,12
12.12.2019 02:00:00,28.0,61.0,19.4,0,0.27,0,0.3,4.1,4.5,80.0,0,59.0,1.8,0,50.0,49.0,9.1,9.3,344,2,3,12
12.12.2019 03:00:00,30.0,57.0,19.2,0,0.3,0,0.4,4.7,5.1,84.0,0,60.0,2.0,0,50.0,47.0,9.1,9.1,344,3,3,12
12.12.2019 04:00:00,38.0,59.0,19.0,0,0.32,0,0.7,4.6,5.3,92.0,0,59.0,2.2,0,49.0,49.0,9.1,8.9,344,4,3,12
12.12.2019 05:00:00,29.0,59.0,18.6,0,0.33,0,0.8,3.2,4.0,95.0,0,57.0,2.0,0,48.0,46.0,6.3,7.2,344,5,3,12
12.12.2019 06:00:00,28.0,56.0,18.5,0,0.32,0,0.5,3.2,3.7,80.0,0,59.0,1.6,0,48.0,47.0,7.0,7.3,344,6,3,12
12.12.2019 07:00:00,22.0,54.0,18.4,0,0.29,0,0.6,3.5,4.2,83.0,0,61.0,1.9,0,48.0,50.0,6.9,7.0,344,7,3,12
12.12.2019 08:00:00,25.0,53.0,18.6,0,0.31,0,0.7,4.1,4.7,80.0,0,62.0,1.8,0,48.0,48.0,7.7,7.2,344,8,3,12
12.12.2019 09:00:00,25.0,55.0,19.2,0,0.3,0,0.8,3.4,4.3,86.0,0,61.0,2.117,0,51.0,53.0,6.7,6.6,344,9,3,12
12.12.2019 10:00:00,26.0,56.0,19.7,0,0.29,0,0.8,3.4,4.3,84.0,0,58.0,1.7,0,54.0,58.0,5.8,6.6,344,10,3,12
12.12.2019 11:00:00,27.0,57.0,19.8,0,0.29,0,0.7,3.2,3.9,81.0,0,60.0,2.116,0,52.0,50.0,8.3,7.3,344,11,3,12
12.12.2019 12:00:00,20.0,57.0,19.8,0,0.31,0,1.0,3.5,4.4,84.0,0,60.0,2.4,0,54.0,55.0,6.7,6.6,344,12,3,12
12.12.2019 13:00:00,23.0,59.0,19.7,0,0.31,0,0.6,3.0,3.6,76.0,0,62.0,2.5,0,51.0,49.0,8.4,7.9,344,13,3,12
12.12.2019 14:00:00,22.0,60.0,19.9,0,0.3,0,0.9,2.6,3.5,76.0,0,59.0,2.0,0,52.0,54.0,7.4,7.0,344,14,3,12
12.12.2019 15:00:00,25.0,61.0,19.7,0,0.32,0,0.7,3.3,4.1,73.0,0,60.0,2.0,0,52.0,52.0,6.5,7.3,344,15,3,12
12.12.2019 16:00:00,20.0,58.0,19.5,0,0.33,0,0.5,2.5,3.1,75.0,0,64.0,1.9,0,50.0,51.0,9.1,8.7,344,16,3,12
12.12.2019 17:00:00,21.0,57.0,19.3,0,0.32,0,0.6,2.3,2.8,62.0,0,65.0,1.6,0,50.0,48.0,8.2,8.6,344,17,3,12
12.12.2019 18:00:00,19.0,57.0,19.4,0,0.32,0,0.9,2.6,3.4,66.0,0,63.0,1.8,0,53.0,56.0,6.1,7.5,344,18,3,12
12.12.2019 19:00:00,18.0,56.0,19.4,0,0.29,0,0.7,2.2,2.9,60.0,0,64.0,1.8,0,52.0,57.0,6.4,7.6,344,19,3,12
12.12.2019 20:00:00,19.0,56.0,19.5,0,0.27,0,0.4,2.2,2.6,65.0,0,64.0,1.9,0,53.0,63.0,4.9,6.3,344,20,3,12
12.12.2019 21:00:00,15.0,55.0,19.5,0,0.23,0,0.7,2.0,2.7,65.0,0,65.0,1.7,0,57.0,60.0,4.5,4.7,344,21,3,12
12.12.2019 22:00:00,12.0,53.0,19.6,0,0.19,0,0.7,1.7,2.5,60.0,0,66.0,2.1,0,54.0,60.0,4.1,5.5,344,22,3,12
12.12.2019 23:00:00,14.0,52.0,19.6,0,0.19,0,0.4,2.5,2.9,55.0,0,66.0,2.4,0,61.0,57.0,4.1,3.9,344,23,3,12
12.12.2019 24:00:00,15.0,52.0,19.7,0,0.19,0,0.6,2.3,2.9,56.0,0,67.0,2.4,0,62.0,65.0,3.2,3.8,344,24,3,12
13.12.2019 01:00:00,18.0,52.0,19.7,0,0.2,0,0.5,2.3,2.8,56.0,0,68.0,2.5,0,69.0,70.0,2.7,2.9,345,1,4,12
13.12.2019 02:00:00,16.0,51.0,19.8,0,0.21,0,1.0,1.9,2.8,49.0,0,70.0,2.0,0,79.0,88.0,1.6,1.5,345,2,4,12
13.12.2019 03:00:00,17.0,48.0,19.9,0,0.21,0,1.3,2.9,4.1,61.0,0,72.0,2.1,0,58.0,52.0,3.5,2.4,345,3,4,12
13.12.2019 04:00:00,13.0,37.0,19.3,0,0.21,0,1.1,3.1,4.3,40.0,0,76.0,1.8,0,80.0,65.0,0.9,0.8,345,4,4,12
13.12.2019 05:00:00,12.0,33.0,19.0,0,0.21,0,0.8,2.8,3.6,32.0,0,78.0,1.9,0,191.0,219.0,0.7,0.3,345,5,4,12
13.12.2019 06:00:00,15.0,27.0,18.5,0,0.22,0,1.2,3.7,4.9,24.0,0,81.0,2.0,0,201.0,202.0,2.4,1.7,345,6,4,12
13.12.2019 07:00:00,14.0,20.0,18.5,0,0.32,0,2.9,11.0,13.0,25.0,0,83.0,2.1,0,202.0,200.0,1.8,1.8,345,7,4,12
13.12.2019 08:00:00,11.0,18.0,18.7,0,0.33,0,5.5,13.0,18.0,21.0,0,83.0,2.7,0,203.0,198.0,1.8,2.1,345,8,4,12
13.12.2019 09:00:00,12.0,19.0,19.6,0,0.34,0,5.2,14.0,19.0,28.0,0,81.0,2.5,0,198.0,200.0,1.0,1.2,345,9,4,12
13.12.2019 10:00:00,15.0,31.0,20.7,0,0.31,0,3.8,11.0,15.0,33.0,0,74.0,2.7,0,147.0,14.0,0.9,0.2,345,10,4,12
13.12.2019 11:00:00,10.0,42.0,21.2,0,0.21,0,2.4,6.8,9.2,49.0,0,69.0,2.3,0,59.0,38.0,1.4,0.8,345,11,4,12
13.12.2019 12:00:00,13.0,45.0,21.4,0,0.0,0,1.142,6.682,8.295,50.0,0,69.0,2.103,0,17.0,15.0,1.6,1.4,345,12,4,12
13.12.2019 13:00:00,12.0,46.626,21.7,0,0.19,0,2.2,4.9,7.1,48.0,0,69.0,1.8,0,12.0,32.0,1.6,1.4,345,13,4,12
13.12.2019 14:00:00,10.0,48.0,21.8,0,0.19,0,2.0,5.5,7.5,53.0,0,71.0,2.0,0,6.4,8.6,2.3,1.8,345,14,4,12
13.12.2019 15:00:00,11.0,45.0,21.6,0,0.21,0,2.3,7.2,9.5,69.0,0,74.0,1.8,0,6.4,17.0,2.2,1.9,345,15,4,12
13.12.2019 16:00:00,14.0,48.0,21.5,0,0.19,0,2.1,7.4,9.5,62.0,0,76.0,1.6,0,6.5,347.0,1.6,1.5,345,16,4,12
13.12.2019 17:00:00,15.0,37.0,21.2,0,0.26,0,3.5,15.0,19.0,62.0,0,75.0,1.6,0,353.0,335.0,0.9,1.2,345,17,4,12
13.12.2019 18:00:00,15.0,22.0,19.9,0,0.3,0,2.7,14.0,17.0,25.0,0,81.0,1.9,0,203.0,200.0,2.1,2.0,345,18,4,12
13.12.2019 19:00:00,12.0,18.0,19.4,0,0.29,0,3.2,13.0,16.0,21.0,0,83.0,1.9,0,201.0,198.0,2.1,2.0,345,19,4,12
13.12.2019 20:00:00,11.0,15.0,19.8,0,0.27,0,5.5,16.0,21.0,25.0,0,83.0,2.1,0,185.0,169.0,1.5,1.3,345,20,4,12
13.12.2019 21:00:00,13.0,20.0,19.9,0,0.24,0,3.2,12.0,15.0,20.0,0,84.0,2.2,0,202.0,204.0,2.2,1.5,345,21,4,12
13.12.2019 22:00:00,10.0,21.0,19.7,0,0.21,0,2.3,9.0,11.0,19.0,0,85.0,1.9,0,205.0,205.0,2.2,2.0,345,22,4,12
13.12.2019 23:00:00,12.0,17.0,19.6,0,0.23,0,2.3,9.5,12.0,21.0,0,86.0,2.1,0,202.0,204.0,1.0,1.4,345,23,4,12
13.12.2019 24:00:00,11.0,17.0,19.7,0,0.2,0,1.7,7.8,9.5,17.0,0,86.0,1.9,0,199.0,203.0,1.0,0.9,345,24,4,12
14.12.2019 01:00:00,10.0,33.0,20.4,0,0.17,0,1.6,6.8,8.4,29.0,0,84.0,1.5,0,198.0,38.0,0.9,0.4,346,1,5,12
14.12.2019 02:00:00,12.0,34.0,20.8,0,0.17,0,0.6,4.3,4.9,23.0,0.2,84.0,1.1,0,246.0,249.0,0.6,0.5,346,2,5,12
14.12.2019 03:00:00,8.0,26.0,20.4,0,0.16,0,0.8,3.7,4.4,17.0,0.2,87.0,1.0,0,209.0,217.0,0.8,0.8,346,3,5,12
14.12.2019 04:00:00,7.0,28.0,20.1,0,0.16,0,1.0,3.3,4.2,14.0,0.2,88.0,1.0,0,218.0,22.0,1.3,0.6,346,4,5,12
14.12.2019 05:00:00,10.0,30.0,20.1,0,0.17,0,0.8,2.9,3.7,17.0,0,87.0,1.1,0,206.0,216.0,1.0,1.0,346,5,5,12
14.12.2019 06:00:00,8.0,35.0,20.2,0,0.16,0,0.8,3.6,4.3,18.0,0,86.0,1.1,0,157.0,77.0,1.9,0.5,346,6,5,12
14.12.2019 07:00:00,12.0,32.0,20.6,0,0.21,0,1.3,9.1,10.0,22.0,0,82.0,1.1,0,2.8,237.0,0.8,0.0,346,7,5,12
14.12.2019 08:00:00,12.0,33.0,20.7,0,0.22,0,1.7,11.0,13.0,25.0,0.2,83.0,1.7,0,139.0,94.0,1.2,0.1,346,8,5,12
14.12.2019 09:00:00,10.0,36.0,20.9,0,0.24,0,2.3,11.0,14.0,37.0,0,81.0,1.3,0,49.0,63.0,2.1,1.5,346,9,5,12
14.12.2019 10:00:00,11.0,36.0,21.0,0,0.24,0,3.3,11.0,14.0,30.0,0,78.0,1.2,0,57.0,44.0,1.8,1.0,346,10,5,12
14.12.2019 11:00:00,16.0,28.0,21.0,0,0.27,0,4.7,16.0,21.0,45.0,0,80.0,2.079,0,20.0,323.0,0.8,0.7,346,11,5,12
14.12.2019 12:00:00,6.0,41.0,21.0,0,0.22,0,2.3,7.9,10.0,44.0,0,80.0,1.2,0,21.0,21.0,2.5,1.9,346,12,5,12
14.12.2019 13:00:00,13.0,43.0,20.9,0,0.23,0,1.6,7.7,9.3,41.0,0,80.0,1.2,0,22.0,45.0,1.5,1.5,346,13,5,12
14.12.2019 14:00:00,14.0,50.0,20.8,0,0.19,0,1.2,5.3,6.5,30.0,0,80.0,1.3,0,39.0,19.0,1.9,1.6,346,14,5,12
14.12.2019 15:00:00,10.0,49.0,20.7,0,0.2,0,1.4,8.2,9.7,39.0,0,80.0,2.078,0,29.0,24.0,2.0,1.8,346,15,5,12
14.12.2019 16:00:00,11.0,47.0,20.6,0,0.24,0,1.4,8.3,9.7,65.0,0,79.0,1.2,0,15.0,7.3,2.1,1.9,346,16,5,12
14.12.2019 17:00:00,11.0,44.0,20.5,0,0.21,0,1.7,12.0,14.0,32.0,0,77.0,1.4,0,350.0,346.0,1.9,1.9,346,17,5,12
14.12.2019 18:00:00,10.0,35.0,20.5,0,0.26,0,2.2,20.0,22.0,32.0,0,75.0,2.077,0,0.9,61.0,1.1,1.4,346,18,5,12
14.12.2019 19:00:00,14.0,11.0,19.8,0,0.4,0,5.2,23.0,29.0,31.0,0,83.0,1.3,0,213.0,186.0,0.8,0.4,346,19,5,12
14.12.2019 20:00:00,10.0,16.0,19.7,0,0.31,0,4.1,19.0,23.0,33.0,0,83.0,1.7,0,116.0,286.0,0.5,0.0,346,20,5,12
14.12.2019 21:00:00,11.0,35.0,20.0,0,0.22,0,2.5,11.0,13.0,35.0,0,80.0,1.6,0,39.0,51.0,2.9,1.4,346,21,5,12
14.12.2019 22:00:00,11.0,48.0,20.5,0,0.17,0,0.9,7.5,8.3,35.0,0,76.0,1.5,0,50.0,53.0,1.3,0.9,346,22,5,12
14.12.2019 23:00:00,11.0,43.0,20.3,0,0.17,0,1.1,6.9,8.0,25.0,0,77.0,1.3,0,260.0,257.0,0.9,0.3,346,23,5,12
14.12.2019 24:00:00,8.0,34.0,19.8,0,0.18,0,1.0,6.9,7.9,19.0,0,81.0,1.3,0,212.0,209.0,2.6,1.5,346,24,5,12
15.12.2019 01:00:00,8.0,34.0,19.6,0,0.15,0,1.3,3.9,5.2,19.0,0,82.0,0.9,0,198.0,198.0,1.6,1.7,347,1,6,12
15.12.2019 02:00:00,8.0,28.0,19.3,0,0.15,0,0.2,2.5,2.7,13.0,0,84.0,1.4,0,201.0,196.0,1.7,2.1,347,2,6,12
15.12.2019 03:00:00,6.0,28.0,19.4,0,0.14,0,0.3,2.3,2.5,12.0,0,84.0,1.4,0,192.0,201.0,2.3,1.6,347,3,6,12
15.12.2019 04:00:00,10.0,27.0,19.2,0,0.13,0,0.3,2.0,2.3,15.0,0,85.0,1.4,0,205.0,204.0,2.7,2.7,347,4,6,12
15.12.2019 05:00:00,7.0,25.0,19.4,0,0.14,0,0.4,1.6,2.0,11.0,0,85.0,1.3,0,194.0,183.0,2.2,2.2,347,5,6,12
15.12.2019 06:00:00,5.0,36.0,20.2,0,0.14,0,0.2,1.8,2.0,12.0,0,80.0,1.6,0,186.0,195.0,2.2,1.9,347,6,6,12
15.12.2019 07:00:00,8.0,31.0,20.4,0,0.16,0,0.5,4.4,4.9,13.0,0,78.0,1.5,0,187.0,184.0,2.5,2.0,347,7,6,12
15.12.2019 08:00:00,8.0,27.0,20.5,0,0.2,0,1.5,6.8,8.3,14.0,0,78.0,1.7,0,189.0,202.0,1.1,1.4,347,8,6,12
15.12.2019 09:00:00,7.0,34.0,21.9,0,0.17,0,1.9,9.4,11.0,18.0,0,70.0,5.8,0,136.0,113.0,3.3,1.7,347,9,6,12
15.12.2019 10:00:00,7.0,40.0,22.4,0,0.16,0,1.4,5.8,7.2,18.0,0,68.0,2.8,0,108.0,102.0,2.8,3.0,347,10,6,12
15.12.2019 11:00:00,6.0,42.0,23.3,0,0.16,0,1.9,4.4,6.3,13.0,0,63.0,1.5,0,96.0,91.0,3.7,2.3,347,11,6,12
15.12.2019 12:00:00,5.0,43.0,23.5,0,0.16,0,2.0,5.6,7.6,15.0,0,61.0,2.072,0,91.0,85.0,4.1,3.6,347,12,6,12
15.12.2019 13:00:00,6.0,43.0,23.6,0,0.15,0,2.2,5.1,7.3,22.0,0,62.0,3.0,0,78.0,79.0,4.5,4.1,347,13,6,12
15.12.2019 14:00:00,8.0,44.0,23.3,0,0.15,0,1.5,5.1,6.7,22.0,0,65.0,1.1,0,77.0,74.0,4.6,4.1,347,14,6,12
15.12.2019 15:00:00,7.0,44.0,23.1,0,0.15,0,1.5,5.2,6.6,22.0,0,67.0,2.085,0,80.0,58.0,2.5,2.7,347,15,6,12
15.12.2019 16:00:00,5.0,43.0,22.9,0,0.15,0,1.2,4.5,5.7,18.0,0,66.0,2.086,0,101.0,85.0,3.4,2.7,347,16,6,12
15.12.2019 17:00:00,5.0,37.0,22.8,0,0.17,0,1.0,6.5,7.5,15.0,0,64.0,2.085,0,104.0,187.0,0.8,1.8,347,17,6,12
15.12.2019 18:00:00,16.0,13.0,20.8,0,0.32,0,3.6,14.0,17.0,20.0,0,79.0,2.084,0,201.0,207.0,3.0,2.1,347,18,6,12
15.12.2019 19:00:00,12.0,18.0,19.5,0,0.25,0,2.1,8.6,11.0,14.0,0,82.0,2.083,0,202.0,204.0,2.9,2.6,347,19,6,12
15.12.2019 20:00:00,9.0,24.0,19.0,0,0.18,0,0.8,4.5,5.3,11.0,0,81.0,1.5,0,202.0,196.0,3.0,3.3,347,20,6,12
15.12.2019 21:00:00,10.0,21.0,18.5,0,0.17,0,0.8,4.4,5.2,10.0,0,83.0,1.7,0,192.0,184.0,3.4,3.0,347,21,6,12
15.12.2019 22:00:00,7.0,21.0,18.1,0,0.16,0,0.8,3.5,4.3,9.0,0,84.0,1.8,0,196.0,191.0,3.3,3.3,347,22,6,12
15.12.2019 23:00:00,5.0,20.0,17.8,0,0.15,0,0.9,3.4,4.3,7.0,0,85.0,2.0,0,192.0,199.0,3.5,3.1,347,23,6,12
15.12.2019 24:00:00,6.0,22.0,17.8,0,0.14,0,0.6,2.0,2.6,9.0,0,86.0,1.9,0,206.0,208.0,3.8,3.7,347,24,6,12
16.12.2019 01:00:00,8.0,23.0,17.9,0,0.14,0,0.4,1.7,2.1,12.0,0,86.0,1.4,0,208.0,212.0,3.5,3.6,348,1,0,12
16.12.2019 02:00:00,6.0,23.0,17.8,0,0.12,0,0.8,1.8,2.6,7.0,0,86.0,1.1,0,211.0,207.0,4.2,4.1,348,2,0,12
16.12.2019 03:00:00,6.0,23.0,17.8,0,0.12,0,0.6,1.8,2.3,4.0,0,86.0,1.1,0,209.0,210.0,4.6,4.2,348,3,0,12
16.12.2019 04:00:00,4.0,23.0,17.6,0,0.11,0,0.3,1.5,1.8,8.0,0,86.0,1.1,0,206.0,207.0,4.7,4.6,348,4,0,12
16.12.2019 05:00:00,6.0,24.0,17.8,0,0.11,0,0.6,1.5,2.1,10.0,0,85.0,0.9,0,204.0,198.0,3.1,3.8,348,5,0,12
16.12.2019 06:00:00,9.0,22.0,17.7,0,0.12,0,0.5,2.2,2.7,8.0,0,85.0,1.2,0,210.0,216.0,3.9,3.1,348,6,0,12
16.12.2019 07:00:00,9.0,17.0,17.3,0,0.17,0,3.1,6.6,9.7,6.0,0,85.0,0.9,0,207.0,204.0,3.1,3.2,348,7,0,12
16.12.2019 08:00:00,6.0,13.0,17.4,0,0.25,0,8.6,9.4,18.0,10.0,0,86.0,1.2,0,201.0,191.0,1.5,2.7,348,8,0,12
16.12.2019 09:00:00,7.0,16.0,19.6,0,0.27,0,11.0,11.0,21.0,12.0,0,80.0,2.2,0,114.0,47.0,2.0,0.7,348,9,0,12
16.12.2019 10:00:00,8.0,28.0,21.1,0,0.17,0,3.8,7.6,11.0,28.0,0,73.0,4.1,0,50.0,49.0,2.2,1.8,348,10,0,12
16.12.2019 11:00:00,11.0,33.0,21.7,0,0.21,0,3.7,8.8,12.0,26.0,0,73.0,3.1,0,47.0,42.0,1.8,2.2,348,11,0,12
16.12.2019 12:00:00,18.0,34.0,21.8,0,0.27,0,5.5,14.0,19.0,29.0,0,76.0,2.8,0,48.0,51.0,2.6,2.5,348,12,0,12
16.12.2019 13:00:00,17.0,46.0,22.0,0,0.28,0,3.6,12.0,15.0,31.0,0,77.0,2.3,0,43.0,40.0,2.6,2.4,348,13,0,12
16.12.2019 14:00:00,23.0,56.0,22.4,0,0.34,0,2.8,13.0,16.0,42.0,0,77.0,2.075,0,35.0,35.0,1.8,1.8,348,14,0,12
16.12.2019 15:00:00,23.0,67.0,22.1,0,0.32,0,1.7,10.0,12.0,43.0,0,79.0,2.076,0,32.0,18.0,1.5,1.7,348,15,0,12
16.12.2019 16:00:00,25.0,69.0,21.7,0,0.32,0,1.3,12.0,13.0,36.0,0,81.0,1.7,0,27.0,7.9,1.4,1.3,348,16,0,12
16.12.2019 17:00:00,24.0,57.0,21.5,0,0.33,0,0.7,15.0,16.0,34.0,0,82.0,2.075,0,92.0,197.0,2.0,0.1,348,17,0,12
16.12.2019 18:00:00,18.0,23.0,20.9,0,0.34,0,1.8,17.0,19.0,25.0,0,83.0,2.075,0,209.0,210.0,3.7,2.6,348,18,0,12
16.12.2019 19:00:00,19.0,19.0,20.3,0,0.29,0,1.7,12.0,14.0,20.0,0,83.0,2.074,0,208.0,219.0,3.1,2.4,348,19,0,12
16.12.2019 20:00:00,10.0,20.0,19.7,0,0.24,0,1.6,9.8,11.0,17.0,0,84.0,0.9,0,211.0,215.0,3.2,3.4,348,20,0,12
16.12.2019 21:00:00,6.0,22.0,19.3,0,0.19,0,1.0,7.8,8.8,12.0,0,83.0,0.7,0,219.0,221.0,2.9,3.4,348,21,0,12
16.12.2019 22:00:00,8.0,27.0,19.8,0,0.17,0,0.6,4.9,5.5,9.0,0,79.0,0.9,0,216.0,221.0,3.1,4.0,348,22,0,12
16.12.2019 23:00:00,9.0,22.0,19.5,0,0.17,0,0.6,6.5,7.2,10.0,0,80.0,0.9,0,207.0,213.0,3.7,2.9,348,23,0,12
16.12.2019 24:00:00,7.0,25.0,19.2,0,0.18,0,0.7,5.2,5.9,9.0,0,81.0,0.8,0,221.0,228.0,3.2,3.0,348,24,0,12
17.12.2019 01:00:00,7.0,29.0,19.4,0,0.16,0,0.5,3.5,4.0,15.0,0,79.0,1.5,0,217.0,216.0,5.5,4.7,349,1,1,12
17.12.2019 02:00:00,10.0,34.0,20.2,0,0.17,0,0.0,1.8,1.9,11.0,0,77.0,2.5,0,216.0,215.0,5.3,5.3,349,2,1,12
17.12.2019 03:00:00,12.0,33.0,20.0,0,0.2,0,0.3,2.5,2.7,14.0,0,79.0,2.7,0,223.0,220.0,2.0,2.5,349,3,1,12
17.12.2019 04:00:00,11.0,35.0,19.7,0,0.23,0,0.4,3.0,3.4,17.0,0,79.0,2.5,0,208.0,196.0,1.5,1.4,349,4,1,12
17.12.2019 05:00:00,14.0,28.0,18.6,0,0.26,0,0.1,4.1,4.2,13.0,0,84.0,2.3,0,202.0,200.0,3.0,2.8,349,5,1,12
17.12.2019 06:00:00,15.0,24.0,18.3,0,0.27,0,0.0,4.7,4.7,13.0,0,85.0,2.4,0,203.0,212.0,2.6,2.4,349,6,1,12
17.12.2019 07:00:00,15.0,17.0,18.2,0,0.36,0,3.0,11.0,14.0,19.0,0,86.0,3.2,0,204.0,208.0,2.8,2.6,349,7,1,12
17.12.2019 08:00:00,15.0,16.0,18.6,0,0.4,0,6.8,12.0,18.0,20.0,0,85.0,3.8,0,203.0,196.0,1.6,2.2,349,8,1,12
17.12.2019 09:00:00,13.0,18.0,20.7,0,0.44,0,11.0,15.0,26.0,16.0,0,79.0,3.9,0,135.0,47.0,1.6,0.4,349,9,1,12
17.12.2019 10:00:00,18.0,25.0,21.6,0,0.0,0,1.426,9.244,11.881,35.0,0,79.0,2.099,0,41.0,37.0,2.0,1.8,349,10,1,12
17.12.2019 11:00:00,16.0,25.0,21.9,0,0.39,0,14.0,23.0,37.0,34.0,0,79.0,4.0,0,45.0,89.0,0.7,1.4,349,11,1,12
17.12.2019 12:00:00,19.0,31.347,22.8,0,0.37,0,7.5,16.0,24.0,36.0,0,76.0,4.4,0,33.0,39.0,2.3,2.2,349,12,1,12
17.12.2019 13:00:00,10.653,38.0,24.3,0,0.0,0,1.608,9.438,12.262,20.278,8.008,66.0,2.124,0,28.0,51.0,2.2,1.8,349,13,1,12
17.12.2019 14:00:00,24.0,49.0,24.3,0,0.42,0,5.0,26.0,31.0,35.0,0,65.0,4.1,0,52.0,53.0,1.6,1.8,349,14,1,12
17.12.2019 15:00:00,17.0,52.0,24.1,0,0.37,0,3.3,26.0,29.0,30.0,0,65.0,2.9,0,54.0,62.0,2.2,2.0,349,15,1,12
17.12.2019 16:00:00,10.858,48.0,24.0,0,0.39,0,2.5,28.0,30.0,24.0,0,66.0,3.4,0,69.0,122.0,1.0,1.2,349,16,1,12
17.12.2019 17:00:00,23.0,33.0,23.8,0,0.47,0,2.7,36.0,39.0,19.438,0,69.0,4.0,0,352.0,169.0,0.7,0.5,349,17,1,12
17.12.2019 18:00:00,27.0,15.0,23.4,0,0.51,0,3.1,29.0,33.0,31.0,0,76.0,1.9,0,208.0,215.0,2.3,1.9,349,18,1,12
17.12.2019 19:00:00,21.0,22.0,22.9,0,0.37,0,1.6,17.0,19.0,28.0,0,76.0,2.2,0,215.0,213.0,2.7,2.6,349,19,1,12
17.12.2019 20:00:00,15.0,17.0,22.6,0,0.31,0,1.7,13.0,15.0,19.0,0,77.0,1.8,0,216.0,221.0,2.0,2.2,349,20,1,12
17.12.2019 21:00:00,11.0,15.0,21.9,0,0.24,0,1.9,10.0,12.0,16.0,0,78.0,1.2,0,218.0,215.0,3.7,3.3,349,21,1,12
17.12.2019 22:00:00,11.0,13.0,21.6,0,0.23,0,1.5,9.5,11.0,12.0,0,78.0,1.0,0,214.0,216.0,3.4,3.4,349,22,1,12
17.12.2019 23:00:00,9.0,12.0,21.9,0,0.25,0,1.6,10.0,12.0,19.0,0,78.0,1.1,0,214.0,222.0,2.5,2.6,349,23,1,12
17.12.2019 24:00:00,12.0,14.0,22.2,0,0.26,0,1.1,10.0,11.0,17.0,0,78.0,1.2,0,218.0,241.0,2.8,3.7,349,24,1,12
18.12.2019 01:00:00,12.0,15.0,21.5,0,0.21,0,0.8,7.0,7.8,13.0,0,79.0,1.0,0,220.0,222.0,3.2,3.2,350,1,2,12
18.12.2019 02:00:00,9.0,16.0,21.1,0,0.13,0,1.3,3.9,5.2,8.0,0,80.0,2.1,0,222.0,218.0,2.5,2.8,350,2,2,12
18.12.2019 03:00:00,12.0,20.0,22.0,0,0.2,0,1.2,11.0,12.0,19.0,0,79.0,3.0,0,321.0,358.0,4.1,2.6,350,3,2,12
18.12.2019 04:00:00,16.0,41.0,21.9,0,0.15,0,1.1,3.4,4.5,26.0,0,84.0,2.7,0,344.0,14.0,1.5,1.6,350,4,2,12
18.12.2019 05:00:00,17.0,35.0,21.7,0,0.14,0,1.2,3.2,4.4,26.0,0,85.0,2.6,0,303.0,306.0,1.7,0.9,350,5,2,12
18.12.2019 06:00:00,27.0,35.0,21.6,0,0.17,0,1.1,4.3,5.4,39.0,0,85.0,2.6,0,32.0,22.0,2.7,2.3,350,6,2,12
18.12.2019 07:00:00,36.0,41.0,21.3,0,0.31,0,1.4,7.8,9.2,70.0,0,85.0,2.3,0,40.0,10.0,1.8,2.8,350,7,2,12
18.12.2019 08:00:00,28.0,39.0,21.0,0,0.39,0,1.6,7.7,9.2,62.0,0,86.0,1.9,0,32.0,26.0,3.7,3.4,350,8,2,12
18.12.2019 09:00:00,26.0,40.0,20.9,0,0.38,0,1.7,5.2,6.9,61.0,0.2,86.0,2.1,0,24.0,27.0,4.2,4.5,350,9,2,12
18.12.2019 10:00:00,24.0,35.0,21.1,0,0.38,0,1.6,6.9,8.5,58.0,0.6,87.0,2.1,0,29.0,27.0,3.4,3.0,350,10,2,12
18.12.2019 11:00:00,19.0,33.0,20.9,0,0.38,0,2.0,6.6,8.6,51.0,1.0,88.0,2.1,0,23.0,24.0,3.5,3.8,350,11,2,12
18.12.2019 12:00:00,17.0,35.0,20.7,0,0.38,0,1.8,6.0,7.8,52.0,1.6,89.0,2.0,0,22.0,19.0,3.5,3.3,350,12,2,12
18.12.2019 13:00:00,14.0,37.0,20.4,0,0.39,0,1.4,5.5,6.9,48.0,1.0,90.0,2.1,0,19.0,23.0,4.4,3.4,350,13,2,12
18.12.2019 14:00:00,12.0,38.0,20.3,0,0.41,0,1.4,5.2,6.5,34.0,1.4,90.0,2.1,0,21.0,19.0,4.9,4.6,350,14,2,12
18.12.2019 15:00:00,14.0,42.0,19.9,0,0.41,0,1.3,4.2,5.5,23.0,1.4,91.0,2.0,0,21.0,20.0,6.4,6.0,350,15,2,12
18.12.2019 16:00:00,14.0,44.0,19.8,0,0.43,0,1.2,4.1,5.3,19.0,1.4,92.0,2.2,0,22.0,22.0,7.0,6.7,350,16,2,12
18.12.2019 17:00:00,14.0,44.0,19.7,0,0.45,0,1.3,4.5,5.8,22.0,1.0,92.0,2.5,0,22.0,23.0,7.4,6.6,350,17,2,12
18.12.2019 18:00:00,13.0,44.0,19.6,0,0.47,0,1.2,4.0,5.2,21.0,0.8,92.0,2.4,0,22.0,20.0,7.7,7.4,350,18,2,12
18.12.2019 19:00:00,10.0,43.0,19.6,0,0.48,0,1.2,3.4,4.6,20.0,0.6,92.0,2.5,0,21.0,21.0,6.4,6.6,350,19,2,12
18.12.2019 20:00:00,8.0,38.0,19.7,0,0.5,0,1.2,3.5,4.6,20.0,0.4,92.0,2.4,0,21.0,18.0,6.0,6.8,350,20,2,12
18.12.2019 21:00:00,10.0,38.0,19.7,0,0.58,0,1.2,3.4,4.6,19.0,0.4,92.0,2.2,0,22.0,17.0,6.0,6.8,350,21,2,12
18.12.2019 22:00:00,9.0,38.0,19.7,0,0.58,0,1.0,3.2,4.2,21.0,1.0,92.0,2.4,0,19.0,19.0,6.8,5.7,350,22,2,12
18.12.2019 23:00:00,7.0,39.0,19.8,0,0.57,0,1.2,2.8,3.9,19.0,0.8,92.0,2.3,0,22.0,23.0,7.1,7.4,350,23,2,12
18.12.2019 24:00:00,6.0,40.0,19.9,0,0.53,0,1.1,2.6,3.6,21.0,0.6,93.0,2.3,0,21.0,21.0,6.7,5.4,350,24,2,12
19.12.2019 01:00:00,11.0,41.0,19.7,0,0.49,0,1.2,2.6,3.8,20.0,0.8,93.0,2.0,0,21.0,22.0,5.4,5.9,351,1,3,12
19.12.2019 02:00:00,8.0,42.0,19.8,0,0.46,0,0.4,0.6,1.0,20.0,0.4,93.0,2.1,0,23.0,22.0,5.1,5.2,351,2,3,12
19.12.2019 03:00:00,7.0,42.0,19.8,0,0.43,0,0.4,1.4,1.8,22.0,1.2,93.0,2.1,0,24.0,21.0,4.8,4.0,351,3,3,12
19.12.2019 04:00:00,10.0,43.0,19.8,0,0.38,0,0.3,1.4,1.6,15.0,1.2,93.0,2.3,0,40.0,42.0,4.8,3.8,351,4,3,12
19.12.2019 05:00:00,8.0,44.0,19.7,0,0.35,0,0.4,0.8,1.2,15.0,0.2,93.0,2.1,0,42.0,43.0,3.3,3.8,351,5,3,12
19.12.2019 06:00:00,7.0,44.0,19.9,0,0.33,0,0.5,1.3,1.8,24.0,0,92.0,2.0,0,38.0,34.0,2.6,3.0,351,6,3,12
19.12.2019 07:00:00,14.0,43.0,20.2,0,0.32,0,0.5,2.6,3.1,34.0,0,90.0,2.2,0,42.0,42.0,3.4,3.2,351,7,3,12
19.12.2019 08:00:00,12.0,42.0,20.4,0,0.32,0,0.7,3.3,4.0,23.0,0.2,90.0,2.3,0,28.0,24.0,4.7,3.7,351,8,3,12
19.12.2019 09:00:00,9.0,44.0,20.1,0,0.28,0,0.5,1.6,2.1,9.0,0.8,92.0,2.0,0,20.0,22.0,7.1,6.5,351,9,3,12
19.12.2019 10:00:00,5.0,44.0,19.7,0,0.27,0,0.6,1.8,2.4,11.0,0.4,93.0,2.2,0,21.0,21.0,8.7,7.9,351,10,3,12
19.12.2019 11:00:00,5.0,45.0,19.5,0,0.25,0,0.6,1.7,2.4,17.0,0,92.0,2.3,0,22.0,22.0,7.4,7.5,351,11,3,12
19.12.2019 12:00:00,2.0,45.0,19.4,0,0.25,0,0.9,1.7,2.6,14.0,0.2,92.0,2.1,0,22.0,25.0,5.5,6.1,351,12,3,12
19.12.2019 13:00:00,3.0,45.0,19.4,0,0.24,0,0.9,2.4,3.2,19.0,0.6,92.0,2.2,0,23.0,20.0,7.7,5.8,351,13,3,12
19.12.2019 14:00:00,4.0,46.0,19.0,0,0.23,0,0.3,1.1,1.5,13.0,0.4,92.0,2.1,0,20.0,19.0,5.8,6.7,351,14,3,12
19.12.2019 15:00:00,5.0,45.0,19.0,0,0.22,0,0.5,1.2,1.7,21.0,0.2,92.0,2.1,0,20.0,20.0,5.7,5.7,351,15,3,12
19.12.2019 16:00:00,7.0,44.0,18.9,0,0.2,0,0.3,1.9,2.2,17.0,0.8,91.0,2.3,0,20.0,15.0,5.2,5.5,351,16,3,12
19.12.2019 17:00:00,5.0,44.0,18.7,0,0.2,0,0.4,1.7,2.0,22.0,1.0,92.0,2.0,0,20.0,17.0,5.9,5.3,351,17,3,12
19.12.2019 18:00:00,2.0,44.0,18.5,0,0.18,0,0.5,0.9,1.4,11.0,0.6,92.0,2.0,0,21.0,20.0,7.8,7.1,351,18,3,12
19.12.2019 19:00:00,1.0,43.0,18.3,0,0.16,0,0.5,0.8,1.3,17.0,1.0,91.0,2.2,0,22.0,23.0,9.4,7.8,351,19,3,12
19.12.2019 20:00:00,2.0,43.0,18.0,0,0.16,0,0.3,0.7,0.9,17.0,1.0,92.0,2.1,0,22.0,23.0,10.0,8.9,351,20,3,12
19.12.2019 21:00:00,3.0,43.0,17.8,0,0.16,0,0.4,0.5,1.0,30.0,0.8,90.0,2.0,0,23.0,32.0,6.6,7.6,351,21,3,12
19.12.2019 22:00:00,3.0,42.0,17.9,0,0.17,0,0.5,0.9,1.4,35.0,0.8,90.0,2.0,0,26.0,32.0,5.9,6.4,351,22,3,12
19.12.2019 23:00:00,4.0,41.0,18.0,0,0.17,0,0.5,0.9,1.4,47.0,0.4,89.0,2.2,0,32.0,27.0,5.1,5.2,351,23,3,12
19.12.2019 24:00:00,5.0,42.0,18.0,0,0.18,0,0.3,0.8,1.1,34.0,0.6,89.0,2.0,0,30.0,25.0,7.2,6.3,351,24,3,12
20.12.2019 01:00:00,4.0,41.0,17.8,0,0.18,0,0.1,1.1,1.2,29.0,1.2,90.0,2.0,0,23.0,21.0,10.0,8.7,352,1,4,12
20.12.2019 02:00:00,4.0,42.0,17.6,0,0.16,0,-0.1,0.9,0.7,30.0,1.0,90.0,2.3,0,22.0,21.0,9.4,8.3,352,2,4,12
20.12.2019 03:00:00,5.0,42.0,17.6,0,0.16,0,0.0,1.1,1.1,27.0,1.0,91.0,2.4,0,23.0,22.0,8.2,8.0,352,3,4,12
20.12.2019 04:00:00,3.0,41.0,17.6,0,0.15,0,0.1,0.8,0.9,31.0,0.6,91.0,2.6,0,22.0,22.0,8.5,8.0,352,4,4,12
20.12.2019 05:00:00,5.0,42.0,17.9,0,0.16,0,-0.1,0.9,0.8,35.0,0.6,89.0,2.4,0,25.0,23.0,8.0,7.0,352,5,4,12
20.12.2019 06:00:00,5.0,41.0,18.0,0,0.16,0,0.0,0.9,0.9,38.0,0.2,89.0,2.5,0,28.0,38.0,6.6,6.4,352,6,4,12
20.12.2019 07:00:00,5.0,39.0,18.2,0,0.17,0,0.4,2.0,2.3,34.0,2.0,89.0,2.4,0,41.0,46.0,7.0,5.5,352,7,4,12
20.12.2019 08:00:00,4.0,40.0,18.6,0,0.18,0,0.3,2.0,2.3,30.0,0.2,87.0,2.4,0,45.0,45.0,7.3,7.0,352,8,4,12
20.12.2019 09:00:00,4.0,39.0,18.8,0,0.18,0,0.2,3.0,3.2,28.0,0.6,85.0,2.6,0,48.0,48.0,7.5,7.6,352,9,4,12
20.12.2019 10:00:00,1.0,41.0,18.6,0,0.18,0,0.5,1.4,1.9,32.0,1.6,87.0,2.3,0,48.0,50.0,7.7,6.8,352,10,4,12
20.12.2019 11:00:00,2.0,41.0,18.7,0,0.18,0,0.5,2.1,2.5,29.0,0.6,87.0,2.3,0,55.0,73.0,3.9,5.6,352,11,4,12
20.12.2019 12:00:00,3.0,39.0,19.2,0,0.19,0,1.0,4.4,5.4,26.0,0,86.0,2.6,0,66.0,65.0,3.9,3.7,352,12,4,12
20.12.2019 13:00:00,6.0,43.0,19.7,0,0.2,0,0.3,1.5,1.8,36.0,0,83.0,2.7,0,53.0,49.0,7.5,6.2,352,13,4,12
20.12.2019 14:00:00,6.0,45.0,19.9,0,0.21,0,0.1,2.0,2.1,38.0,0,83.0,2.5,0,52.0,54.0,4.3,5.8,352,14,4,12
20.12.2019 15:00:00,6.0,44.0,19.8,0,0.21,0,0.3,2.2,2.5,34.0,0.2,85.0,2.5,0,54.0,54.0,2.9,4.1,352,15,4,12
20.12.2019 16:00:00,6.0,34.0,19.6,0,0.27,0,1.7,10.0,12.0,42.0,0.2,88.0,2.5,0,31.0,3.1,0.6,1.0,352,16,4,12
20.12.2019 17:00:00,9.0,33.0,19.4,0,0.28,0,1.3,11.0,13.0,17.0,0.2,90.0,2.7,0,2.5,355.0,2.5,0.6,352,17,4,12
20.12.2019 18:00:00,8.0,39.0,19.5,0,0.22,0,0.8,5.1,5.9,16.0,2.0,91.0,2.7,0,31.0,50.0,4.9,3.1,352,18,4,12
20.12.2019 19:00:00,6.0,41.0,19.4,0,0.2,0,-0.1,3.5,3.4,25.0,0.2,91.0,2.6,0,24.0,353.0,2.3,2.8,352,19,4,12
20.12.2019 20:00:00,6.0,42.0,19.7,0,0.19,0,0.4,2.5,2.9,21.0,1.8,92.0,2.7,0,20.0,14.0,4.9,4.2,352,20,4,12
20.12.2019 21:00:00,5.0,44.0,19.6,0,0.19,0,0.2,1.2,1.5,17.0,2.2,92.0,2.6,0,19.0,19.0,6.0,5.9,352,21,4,12
20.12.2019 22:00:00,4.0,42.0,19.5,0,0.19,0,0.2,1.9,2.0,15.0,6.8,92.0,2.7,0,11.0,16.0,5.2,4.2,352,22,4,12
20.12.2019 23:00:00,6.0,43.0,19.5,0,0.17,0,0.1,2.4,2.5,22.0,7.8,92.0,2.7,0,13.0,11.0,4.7,4.9,352,23,4,12
20.12.2019 24:00:00,4.0,44.0,19.5,0,0.16,0,-0.2,1.4,1.2,27.0,2.8,92.0,2.6,0,15.0,21.0,6.9,4.5,352,24,4,12
21.12.2019 01:00:00,5.0,45.0,19.4,0,0.15,0,0.2,1.2,1.3,29.0,0.6,92.0,2.1,0,5.0,345.0,4.9,4.4,353,1,5,12
21.12.2019 02:00:00,5.0,44.0,19.4,0,0.15,0,0.5,0.8,1.4,11.0,3.6,92.0,3.3,0,348.0,6.7,3.2,3.1,353,2,5,12
21.12.2019 03:00:00,4.0,45.0,19.6,0,0.15,0,0.0,1.4,1.4,23.0,0.6,92.0,3.2,0,11.0,20.0,5.4,3.7,353,3,5,12
21.12.2019 04:00:00,7.0,44.0,20.2,0,0.16,0,0.1,1.4,1.6,43.0,0,92.0,3.4,0,21.0,24.0,5.0,4.4,353,4,5,12
21.12.2019 05:00:00,6.0,44.0,20.3,0,0.15,0,0.0,1.2,1.2,23.0,0.6,92.0,3.2,0,19.0,22.0,6.3,4.8,353,5,5,12
21.12.2019 06:00:00,4.0,43.0,20.3,0,0.15,0,0.1,1.4,1.5,15.0,1.0,93.0,3.1,0,12.0,354.0,2.5,3.3,353,6,5,12
21.12.2019 07:00:00,3.0,39.0,20.4,0,0.18,0,0.3,4.9,5.2,9.0,0.8,93.0,3.2,0,343.0,345.0,1.2,0.8,353,7,5,12
21.12.2019 08:00:00,4.0,26.0,20.6,0,0.3,0,1.3,15.0,16.0,7.0,0.4,92.0,3.5,0,221.0,238.0,0.4,0.4,353,8,5,12
21.12.2019 09:00:00,4.0,28.0,20.9,0,0.29,0,2.0,13.0,15.0,14.0,0.2,92.0,3.3,0,289.0,305.0,1.6,0.5,353,9,5,12
21.12.2019 10:00:00,5.0,32.0,21.4,0,0.22,0,2.2,10.0,13.0,20.0,0.4,91.0,3.3,0,321.0,312.0,1.2,1.0,353,10,5,12
21.12.2019 11:00:00,5.0,31.0,21.8,0,0.23,0,2.6,9.9,13.0,6.0,0.4,90.0,3.2,0,339.0,333.0,2.2,0.8,353,11,5,12
21.12.2019 12:00:00,16.0,37.0,22.1,0,0.19,0,1.3,5.7,7.0,67.0,0,89.0,3.1,0,2.0,5.7,2.5,1.5,353,12,5,12
21.12.2019 13:00:00,13.0,41.0,21.8,0,0.17,0,1.1,4.2,5.3,44.0,0.4,90.0,3.2,0,346.0,340.0,2.1,2.5,353,13,5,12
21.12.2019 14:00:00,11.0,41.0,21.7,0,0.18,0,1.1,4.8,5.9,46.0,0,89.0,3.0,0,343.0,354.0,2.7,2.2,353,14,5,12
21.12.2019 15:00:00,11.0,41.0,21.4,0,0.18,0,0.6,5.0,5.6,52.0,0,89.0,3.1,0,346.0,350.0,3.7,2.7,353,15,5,12
21.12.2019 16:00:00,8.0,36.0,20.6,0,0.21,0,0.8,6.2,7.0,31.0,0,90.0,3.0,0,336.0,328.0,4.2,3.6,353,16,5,12
21.12.2019 17:00:00,6.0,37.0,20.4,0,0.21,0,0.7,5.3,6.0,11.0,0.2,89.0,3.3,0,324.0,326.0,3.4,3.3,353,17,5,12
21.12.2019 18:00:00,5.0,37.0,20.5,0,0.21,0,0.5,6.4,6.9,10.0,0.2,89.0,3.4,0,328.0,340.0,1.8,2.0,353,18,5,12
21.12.2019 19:00:00,7.0,41.0,20.4,0,0.2,0,0.6,5.3,5.9,32.0,0.2,90.0,3.3,0,346.0,347.0,1.5,1.7,353,19,5,12
21.12.2019 20:00:00,8.0,39.0,20.3,0,0.2,0,0.5,5.7,6.2,18.0,0.2,91.0,3.3,0,324.0,333.0,1.8,1.4,353,20,5,12
21.12.2019 21:00:00,8.0,35.0,20.3,0,0.21,0,1.3,8.0,9.3,11.0,0.2,90.0,3.4,0,320.0,313.0,1.0,1.1,353,21,5,12
21.12.2019 22:00:00,8.0,32.0,20.2,0,0.23,0,0.9,6.6,7.5,11.0,0,90.0,3.6,0,263.0,199.0,0.5,0.5,353,22,5,12
21.12.2019 23:00:00,9.0,28.0,20.1,0,0.23,0,0.7,8.3,9.0,15.0,0,91.0,3.1,0,286.0,181.0,0.9,0.5,353,23,5,12
21.12.2019 24:00:00,8.0,28.0,20.0,0,0.21,0,0.2,4.5,4.7,12.0,0,91.0,3.4,0,228.0,219.0,0.5,0.9,353,24,5,12
22.12.2019 01:00:00,7.0,23.0,19.8,0,0.21,0,0.1,4.2,4.3,13.0,0,91.0,4.0,0,214.0,211.0,1.8,1.2,354,1,6,12
22.12.2019 02:00:00,6.0,18.0,19.5,0,0.19,0,0.5,2.1,2.6,11.0,0,91.0,1.2,0,214.0,216.0,1.7,1.9,354,2,6,12
22.12.2019 03:00:00,5.0,16.0,19.5,0,0.2,0,0.3,2.3,2.6,14.0,0,91.0,1.3,0,210.0,237.0,0.6,0.8,354,3,6,12
22.12.2019 04:00:00,5.0,15.0,19.4,0,0.22,0,0.2,2.9,3.1,10.0,0.4,91.0,1.6,0,209.0,197.0,1.5,1.8,354,4,6,12
22.12.2019 05:00:00,7.0,16.0,19.3,0,0.24,0,0.2,3.5,3.7,13.0,0,91.0,1.8,0,205.0,215.0,1.2,1.1,354,5,6,12
22.12.2019 06:00:00,7.0,12.0,19.1,0,0.26,0,0.5,4.3,4.8,9.0,0,92.0,1.6,0,205.0,199.0,1.8,1.1,354,6,6,12
22.12.2019 07:00:00,7.0,12.0,18.9,0,0.27,0,1.5,4.9,6.4,10.0,0,92.0,1.9,0,211.0,215.0,2.2,2.1,354,7,6,12
22.12.2019 08:00:00,8.0,20.0,19.5,0,0.25,0,1.6,5.4,7.0,10.0,0,90.0,1.9,0,245.0,358.0,2.5,2.2,354,8,6,12
22.12.2019 09:00:00,12.0,27.0,20.6,0,0.26,0,2.7,8.5,11.0,53.0,0,88.0,2.3,0,66.0,112.0,1.5,1.0,354,9,6,12
22.12.2019 10:00:00,13.0,29.0,21.2,0,0.24,0,2.4,5.9,8.3,64.0,0,85.0,2.157,0,3.1,18.0,3.9,2.2,354,10,6,12
22.12.2019 11:00:00,17.0,32.0,20.9,0,0.24,0,1.6,6.3,7.9,70.0,0,86.0,2.0,0,9.3,13.0,2.3,3.3,354,11,6,12
22.12.2019 12:00:00,15.0,31.0,20.7,0,0.25,0,1.6,7.1,8.7,79.0,0,86.0,1.6,0,11.0,345.0,2.9,2.4,354,12,6,12
22.12.2019 13:00:00,14.0,36.0,20.4,0,0.23,0,0.9,4.6,5.5,46.0,0,86.0,1.5,0,357.0,358.0,3.7,3.4,354,13,6,12
22.12.2019 14:00:00,12.0,36.0,19.8,0,0.22,0,1.0,5.7,6.7,32.0,0.2,88.0,1.4,0,3.4,354.0,4.4,3.5,354,14,6,12
22.12.2019 15:00:00,11.0,42.0,19.5,0,0.21,0,0.8,5.2,6.0,38.0,0.8,88.0,1.7,0,359.0,11.0,3.8,2.9,354,15,6,12
22.12.2019 16:00:00,11.0,42.0,19.3,0,0.22,0,0.6,5.0,5.6,32.0,0.6,88.0,1.6,0,13.0,0.3,3.9,3.7,354,16,6,12
22.12.2019 17:00:00,8.0,42.0,19.3,0,0.22,0,0.6,5.3,6.0,32.0,0,84.0,1.5,0,3.4,5.6,3.8,3.3,354,17,6,12
22.12.2019 18:00:00,10.0,40.0,19.4,0,0.24,0,0.8,5.5,6.3,40.0,0,82.0,1.7,0,15.0,21.0,7.3,4.3,354,18,6,12
22.12.2019 19:00:00,8.0,35.0,19.0,0,0.28,0,0.3,5.0,5.3,32.0,0,80.0,1.6,0,21.0,21.0,6.4,6.7,354,19,6,12
22.12.2019 20:00:00,7.0,37.0,18.9,0,0.28,0,0.2,4.6,4.8,40.0,0,76.0,1.7,0,23.0,23.0,5.5,5.6,354,20,6,12
22.12.2019 21:00:00,6.0,34.0,18.9,0,0.28,0,0.6,5.2,5.8,55.0,0,75.0,1.8,0,26.0,28.0,4.7,5.3,354,21,6,12
22.12.2019 22:00:00,8.0,34.0,19.1,0,0.27,0,0.4,5.0,5.4,65.0,0,76.0,1.8,0,29.0,47.0,4.5,4.6,354,22,6,12
22.12.2019 23:00:00,8.0,35.0,19.3,0,0.27,0,0.6,4.4,4.9,58.0,0,76.0,1.4,0,47.0,49.0,5.5,5.0,354,23,6,12
22.12.2019 24:00:00,9.0,34.0,19.3,0,0.26,0,0.4,4.6,5.0,51.0,0,76.0,1.5,0,50.0,48.0,5.9,6.0,354,24,6,12
23.12.2019 01:00:00,9.0,38.0,19.4,0,0.26,0,0.4,3.6,4.0,67.0,0,76.0,0.8,0,44.0,39.0,3.2,4.1,355,1,0,12
23.12.2019 02:00:00,10.0,40.0,19.5,0,0.25,0,0.4,1.1,1.4,98.0,0,76.0,1.9,0,44.0,46.0,3.1,2.8,355,2,0,12
23.12.2019 03:00:00,9.0,41.0,19.5,0,0.22,0,0.2,0.8,1.0,65.0,0,80.0,1.7,0,31.0,29.0,4.0,4.6,355,3,0,12
23.12.2019 04:00:00,15.0,41.0,19.4,0,0.23,0,0.3,0.6,0.9,83.0,0,80.0,1.8,0,20.0,14.0,3.3,4.0,355,4,0,12
23.12.2019 05:00:00,13.0,40.0,19.7,0,0.23,0,0.5,1.0,1.5,73.0,0,79.0,1.8,0,23.0,31.0,3.5,3.7,355,5,0,12
23.12.2019 06:00:00,11.0,42.0,19.8,0,0.23,0,0.1,1.1,1.2,58.0,0,79.0,1.6,0,41.0,45.0,4.1,3.6,355,6,0,12
23.12.2019 07:00:00,10.0,40.0,19.8,0,0.23,0,0.2,1.9,2.1,32.0,0,79.0,1.7,0,49.0,55.0,4.0,4.7,355,7,0,12
23.12.2019 08:00:00,12.0,38.0,19.6,0,0.25,0,0.9,3.3,4.2,32.0,0,80.0,1.7,0,46.0,30.0,3.2,3.4,355,8,0,12
23.12.2019 09:00:00,10.0,40.0,19.6,0,0.25,0,1.0,3.1,4.0,36.0,0,80.0,1.9,0,25.0,24.0,3.8,3.6,355,9,0,12
23.12.2019 10:00:00,8.0,41.0,19.7,0,0.23,0,0.8,3.1,3.8,34.0,0,79.0,1.7,0,21.0,22.0,5.7,5.0,355,10,0,12
23.12.2019 11:00:00,8.0,38.0,19.9,0,0.24,0,1.4,6.9,8.3,44.0,0,79.0,1.9,0,20.0,22.0,2.5,3.1,355,11,0,12
23.12.2019 12:00:00,9.0,41.0,20.2,0,0.24,0,1.2,5.2,6.4,61.0,0,79.0,1.6,0,17.0,12.0,2.3,2.3,355,12,0,12
23.12.2019 13:00:00,10.0,44.0,20.4,0,0.23,0,0.8,4.0,4.7,66.0,0,78.0,1.5,0,17.0,20.0,2.9,2.5,355,13,0,12
23.12.2019 14:00:00,12.0,44.0,20.5,0,0.23,0,1.0,4.6,5.6,96.0,0,78.0,1.6,0,11.0,0.4,2.3,2.0,355,14,0,12
23.12.2019 15:00:00,15.0,43.0,20.4,0,0.23,0,0.8,4.5,5.3,102.0,0,78.0,1.5,0,12.0,18.0,1.9,2.2,355,15,0,12
23.12.2019 16:00:00,11.0,39.0,20.4,0,0.26,0,1.2,6.9,8.1,93.0,0,80.0,1.7,0,8.5,19.0,2.4,2.1,355,16,0,12
23.12.2019 17:00:00,13.0,33.0,20.3,0,0.29,0,1.3,12.0,13.0,77.0,0,83.0,1.5,0,359.0,360.0,1.7,1.6,355,17,0,12
23.12.2019 18:00:00,10.0,28.0,20.0,0,0.31,0,1.2,11.0,12.0,38.0,0,85.0,1.8,0,227.0,219.0,1.7,0.6,355,18,0,12
23.12.2019 19:00:00,9.0,17.0,19.6,0,0.32,0,1.6,8.1,9.7,21.0,0,87.0,1.7,0,210.0,208.0,2.2,2.0,355,19,0,12
23.12.2019 20:00:00,7.0,17.0,19.3,0,0.27,0,1.2,5.2,6.4,18.0,0,88.0,1.6,0,209.0,208.0,2.3,2.4,355,20,0,12
23.12.2019 21:00:00,5.0,19.0,19.4,0,0.24,0,1.0,3.6,4.5,13.0,0,88.0,1.7,0,212.0,215.0,2.3,2.6,355,21,0,12
23.12.2019 22:00:00,7.0,20.0,19.2,0,0.24,0,1.0,3.6,4.6,10.0,0,88.0,2.1,0,213.0,209.0,1.5,2.2,355,22,0,12
23.12.2019 23:00:00,6.0,17.0,19.0,0,0.23,0,1.3,4.3,5.7,8.0,0,89.0,2.3,0,208.0,207.0,3.0,2.7,355,23,0,12
23.12.2019 24:00:00,4.0,19.0,18.8,0,0.21,0,0.9,3.1,3.9,7.0,0,89.0,2.4,0,211.0,209.0,3.1,3.1,355,24,0,12
24.12.2019 01:00:00,4.0,22.0,18.7,0,0.2,0,0.4,1.0,1.4,13.0,0,89.0,1.8,0,211.0,210.0,3.7,3.1,356,1,1,12
24.12.2019 02:00:00,4.0,22.0,18.4,0,0.19,0,0.0,1.1,1.1,12.0,0,89.0,1.2,0,215.0,217.0,2.9,3.0,356,2,1,12
24.12.2019 03:00:00,2.0,21.0,18.2,0,0.18,0,0.1,0.8,0.9,6.0,0,89.0,1.1,0,215.0,222.0,2.9,3.2,356,3,1,12
24.12.2019 04:00:00,2.0,20.0,18.1,0,0.19,0,0.0,1.4,1.4,4.0,0,88.0,1.8,0,217.0,214.0,3.0,3.0,356,4,1,12
24.12.2019 05:00:00,4.0,20.0,18.0,0,0.22,0,0.2,3.1,3.4,5.0,0,88.0,1.8,0,217.0,211.0,3.3,2.7,356,5,1,12
24.12.2019 06:00:00,5.0,15.0,17.7,0,0.22,0,0.6,2.8,3.4,9.0,0,88.0,1.6,0,212.0,211.0,3.5,3.0,356,6,1,12
24.12.2019 07:00:00,7.0,14.0,17.5,0,0.25,0,1.6,4.5,6.1,10.0,0,89.0,1.7,0,216.0,216.0,4.2,3.7,356,7,1,12
24.12.2019 08:00:00,11.0,12.0,18.1,0,0.37,0,4.8,8.6,13.0,16.0,0,88.0,2.5,0,213.0,212.0,3.1,3.5,356,8,1,12
24.12.2019 09:00:00,14.0,17.0,20.1,0,0.36,0,6.7,9.2,16.0,33.0,0,83.0,3.0,0,337.0,7.2,2.0,0.3,356,9,1,12
24.12.2019 10:00:00,12.0,27.0,21.8,0,0.28,0,3.4,7.7,11.0,47.0,0,76.0,4.0,0,61.0,48.0,2.0,1.4,356,10,1,12
24.12.2019 11:00:00,11.0,30.0,21.4,0,0.26,0,2.2,8.2,10.0,40.0,0,80.0,3.3,0,33.0,345.0,4.5,2.1,356,11,1,12
24.12.2019 12:00:00,10.0,40.0,20.4,0,0.22,0,0.8,5.6,6.4,39.0,0,86.0,1.5,0,355.0,352.0,3.8,3.2,356,12,1,12
24.12.2019 13:00:00,10.0,43.0,20.1,0,0.2,0,0.6,5.8,6.4,44.0,0,87.0,1.5,0,354.0,3.1,4.1,3.3,356,13,1,12
24.12.2019 14:00:00,8.0,47.0,19.9,0,0.2,0,0.5,4.5,5.0,36.0,0.2,87.0,1.3,0,1.2,11.0,3.8,3.2,356,14,1,12
24.12.2019 15:00:00,9.0,47.0,20.0,0,0.19,0,0.3,5.1,5.5,40.0,0,87.0,1.9,0,359.0,354.0,4.7,3.5,356,15,1,12
24.12.2019 16:00:00,14.0,50.0,20.0,0,0.19,0,0.8,4.5,5.3,46.0,0,86.0,2.1,0,1.4,353.0,3.7,3.3,356,16,1,12
24.12.2019 17:00:00,9.0,49.0,20.1,0,0.19,0,0.5,4.4,4.8,42.0,0,84.0,1.8,0,13.0,14.0,3.5,3.5,356,17,1,12
24.12.2019 18:00:00,11.0,42.0,20.0,0,0.22,0,0.6,7.6,8.3,39.0,0.2,84.0,1.7,0,349.0,312.0,1.7,1.6,356,18,1,12
24.12.2019 19:00:00,8.0,41.0,20.0,0,0.22,0,0.3,7.1,7.4,19.0,0,85.0,1.7,0,321.0,335.0,2.8,1.8,356,19,1,12
24.12.2019 20:00:00,6.0,48.0,20.1,0,0.19,0,0.5,4.2,4.7,27.0,0,84.0,1.7,0,3.5,6.9,3.6,2.9,356,20,1,12
24.12.2019 21:00:00,8.0,39.0,20.0,0,0.22,0,0.5,9.9,10.0,27.0,0,84.0,1.7,0,354.0,351.0,1.3,1.5,356,21,1,12
24.12.2019 22:00:00,9.0,44.0,20.1,0,0.21,0,0.4,5.7,6.1,45.0,0,84.0,2.2,0,28.0,35.0,2.9,2.3,356,22,1,12
24.12.2019 23:00:00,9.0,48.0,20.0,0,0.21,0,0.2,3.3,3.5,38.0,0,83.0,1.7,0,41.0,23.0,3.2,3.1,356,23,1,12
24.12.2019 24:00:00,12.0,45.0,19.8,0,0.22,0,0.3,3.4,3.8,42.0,0,83.0,1.4,0,2.1,339.0,2.1,2.1,356,24,1,12
25.12.2019 01:00:00,12.0,30.0,19.3,0,0.24,0,0.0,5.3,5.2,29.0,0,86.0,1.2,0,209.0,199.0,1.7,0.5,357,1,2,12
25.12.2019 02:00:00,8.0,27.0,18.8,0,0.22,0,0.2,2.6,2.9,16.0,0,89.0,1.2,0,204.0,211.0,2.3,2.0,357,2,2,12
25.12.2019 03:00:00,7.0,24.0,18.4,0,0.21,0,0.2,2.0,2.2,11.0,0,90.0,1.4,0,209.0,210.0,2.2,2.4,357,3,2,12
25.12.2019 04:00:00,6.0,21.0,17.7,0,0.21,0,0.1,1.8,1.8,10.0,0,90.0,1.5,0,209.0,213.0,2.9,2.9,357,4,2,12
25.12.2019 05:00:00,8.0,21.0,17.1,0,0.21,0,-0.1,1.2,1.1,10.0,0,90.0,1.6,0,212.0,212.0,3.2,3.4,357,5,2,12
25.12.2019 06:00:00,6.0,21.0,17.0,0,0.21,0,0.4,1.3,1.6,9.0,0,90.0,1.6,0,211.0,211.0,2.6,3.1,357,6,2,12
25.12.2019 07:00:00,5.0,19.0,17.1,0,0.25,0,0.9,3.6,4.5,11.0,0,89.0,1.6,0,207.0,203.0,3.2,3.1,357,7,2,12
25.12.2019 08:00:00,3.0,17.0,17.6,0,0.31,0,2.8,6.9,9.6,15.0,0,88.0,1.7,0,202.0,195.0,2.3,2.7,357,8,2,12
25.12.2019 09:00:00,4.0,14.0,18.6,0,0.37,0,7.0,11.0,18.0,12.0,0,87.0,2.0,0,193.0,180.0,1.1,1.4,357,9,2,12
25.12.2019 10:00:00,4.0,31.0,20.3,0,0.26,0,6.7,13.0,20.0,29.0,0,82.0,2.3,0,8.2,19.0,1.5,0.9,357,10,2,12
25.12.2019 11:00:00,5.0,32.75,21.1,0,0.0,0,1.556,9.545,11.765,37.958,6.711,78.0,2.183,0,27.0,32.0,0.9,1.2,357,11,2,12
25.12.2019 12:00:00,8.708,32.771,21.1,0,0.0,0,1.555,9.541,11.753,30.0,0,76.0,2.185,0,18.0,20.0,1.9,1.3,357,12,2,12
25.12.2019 13:00:00,3.0,48.0,21.7,0,0.21,0,1.5,5.2,6.7,21.0,0,74.0,1.4,0,11.0,28.0,1.6,1.0,357,13,2,12
25.12.2019 14:00:00,6.0,50.0,21.8,0,0.22,0,1.2,4.9,6.1,21.0,0,75.0,1.6,0,11.0,15.0,1.7,1.2,357,14,2,12
25.12.2019 15:00:00,10.0,53.0,21.8,0,0.23,0,0.8,4.8,5.5,31.0,0,77.0,1.6,0,359.0,6.3,2.2,1.8,357,15,2,12
25.12.2019 16:00:00,12.0,52.0,21.8,0,0.28,0,1.0,7.0,8.0,50.0,0,79.0,1.8,0,357.0,2.2,2.1,1.9,357,16,2,12
25.12.2019 17:00:00,13.0,46.0,21.3,0,0.28,0,1.9,12.0,13.0,58.0,0,81.0,2.0,0,353.0,346.0,1.5,1.7,357,17,2,12
25.12.2019 18:00:00,9.0,48.0,20.9,0,0.24,0,0.5,7.5,8.0,23.0,0,82.0,1.8,0,317.0,345.0,0.7,1.0,357,18,2,12
25.12.2019 19:00:00,6.0,38.0,20.3,0,0.29,0,0.7,7.6,8.2,16.0,0,84.0,1.7,0,251.0,219.0,2.2,1.1,357,19,2,12
25.12.2019 20:00:00,8.0,22.0,19.1,0,0.25,0,1.2,5.1,6.4,14.0,0,87.0,1.8,0,216.0,213.0,2.9,2.7,357,20,2,12
25.12.2019 21:00:00,7.0,14.0,18.3,0,0.23,0,1.2,3.6,4.8,11.0,0,88.0,1.9,0,213.0,210.0,3.0,3.2,357,21,2,12
25.12.2019 22:00:00,6.0,17.0,18.5,0,0.21,0,1.2,4.0,5.2,9.0,0,87.0,1.8,0,214.0,207.0,2.8,2.9,357,22,2,12
25.12.2019 23:00:00,3.0,17.0,18.6,0,0.2,0,1.1,3.6,4.6,7.0,0,86.0,1.7,0,208.0,208.0,2.3,3.0,357,23,2,12
25.12.2019 24:00:00,3.0,16.0,18.5,0,0.19,0,1.0,3.5,4.5,7.0,0,87.0,1.8,0,207.0,199.0,2.5,2.4,357,24,2,12
26.12.2019 01:00:00,5.0,17.0,18.4,0,0.19,0,0.5,2.8,3.3,12.0,0,86.0,1.9,0,211.0,213.0,2.9,2.6,358,1,3,12
26.12.2019 02:00:00,5.0,18.0,18.2,0,0.16,0,0.5,1.1,1.6,6.0,0,85.0,2.2,0,213.0,210.0,3.6,3.1,358,2,3,12
26.12.2019 03:00:00,4.0,17.0,18.3,0,0.17,0,0.3,1.3,1.6,4.0,0,85.0,2.1,0,206.0,194.0,2.6,2.7,358,3,3,12
26.12.2019 04:00:00,5.0,14.0,17.9,0,0.2,0,0.6,2.2,2.8,7.0,0,87.0,2.1,0,206.0,213.0,2.2,2.4,358,4,3,12
26.12.2019 05:00:00,4.0,11.0,17.8,0,0.27,0,0.5,6.5,7.1,16.0,0,88.0,2.2,0,208.0,209.0,2.5,2.5,358,5,3,12
26.12.2019 06:00:00,7.0,8.9,17.7,0,0.35,0,1.0,9.7,11.0,16.0,0,88.0,2.5,0,211.0,212.0,2.8,2.8,358,6,3,12
26.12.2019 07:00:00,8.0,8.3,17.7,0,0.37,0,5.5,9.3,15.0,15.0,0,88.0,3.0,0,206.0,201.0,3.0,2.8,358,7,3,12
26.12.2019 08:00:00,12.0,8.6,17.9,0,0.41,0,7.5,9.9,17.0,18.0,0,87.0,3.2,0,208.0,205.0,2.2,3.0,358,8,3,12
26.12.2019 09:00:00,15.0,8.4,19.3,0,0.54,0,13.0,12.0,26.0,15.0,0,85.0,3.4,0,202.0,215.0,1.4,1.6,358,9,3,12
26.12.2019 10:00:00,17.0,14.0,21.2,0,0.51,0,10.0,14.0,25.0,27.0,0,79.0,3.7,0,220.0,221.0,2.5,2.5,358,10,3,12
26.12.2019 11:00:00,15.0,24.0,22.4,0,0.43,0,4.3,13.0,17.0,21.0,0,72.0,4.1,0,257.0,327.0,2.9,1.2,358,11,3,12
26.12.2019 12:00:00,15.0,38.0,21.5,0,0.3,0,2.0,9.6,12.0,33.0,0,82.0,3.3,0,351.0,346.0,4.8,3.0,358,12,3,12
26.12.2019 13:00:00,15.0,41.0,20.7,0,0.23,0,1.4,6.0,7.3,26.0,0,84.0,2.6,0,344.0,331.0,3.0,3.3,358,13,3,12
26.12.2019 14:00:00,10.0,45.0,20.6,0,0.23,0,1.6,5.2,6.9,21.0,0,84.0,2.3,0,347.0,355.0,4.6,2.9,358,14,3,12
26.12.2019 15:00:00,12.0,50.0,20.5,0,0.24,0,0.8,4.5,5.2,26.0,0,84.0,2.2,0,16.0,16.0,3.1,3.1,358,15,3,12
26.12.2019 16:00:00,17.0,50.0,20.4,0,0.23,0,0.3,4.6,5.0,32.0,0,84.0,2.3,0,20.0,22.0,6.1,4.0,358,16,3,12
26.12.2019 17:00:00,14.0,54.0,20.2,0,0.25,0,0.5,2.9,3.4,31.0,0,82.0,2.2,0,21.0,21.0,7.9,8.5,358,17,3,12
26.12.2019 18:00:00,15.0,31.0,19.7,0,0.46,0,0.9,11.0,12.0,41.0,0,82.0,2.2,0,25.0,25.0,7.9,7.9,358,18,3,12
26.12.2019 19:00:00,16.0,35.0,18.8,0,0.47,0,0.6,8.0,8.6,42.0,0,80.0,2.2,0,29.0,30.0,7.6,7.7,358,19,3,12
26.12.2019 20:00:00,15.0,41.0,18.5,0,0.39,0,0.7,4.4,5.1,53.0,0,77.0,2.1,0,28.0,30.0,8.6,7.4,358,20,3,12
26.12.2019 21:00:00,13.0,38.0,18.3,0,0.36,0,0.7,3.8,4.5,70.0,0,76.0,2.0,0,26.0,29.0,7.3,7.7,358,21,3,12
26.12.2019 22:00:00,18.0,37.0,18.0,0,0.36,0,0.6,3.9,4.5,70.0,0,74.0,2.1,0,24.0,23.0,12.0,9.7,358,22,3,12
26.12.2019 23:00:00,19.0,35.0,17.7,0,0.39,0,0.5,3.4,4.0,67.0,0,72.0,2.2,0,23.0,23.0,12.0,11.0,358,23,3,12
26.12.2019 24:00:00,17.0,33.0,17.3,0,0.41,0,0.3,3.6,3.9,74.0,0,70.0,2.0,0,22.0,21.0,11.0,11.0,358,24,3,12
27.12.2019 01:00:00,19.0,33.0,17.1,0,0.44,0,0.2,3.4,3.5,91.0,0,69.0,2.4,0,22.0,22.0,9.3,9.5,359,1,4,12
27.12.2019 02:00:00,16.0,31.0,16.7,0,0.47,0,0.4,4.2,4.5,83.0,0,70.0,2.3,0,22.0,25.0,9.9,9.2,359,2,4,12
27.12.2019 03:00:00,15.0,31.0,16.4,0,0.49,0,0.3,4.0,4.3,65.0,0,70.0,2.4,0,22.0,21.0,10.0,9.0,359,3,4,12
27.12.2019 04:00:00,16.0,29.0,16.4,0,0.51,0,0.2,4.1,4.3,71.0,0,70.0,2.3,0,22.0,21.0,11.0,9.3,359,4,4,12
27.12.2019 05:00:00,18.0,29.0,15.8,0,0.52,0,0.4,3.9,4.3,62.0,0,73.0,2.4,0,22.0,23.0,9.7,8.8,359,5,4,12
27.12.2019 06:00:00,21.0,29.0,15.7,0,0.54,0,0.6,4.0,4.6,82.0,0,72.0,2.4,0,25.0,26.0,8.4,7.9,359,6,4,12
27.12.2019 07:00:00,30.0,31.0,15.7,0,0.56,0,0.5,4.5,5.0,88.0,0,69.0,2.2,0,25.0,25.0,7.3,7.8,359,7,4,12
27.12.2019 08:00:00,27.0,32.0,15.8,0,0.57,0,0.8,5.0,5.8,89.0,0,67.0,2.4,0,24.0,25.0,8.3,7.6,359,8,4,12
27.12.2019 09:00:00,26.0,33.0,15.5,0,0.56,0,1.0,5.0,6.0,75.0,0,70.0,2.3,0,32.0,36.0,6.2,6.8,359,9,4,12
27.12.2019 10:00:00,23.0,35.0,15.8,0,0.53,0,1.3,4.6,5.9,92.0,0,66.0,2.4,0,25.0,24.0,7.9,6.9,359,10,4,12
27.12.2019 11:00:00,24.0,37.0,15.9,0,0.5,0,1.4,4.9,6.3,81.0,0,65.0,2.4,0,25.0,25.0,8.7,7.5,359,11,4,12
27.12.2019 12:00:00,24.0,42.0,15.9,0,0.44,0,1.2,4.0,5.2,79.0,0,65.0,2.4,0,25.0,27.0,7.9,7.7,359,12,4,12
27.12.2019 13:00:00,26.0,47.0,15.8,0,0.39,0,0.8,4.5,5.3,83.0,0,65.0,2.2,0,29.0,38.0,5.3,6.0,359,13,4,12
27.12.2019 14:00:00,24.0,51.0,15.7,0,0.34,0,1.0,3.9,4.9,93.0,0,65.0,2.2,0,31.0,39.0,5.8,5.7,359,14,4,12
27.12.2019 15:00:00,23.0,54.0,15.6,0,0.29,0,0.9,3.1,4.0,89.0,0,64.0,2.2,0,46.0,49.0,7.4,6.4,359,15,4,12
27.12.2019 16:00:00,21.0,54.0,15.7,0,0.26,0,0.7,2.5,3.2,80.0,0,65.0,2.2,0,45.0,35.0,4.6,6.4,359,16,4,12
27.12.2019 17:00:00,18.0,54.0,16.0,0,0.25,0,0.8,2.1,2.8,76.0,0,66.0,2.2,0,48.0,49.0,6.9,6.7,359,17,4,12
27.12.2019 18:00:00,15.0,53.0,16.2,0,0.23,0,0.7,1.8,2.5,73.0,0,66.0,2.3,0,48.0,49.0,7.6,6.7,359,18,4,12
27.12.2019 19:00:00,20.0,53.0,16.5,0,0.19,0,0.6,1.4,2.0,74.0,0,66.0,2.1,0,49.0,46.0,7.3,7.5,359,19,4,12
27.12.2019 20:00:00,13.0,51.0,16.9,0,0.18,0,0.4,1.5,2.0,64.0,0,66.0,2.2,0,51.0,53.0,7.6,7.8,359,20,4,12
27.12.2019 21:00:00,17.0,51.0,17.2,0,0.17,0,0.4,1.3,1.7,68.0,0,67.0,2.0,0,50.0,50.0,9.0,8.0,359,21,4,12
27.12.2019 22:00:00,15.0,50.0,17.4,0,0.16,0,0.6,1.1,1.6,58.0,0,65.0,2.1,0,51.0,53.0,7.4,8.0,359,22,4,12
27.12.2019 23:00:00,16.0,48.0,17.4,0,0.16,0,0.6,1.4,2.0,53.0,0,62.0,2.0,0,59.0,54.0,6.6,5.7,359,23,4,12
27.12.2019 24:00:00,10.0,49.0,17.5,0,0.16,0,0.6,1.2,1.8,49.0,0,60.0,1.9,0,59.0,58.0,5.0,5.3,359,24,4,12
28.12.2019 01:00:00,14.0,48.0,17.6,0,0.16,0,0.8,1.2,1.9,45.0,0,59.0,2.2,0,71.0,64.0,4.5,3.8,360,1,5,12
28.12.2019 02:00:00,13.0,48.0,17.7,0,0.17,0,0.0,1.4,1.4,50.0,0,66.0,1.0,0,56.0,52.0,7.6,6.2,360,2,5,12
28.12.2019 03:00:00,13.0,48.0,17.6,0,0.16,0,0.2,1.4,1.6,43.0,0,67.0,1.1,0,51.0,49.0,7.9,8.5,360,3,5,12
28.12.2019 04:00:00,11.0,48.0,17.6,0,0.0,0,0.2,1.3,1.5,45.0,0,65.0,1.1,0,52.0,55.0,6.5,7.5,360,4,5,12
28.12.2019 05:00:00,13.0,48.0,17.7,0,0.16,0,0.2,1.5,1.7,39.0,0,64.0,1.2,0,58.0,53.0,6.6,5.3,360,5,5,12
28.12.2019 06:00:00,12.0,45.0,17.8,0,0.16,0,0.4,2.2,2.6,39.0,0,68.0,1.1,0,61.0,70.0,5.3,5.2,360,6,5,12
28.12.2019 07:00:00,15.0,44.0,17.9,0,0.17,0,0.2,2.7,2.9,42.0,0,70.0,1.2,0,63.0,60.0,6.6,5.3,360,7,5,12
28.12.2019 08:00:00,11.0,45.0,18.4,0,0.18,0,0.4,3.0,3.4,40.0,0,70.0,1.2,0,70.0,116.0,4.3,4.5,360,8,5,12
28.12.2019 09:00:00,10.0,43.0,18.2,0,0.18,0,0.8,3.9,4.6,33.0,0,72.0,1.4,0,110.0,118.0,2.4,3.0,360,9,5,12
28.12.2019 10:00:00,11.0,40.0,18.7,0,0.18,0,1.0,6.4,7.5,33.0,0,70.0,3.9,0,88.0,66.0,3.9,2.8,360,10,5,12
28.12.2019 11:00:00,11.0,43.0,19.1,0,0.18,0,0.5,4.2,4.6,46.0,0,71.0,1.4,0,61.0,89.0,1.7,4.2,360,11,5,12
28.12.2019 12:00:00,9.0,42.0,19.2,0,0.2,0,0.6,5.1,5.6,27.0,0,70.0,1.6,0,109.0,71.0,2.2,1.9,360,12,5,12
28.12.2019 13:00:00,12.0,38.0,19.4,0,0.19,0,1.5,9.5,11.0,52.0,0,72.0,2.4,0,62.0,52.0,3.4,2.5,360,13,5,12
28.12.2019 14:00:00,12.0,41.0,19.7,0,0.17,0,1.1,6.5,7.7,48.0,0,74.0,1.4,0,59.0,69.0,3.1,2.3,360,14,5,12
28.12.2019 15:00:00,12.0,44.0,20.0,0,0.18,0,0.5,4.7,5.1,34.0,0,74.0,1.7,0,75.0,87.0,2.7,2.5,360,15,5,12
28.12.2019 16:00:00,9.0,41.0,20.2,0,0.18,0,0.8,5.8,6.6,24.0,0,72.0,2.6,0,103.0,104.0,2.8,2.4,360,16,5,12
28.12.2019 17:00:00,7.0,32.0,20.2,0,0.2,0,0.9,13.0,14.0,21.0,0,73.0,9.2,0,106.0,122.0,1.7,2.1,360,17,5,12
28.12.2019 18:00:00,9.0,36.0,20.0,0,0.19,0,0.3,8.0,8.2,12.0,0,74.0,4.7,0,150.0,111.0,2.2,1.5,360,18,5,12
28.12.2019 19:00:00,8.0,25.0,20.3,0,0.21,0,0.5,19.0,20.0,21.0,0,73.0,15.0,0,110.0,121.0,2.1,0.8,360,19,5,12
28.12.2019 20:00:00,7.0,34.0,20.6,0,0.18,0,0.6,10.0,11.0,18.0,0,72.0,8.9,0,139.0,157.0,2.5,1.1,360,20,5,12
28.12.2019 21:00:00,8.0,38.0,20.7,0,0.18,0,0.5,5.7,6.2,16.0,0,74.0,3.9,0,117.0,146.0,1.4,2.0,360,21,5,12
28.12.2019 22:00:00,8.0,22.0,19.3,0,0.23,0,1.1,9.3,10.0,12.0,0,80.0,1.7,0,189.0,199.0,1.9,1.3,360,22,5,12
28.12.2019 23:00:00,8.0,17.0,18.4,0,0.21,0,1.3,8.7,10.0,13.0,0,85.0,1.7,0,196.0,195.0,2.9,2.3,360,23,5,12
28.12.2019 24:00:00,7.0,19.0,18.1,0,0.2,0,0.8,6.7,7.5,11.0,0,86.0,1.6,0,202.0,201.0,3.0,3.2,360,24,5,12
29.12.2019 01:00:00,5.0,29.0,19.0,0,0.2,0,0.6,4.5,5.1,18.0,0,80.0,0.9,0,202.0,202.0,1.8,2.3,361,1,6,12
29.12.2019 02:00:00,6.0,29.0,19.0,0,0.18,0,0.2,2.1,2.3,16.0,0,80.0,1.4,0,196.0,197.0,3.0,2.3,361,2,6,12
29.12.2019 03:00:00,4.0,27.0,19.0,0,0.18,0,0.1,1.2,1.3,10.0,0,80.0,1.2,0,199.0,203.0,3.3,2.4,361,3,6,12
29.12.2019 04:00:00,3.0,24.0,18.8,0,0.17,0,-0.1,0.9,0.8,7.0,0,82.0,1.1,0,200.0,203.0,3.9,3.1,361,4,6,12
29.12.2019 05:00:00,3.0,23.0,19.0,0,0.17,0,0.2,1.2,1.4,4.0,0,83.0,1.2,0,201.0,196.0,2.6,3.0,361,5,6,12
29.12.2019 06:00:00,5.0,24.0,19.8,0,0.18,0,0.1,1.8,1.9,8.0,0,82.0,1.2,0,198.0,196.0,2.4,2.1,361,6,6,12
29.12.2019 07:00:00,6.0,24.0,20.1,0,0.2,0,0.9,3.9,4.7,7.0,0.6,85.0,1.3,0,209.0,10.0,1.1,2.2,361,7,6,12
29.12.2019 08:00:00,4.0,20.0,20.0,0,0.24,0,1.4,8.5,10.0,10.0,0.4,86.0,1.4,0,213.0,223.0,3.0,1.4,361,8,6,12
29.12.2019 09:00:00,5.0,19.0,19.9,0,0.22,0,1.4,5.3,6.7,6.0,0.6,88.0,1.5,0,214.0,207.0,2.5,2.4,361,9,6,12
29.12.2019 10:00:00,3.0,12.0,20.0,0,0.29,0,6.8,9.4,16.0,4.0,1.8,89.0,1.7,0,212.0,337.0,0.7,1.0,361,10,6,12
29.12.2019 11:00:00,2.0,18.0,20.2,0,0.25,0,4.6,10.0,15.0,14.0,1.2,89.0,1.5,0,323.0,227.0,1.5,1.7,361,11,6,12
29.12.2019 12:00:00,4.0,17.0,20.2,0,0.25,0,2.3,8.4,11.0,8.0,1.8,89.0,1.5,0,209.0,211.0,0.8,1.6,361,12,6,12
29.12.2019 13:00:00,7.0,8.4,20.2,0,0.36,0,9.0,16.0,25.0,14.0,1.8,91.0,1.9,0,251.0,11.0,1.4,0.3,361,13,6,12
29.12.2019 14:00:00,10.0,8.0,20.1,0,0.37,0,11.0,20.0,30.0,30.0,2.0,91.0,2.2,0,29.0,99.0,0.9,0.7,361,14,6,12
29.12.2019 15:00:00,9.0,20.0,19.6,0,0.32,0,4.2,16.0,20.0,24.0,0.6,91.0,1.9,0,43.0,32.0,1.4,0.9,361,15,6,12
29.12.2019 16:00:00,12.0,17.0,19.4,0,0.37,0,3.9,19.0,23.0,25.0,1.2,92.0,2.0,0,18.0,4.4,1.5,1.0,361,16,6,12
29.12.2019 17:00:00,11.0,10.0,19.3,0,0.38,0,4.7,25.0,29.0,23.0,0.4,92.0,2.5,0,11.0,16.0,1.1,1.1,361,17,6,12
29.12.2019 18:00:00,10.0,14.0,19.3,0,0.34,0,1.5,19.0,21.0,18.0,0.6,93.0,2.2,0,5.4,167.0,0.5,0.4,361,18,6,12
29.12.2019 19:00:00,16.0,8.4,19.2,0,0.4,0,3.2,24.0,27.0,24.0,0,93.0,2.2,0,320.0,208.0,1.2,0.2,361,19,6,12
29.12.2019 20:00:00,12.0,3.6,19.2,0,0.46,0,8.4,24.0,32.0,17.0,3.4,93.0,2.2,0,217.0,274.0,1.2,0.8,361,20,6,12
29.12.2019 21:00:00,10.0,3.0,19.2,0,0.47,0,12.0,22.0,34.0,12.0,1.6,93.0,2.5,0,179.0,37.0,0.7,0.6,361,21,6,12
29.12.2019 22:00:00,6.0,4.4,19.3,0,0.4,0,8.8,16.0,25.0,9.0,0.2,93.0,2.3,0,192.0,216.0,1.3,0.9,361,22,6,12
29.12.2019 23:00:00,4.0,8.5,19.5,0,0.29,0,4.3,14.0,18.0,12.0,0,93.0,2.1,0,224.0,246.0,0.8,0.7,361,23,6,12
29.12.2019 24:00:00,5.0,15.0,19.8,0,0.21,0,2.2,7.8,10.0,8.0,0,92.0,2.1,0,214.0,220.0,1.4,1.6,361,24,6,12
30.12.2019 01:00:00,2.0,18.0,20.1,0,0.16,0,0.7,4.6,5.3,5.0,0.4,91.0,1.4,0,205.0,193.0,2.4,2.1,362,1,0,12
30.12.2019 02:00:00,2.0,30.0,20.9,0,0.12,0,0.1,2.3,2.5,2.0,0,89.0,1.8,0,197.0,186.0,5.3,4.3,362,2,0,12
30.12.2019 03:00:00,1.0,32.0,21.4,0,0.12,0,0.5,1.1,1.6,0.0,0,85.0,1.4,0,210.0,219.0,4.9,4.8,362,3,0,12
30.12.2019 04:00:00,1.0,30.0,21.6,0,0.11,0,0.5,0.5,1.0,2.0,0,83.0,1.2,0,223.0,226.0,1.3,2.1,362,4,0,12
30.12.2019 05:00:00,2.0,25.0,20.9,0,0.12,0,0.5,0.5,0.9,6.0,0,86.0,1.2,0,223.0,221.0,2.4,1.3,362,5,0,12
30.12.2019 06:00:00,1.0,28.0,20.9,0,0.12,0,0.6,0.6,1.2,5.0,0.2,84.0,1.4,0,216.0,222.0,2.4,2.0,362,6,0,12
30.12.2019 07:00:00,1.0,27.0,20.6,0,0.13,0,0.7,1.8,2.4,3.0,0,83.0,1.5,0,217.0,214.0,5.2,4.7,362,7,0,12
30.12.2019 08:00:00,1.0,27.0,20.3,0,0.14,0,0.7,2.8,3.5,4.0,0,84.0,1.4,0,214.0,214.0,5.9,5.6,362,8,0,12
30.12.2019 09:00:00,1.0,29.0,20.9,0,0.14,0,0.9,2.0,2.9,1.0,0,80.0,1.1,0,215.0,216.0,6.2,5.6,362,9,0,12
30.12.2019 10:00:00,2.0,26.0,21.6,0,0.15,0,1.2,4.0,5.2,3.0,0.2,79.0,1.3,0,228.0,350.0,2.8,2.8,362,10,0,12
30.12.2019 11:00:00,4.0,24.0,21.4,0,0.18,0,4.1,11.0,15.0,25.0,0.2,82.0,1.7,0,337.0,318.0,2.8,2.1,362,11,0,12
30.12.2019 12:00:00,6.0,22.0,21.2,0,0.2,0,3.1,8.7,12.0,15.0,0.8,86.0,1.9,0,354.0,64.0,1.9,0.9,362,12,0,12
30.12.2019 13:00:00,7.0,24.0,21.3,0,0.19,0,2.7,7.9,11.0,26.0,0.6,88.0,1.6,0,350.0,351.0,1.4,1.5,362,13,0,12
30.12.2019 14:00:00,7.0,25.0,21.1,0,0.18,0,2.9,7.9,11.0,19.0,0.6,89.0,1.5,0,17.0,11.0,3.0,2.2,362,14,0,12
30.12.2019 15:00:00,4.0,27.0,20.8,0,0.17,0,2.21,11.103,13.599,26.278,0,90.0,2.423,0,18.0,6.8,2.5,2.2,362,15,0,12
30.12.2019 16:00:00,8.319,32.181,20.6,0,0.0,0,1.3,8.3,9.6,16.0,0.2,90.0,2.425,0,10.0,349.0,3.2,2.4,362,16,0,12
30.12.2019 17:00:00,4.0,31.899,20.4,0,0.34,0,0.9,6.9,7.8,11.0,7.0,91.0,2.427,0,5.9,20.0,5.3,3.2,362,17,0,12
30.12.2019 18:00:00,5.0,32.0,20.3,0,0.41,0,0.8,6.7,7.5,13.0,4.4,91.0,1.6,0,3.6,360.0,3.9,2.7,362,18,0,12
30.12.2019 19:00:00,6.0,35.0,19.9,0,0.42,0,0.6,5.5,6.1,19.0,2.6,91.0,1.5,0,22.0,28.0,5.0,4.5,362,19,0,12
30.12.2019 20:00:00,4.0,33.0,19.9,0,0.43,0,0.8,4.8,5.6,18.0,2.6,91.0,1.5,0,23.0,5.4,2.5,4.1,362,20,0,12
30.12.2019 21:00:00,8.0,36.0,19.7,0,0.41,0,0.7,3.0,3.7,24.0,3.2,91.0,1.4,0,20.0,21.0,6.722,7.3,362,21,0,12
30.12.2019 22:00:00,13.0,41.0,19.2,0,0.38,0,0.4,2.3,2.8,41.0,1.2,90.0,1.5,0,20.0,20.0,7.1,8.6,362,22,0,12
30.12.2019 23:00:00,11.0,43.0,19.0,0,0.35,0,0.7,2.0,2.6,41.0,0.2,89.0,1.0,0,19.0,21.0,7.7,6.7,362,23,0,12
30.12.2019 24:00:00,11.0,45.0,19.0,0,0.28,0,0.4,1.4,1.8,40.0,8.4,88.0,0.7,0,22.0,20.0,7.2,6.7,362,24,0,12
31.12.2019 01:00:00,12.0,48.0,18.2,0,0.27,0,0.5,1.2,1.6,33.0,6.8,90.0,0.0,0,22.0,22.0,9.7,8.3,363,1,1,12
31.12.2019 02:00:00,11.0,50.0,18.0,0,0.25,0,0.3,2.5,2.8,39.0,3.2,90.0,1.8,0,24.0,23.0,9.1,7.6,363,2,1,12
31.12.2019 03:00:00,11.0,51.0,17.5,0,0.26,0,0.2,2.7,2.9,21.0,1.4,91.0,1.4,0,21.0,20.0,11.0,10.0,363,3,1,12
31.12.2019 04:00:00,12.0,52.0,17.2,0,0.28,0,0.1,3.0,3.1,33.0,0.8,90.0,1.6,0,22.0,23.0,9.7,10.0,363,4,1,12
31.12.2019 05:00:00,16.0,51.0,17.1,0,0.3,0,0.2,3.1,3.2,36.0,0.8,89.0,1.4,0,23.0,24.0,9.4,9.6,363,5,1,12
31.12.2019 06:00:00,17.0,50.0,17.0,0,0.3,0,0.3,3.1,3.4,44.0,1.8,88.0,1.2,0,24.0,27.0,8.0,8.9,363,6,1,12
31.12.2019 07:00:00,17.0,43.0,17.0,0,0.32,0,0.4,3.8,4.2,51.0,1.6,87.0,1.2,0,27.0,31.0,6.4,6.8,363,7,1,12
31.12.2019 08:00:00,13.0,41.0,17.1,0,0.32,0,0.4,4.1,4.4,40.0,1.8,88.0,1.2,0,22.0,21.0,6.786,10.0,363,8,1,12
31.12.2019 09:00:00,16.0,44.0,16.6,0,0.3,0,0.6,3.6,4.2,43.0,0.6,89.0,1.2,0,22.0,21.0,12.0,12.0,363,9,1,12
31.12.2019 10:00:00,17.0,44.0,16.6,0,0.26,0,0.7,3.6,4.3,47.0,0.8,87.0,1.1,0,23.0,21.0,12.0,11.0,363,10,1,12
31.12.2019 11:00:00,16.0,43.0,16.3,0,0.26,0,0.6,3.7,4.3,50.0,0.6,87.0,0.8,0,24.0,26.0,7.7,9.9,363,11,1,12
31.12.2019 12:00:00,15.0,43.0,16.1,0,0.29,0,0.6,4.2,4.8,56.0,1.2,86.0,0.8,0,28.0,27.0,7.9,7.8,363,12,1,12
31.12.2019 13:00:00,19.0,44.0,15.8,0,0.28,0,1.1,4.5,5.5,67.0,0.4,83.0,0.7,0,37.0,43.0,7.6,6.5,363,13,1,12
31.12.2019 14:00:00,19.0,43.0,16.0,0,0.26,0,1.1,3.9,5.0,62.0,0,79.0,0.7,0,40.0,43.0,6.6,6.7,363,14,1,12
31.12.2019 15:00:00,21.0,43.0,16.2,0,0.24,0,0.5,3.8,4.3,74.0,0,77.0,0.5,0,42.0,38.0,8.2,7.7,363,15,1,12
31.12.2019 16:00:00,26.0,44.0,16.0,0,0.24,0,0.6,4.0,4.7,81.0,0,82.0,0.6,0,29.0,42.0,6.8,7.0,363,16,1,12
31.12.2019 17:00:00,19.0,47.0,15.6,0,0.21,0,0.5,3.6,4.1,73.0,0,78.0,0.6,0,43.0,45.0,8.7,7.2,363,17,1,12
31.12.2019 18:00:00,20.0,46.0,15.5,0,0.16,0,0.7,3.3,4.0,76.0,0,78.0,0.2,0,43.0,43.0,8.5,6.9,363,18,1,12
31.12.2019 19:00:00,18.0,46.0,15.4,0,0.14,0,0.4,3.0,3.4,62.0,0,78.0,0.3,0,44.0,40.0,6.8,7.4,363,19,1,12
31.12.2019 20:00:00,15.0,46.0,15.6,0,0.13,0,0.5,2.3,2.9,58.0,0,74.0,0.3,0,49.0,47.0,8.3,8.6,363,20,1,12
31.12.2019 21:00:00,16.0,45.0,15.7,0,0.14,0,0.5,2.4,2.8,79.0,0,72.0,0.1,0,47.0,49.0,9.4,7.9,363,21,1,12
31.12.2019 22:00:00,16.0,44.0,15.9,0,0.16,0,0.2,2.3,2.5,77.0,0,71.0,0.3,0,45.0,39.0,7.0,7.3,363,22,1,12
31.12.2019 23:00:00,15.0,43.0,16.1,0,0.17,0,0.3,2.6,2.8,72.0,0,72.0,-0.1,0,44.0,44.0,6.7,6.9,363,23,1,12
31.12.2019 24:00:00,13.0,45.0,16.0,0,0.16,0,0.4,2.3,2.7,83.0,0,72.0,0.2,0,43.0,47.0,7.2,6.3,363,24,1,12
